2.532816707141678307e+02 6.167908424303868742e+01 1.419401068068752636e+02
2.532733301110508535e+02 6.172292693278004094e+01 1.419608374790748258e+02
2.532735246268832725e+02 6.171734491783179521e+01 1.419568351684625043e+02
2.532917560653573332e+02 6.177701412302831585e+01 1.420064013392120330e+02
2.532827965482281343e+02 6.177587650012967657e+01 1.419890599580317314e+02
2.533049536698653696e+02 6.187829203310305815e+01 1.420135984250111960e+02
2.532636573692028321e+02 6.205471199867965026e+01 1.420335864003961035e+02
2.532368790229410820e+02 6.212268054605899437e+01 1.421812062339377007e+02
2.532172977624784949e+02 6.224533751444132434e+01 1.422473887723103871e+02
2.531894171598330558e+02 6.233298163298988470e+01 1.424680935090656249e+02
2.531840886049088795e+02 6.232766486690401564e+01 1.425028116379411927e+02
2.531793612807393856e+02 6.231108976021502599e+01 1.424053356282271920e+02
2.531657510668898681e+02 6.225649564991865503e+01 1.423391825619503379e+02
2.531743510244500612e+02 6.221864169004786049e+01 1.423365006012307674e+02
2.531694940230589737e+02 6.220033362412468136e+01 1.423308006978992353e+02
2.531759719897201251e+02 6.220569754556385789e+01 1.422877832268408156e+02
2.531742213472284391e+02 6.218943484309055947e+01 1.422684731096597659e+02
2.531714038148680856e+02 6.223385518590998089e+01 1.422122934006083028e+02
2.531525711456393140e+02 6.229065970339282643e+01 1.421472838516492629e+02
2.531572336311979825e+02 6.235043500813429773e+01 1.421065593096456325e+02
2.531339801475962474e+02 6.236034942116803848e+01 1.420340107985759062e+02
2.531410947115271313e+02 6.230627991417726008e+01 1.419711114516775581e+02
2.531325419093202527e+02 6.205540754014099747e+01 1.420055761205290707e+02
2.531182007874944020e+02 6.194874213095041426e+01 1.419442093226133466e+02
2.530929667790535973e+02 6.181431990191686765e+01 1.418062032867281346e+02
2.530725249333930549e+02 6.173118501402871772e+01 1.417345330441138458e+02
2.530574823756867033e+02 6.167226440006601962e+01 1.416679496852380282e+02
2.530638719260604148e+02 6.160780303208921538e+01 1.415375769221701034e+02
2.530607478839035309e+02 6.166224388748732821e+01 1.415063895503737115e+02
2.530503972838516518e+02 6.159622639285124990e+01 1.414217869521137345e+02
2.530216678848466358e+02 6.150002357767665728e+01 1.412489979487421294e+02
2.530096020088180637e+02 6.143166010421332857e+01 1.411938674463018515e+02
2.530061007238346633e+02 6.143089382972201662e+01 1.411985829816329954e+02
2.530030061537736117e+02 6.143121802277603649e+01 1.411965022516681074e+02
2.529710819795817258e+02 6.142769316011600012e+01 1.410723539952373073e+02
2.529480524839082420e+02 6.140145120599816408e+01 1.410519534105109187e+02
2.529254591752528825e+02 6.131253389291019573e+01 1.410320833235093119e+02
2.529067502888265437e+02 6.123531110744347217e+01 1.408262619951429997e+02
2.528937413057317372e+02 6.117309551316813554e+01 1.406684330276094670e+02
2.528975019451583250e+02 6.108456723174498393e+01 1.405661059109235396e+02
2.528861905547827291e+02 6.098982623252305046e+01 1.404674392285384101e+02
2.528665857166434705e+02 6.089951783651238770e+01 1.402880425812840315e+02
2.528165892532949783e+02 6.098845872727701334e+01 1.401875014736047831e+02
2.528077181524532477e+02 6.102578218942305455e+01 1.401375875321245985e+02
2.528023365477565960e+02 6.105602645415320495e+01 1.401014960035838044e+02
2.527878009100983263e+02 6.105513639685945293e+01 1.400984014335227528e+02
2.528055607950392698e+02 6.105208308773253378e+01 1.400552955461768931e+02
2.527809515950298191e+02 6.095904557564897885e+01 1.400093544432131694e+02
2.527525228114021729e+02 6.081728479475632554e+01 1.399097269705043232e+02
2.527328354513946067e+02 6.066067007757055762e+01 1.397592247659915472e+02
2.526847193077594227e+02 6.049708226251384957e+01 1.395241376464763050e+02
2.526524650460943633e+02 6.040438662674180392e+01 1.393375851743569172e+02
2.526318994176313879e+02 6.031599981137858890e+01 1.393458550444439084e+02
2.525664772593308669e+02 6.022356942446891281e+01 1.391659102162072941e+02
2.525273736825973288e+02 6.010140758729635024e+01 1.390145415320774305e+02
2.524893428901515904e+02 6.004558154339471088e+01 1.389343597481904169e+02
2.524439912291042845e+02 5.994917242354938480e+01 1.387895869191050053e+02
2.524363756395444796e+02 5.989809728149388235e+01 1.385768160705443961e+02
2.524216631693113015e+02 5.978515431589371332e+01 1.385326079268149044e+02
2.523781093061089678e+02 5.965244736283686677e+01 1.384746304199184124e+02
2.522988470516115456e+02 5.949212505599697920e+01 1.381588604908872355e+02
2.522876653384575434e+02 5.939771414424822638e+01 1.379790512342913757e+02
2.522354938344375626e+02 5.913314903449413862e+01 1.377606217433334166e+02
2.522248661966849852e+02 5.908192653195953881e+01 1.375925541697121162e+02
2.521633815103859604e+02 5.895813783509773032e+01 1.374560394218753743e+02
2.521494471034824301e+02 5.883148445052224673e+01 1.373037276306792762e+02
2.521173932520689505e+02 5.876744158630608439e+01 1.371576933958927782e+02
2.520959552495696983e+02 5.875344823521090376e+01 1.370768868035743822e+02
2.520849032136373182e+02 5.871725060712517319e+01 1.370181665998632354e+02
2.520568575672553209e+02 5.877130832527763005e+01 1.370064661778228299e+02
2.521014193761346860e+02 5.883511541272722667e+01 1.370386614952962532e+02
2.521099014453115785e+02 5.884814207907952976e+01 1.371127484497677642e+02
2.520709864899912702e+02 5.885535684813618218e+01 1.370500436187018067e+02
2.520334154622403560e+02 5.885656520406479331e+01 1.368931872303303123e+02
2.519919482234220709e+02 5.877305307335015527e+01 1.367850128498337767e+02
2.519357685143706078e+02 5.865404475043029464e+01 1.365458232145804232e+02
2.518803963407445963e+02 5.856939499681701022e+01 1.363424952255204801e+02
2.518732994600711947e+02 5.839580435243910728e+01 1.362225261122769098e+02
2.518743722443590514e+02 5.828312074128215414e+01 1.361769504633013526e+02
2.518524037441350458e+02 5.820986489991276613e+01 1.361081861693348856e+02
2.518440867186947401e+02 5.825197463041991597e+01 1.360351778935703635e+02
2.518209570178954664e+02 5.814596350175654038e+01 1.359709994577134466e+02
2.518057435220333389e+02 5.803741187843350247e+01 1.359533987220899292e+02
2.518080953952797358e+02 5.802037111263056346e+01 1.359291019262961697e+02
2.517815999811378447e+02 5.803989932332068236e+01 1.359057600264069947e+02
2.517774974653997617e+02 5.798551741211421273e+01 1.358968240869544672e+02
2.517808278122273862e+02 5.793618701813123550e+01 1.358568893971188061e+02
2.517382936835404337e+02 5.798843514960035606e+01 1.358302937778511250e+02
2.517437401268479107e+02 5.805326197156531975e+01 1.357870287411878394e+02
2.517035696602456767e+02 5.806379529861127509e+01 1.357802383703109967e+02
2.516928418173673094e+02 5.806181477377219124e+01 1.357003748850588352e+02
2.517038761700422071e+02 5.810599933982505405e+01 1.356283804493905052e+02
2.516774573833494344e+02 5.804222172447126837e+01 1.355877561125126647e+02
2.516707495343408993e+02 5.804916535024638335e+01 1.355405123429137291e+02
2.516691285690708071e+02 5.799598590054935698e+01 1.355946466885153256e+02
2.516785065899606195e+02 5.800323603612100243e+01 1.356232051493645940e+02
2.516833282248367141e+02 5.801338033150213391e+01 1.356090821210478055e+02
2.516760780892650757e+02 5.793822059274278757e+01 1.355533150213377951e+02
2.516629512177869969e+02 5.780882630325607607e+01 1.354778959281352400e+02
2.516641713625539296e+02 5.781542215830052101e+01 1.354983083016999501e+02
2.516545104095442298e+02 5.777071888336123351e+01 1.355333683068870414e+02
2.516678317968547276e+02 5.777895928135241377e+01 1.355440843609270871e+02
2.516608351213071444e+02 5.788538301935727048e+01 1.356393204913587738e+02
2.516789250937212614e+02 5.782719331337089841e+01 1.355499434135760168e+02
2.516529365996274805e+02 5.773702048900101147e+01 1.355181253389291101e+02
2.516006177351283668e+02 5.769579492136844578e+01 1.354573715606064184e+02
2.515998573550562298e+02 5.763563058496215774e+01 1.353635559851932157e+02
2.515912632919152259e+02 5.757635630584962172e+01 1.353614222054558809e+02
2.516131080093367700e+02 5.753260792681489022e+01 1.353690495838540073e+02
2.516008476174757789e+02 5.750413788225308309e+01 1.353697097588003544e+02
2.516261700422040519e+02 5.752461509442859722e+01 1.353913658548086687e+02
2.516288520029236224e+02 5.748739773182750668e+01 1.352915084997524389e+02
2.515967097352227029e+02 5.746498125574705540e+01 1.352882135194398074e+02
2.515835887581637564e+02 5.752656614717185590e+01 1.352657911489401954e+02
2.515849680522481435e+02 5.756853441161907625e+01 1.352764836253035696e+02
2.516059580788908931e+02 5.761965081460872540e+01 1.352848065451630362e+02
2.516150708509183573e+02 5.770277391365854669e+01 1.353042227618890365e+02
2.516136031405465303e+02 5.773260556904722307e+01 1.353125279984910208e+02
2.516251915686228244e+02 5.768511423384340020e+01 1.353892674415862984e+02
2.516360314054653031e+02 5.769901327423195880e+01 1.352568316318109964e+02
2.515809480583783397e+02 5.767321929597057562e+01 1.353734762926461315e+02
2.515978060971871741e+02 5.764193171904840796e+01 1.353008275764506152e+02
2.516002110202060749e+02 5.768093509065616331e+01 1.353351861457572056e+02
2.516185839247400509e+02 5.776128191827977076e+01 1.353372668757220652e+02
2.515924185980713332e+02 5.774616862754344027e+01 1.353666918161884212e+02
2.515916700068375178e+02 5.775781599981137759e+01 1.353853417584231238e+02
2.515729611204112075e+02 5.774283238629665505e+01 1.352462216773159298e+02
2.515630054464432988e+02 5.772883903520147442e+01 1.352024379317662124e+02
2.515896187489684905e+02 5.769621342512908768e+01 1.352058095395279622e+02
2.515859229481526995e+02 5.770766038714545232e+01 1.351791196095536804e+02
2.515856164383561691e+02 5.766471364911701869e+01 1.351584714592223975e+02
2.515603942187536859e+02 5.766759012566901532e+01 1.351195447150637676e+02
2.515616792021314154e+02 5.770424751844953448e+01 1.350163157522457595e+02
2.515621448612453719e+02 5.772902176219555059e+01 1.349942234692193495e+02
2.515520123547025548e+02 5.771987951807228967e+01 1.349514712470233064e+02
2.515364628769480930e+02 5.762665927899464435e+01 1.348716195506094948e+02
2.514957560182019733e+02 5.754925966095301249e+01 1.348009749369297197e+02
2.514864487303421186e+02 5.756147879187984984e+01 1.346745455402824518e+02
2.514682055030297363e+02 5.748478060971871884e+01 1.346471188079126762e+02
2.514541296300662623e+02 5.742491688868978628e+01 1.345805472378751801e+02
2.514590986254214613e+02 5.743757220663475493e+01 1.346027750925423732e+02
2.514666375875321194e+02 5.743575083111310420e+01 1.345631174404074102e+02
2.514728738830075656e+02 5.741105321481621360e+01 1.346074906278735170e+02
2.514450581189729519e+02 5.741434230070969136e+01 1.346307087449602591e+02
2.514396470421804679e+02 5.737001626859689196e+01 1.347170266191969574e+02
2.514226180652158575e+02 5.735621153891495538e+01 1.346941857449367035e+02
2.514529920071676088e+02 5.734434607313795595e+01 1.347270648150331169e+02
2.514304163817697315e+02 5.730986372102893256e+01 1.346427569377313489e+02
2.514159632659797694e+02 5.726381062410110445e+01 1.346017671468653418e+02
2.513803079244571279e+02 5.730821328366302936e+01 1.344725791620493851e+02
2.513715429231603480e+02 5.732063282484143940e+01 1.344209676278499614e+02
2.513667625492184072e+02 5.731097776625091456e+01 1.344222408223893694e+02
2.513785042321929666e+02 5.726921580647442767e+01 1.344410852804564627e+02
2.513764588687430717e+02 5.724820809657416021e+01 1.344740645556786944e+02
2.513819171008888702e+02 5.720185438426897662e+01 1.345519062551576042e+02
2.513586459340296528e+02 5.721930186499422177e+01 1.344466024567938973e+02
2.513346084926791377e+02 5.727973145026289359e+01 1.343704642444533590e+02
2.513654421993256847e+02 5.722072831443189500e+01 1.343858133119562410e+02
2.513789050526960978e+02 5.717631386603164145e+01 1.344071570037488641e+02
2.513768420059887205e+02 5.710380661589606888e+01 1.344496557659208236e+02
2.513913304882936757e+02 5.711493527927758151e+01 1.344386803574375904e+02
2.513768361115695598e+02 5.713546554122557097e+01 1.344795404710819753e+02
2.513552743262679030e+02 5.725178600900667192e+01 1.344274868554452667e+02
2.513483601725885990e+02 5.735801523117911671e+01 1.343525569990333111e+02
2.513866738971541679e+02 5.738679767995661507e+01 1.342832739961804123e+02
2.513904522198382665e+02 5.741432461745219484e+01 1.343412161365619113e+02
2.513634086247141113e+02 5.744515832409874179e+01 1.343394831773277076e+02
2.513674109353264328e+02 5.735026996439771096e+01 1.343525511046141503e+02
2.513432497111734563e+02 5.728332704595289471e+01 1.343056786834225420e+02
2.513100228703463586e+02 5.717858321740975924e+01 1.343228078655129423e+02
2.513187878716431385e+02 5.717542380873788943e+01 1.342846179237498063e+02
2.513149329215099215e+02 5.711755240138636935e+01 1.343437035814490912e+02
2.513099816094122048e+02 5.717261217079668967e+01 1.343652830500082587e+02
2.513138070874495895e+02 5.716315752245773751e+01 1.343462853370429002e+02
2.513260792681489306e+02 5.714645273854714702e+01 1.343848643104708458e+02
2.513390528847287442e+02 5.721995025110225441e+01 1.344038502345978827e+02
2.513771956711385656e+02 5.721735670667012386e+01 1.343827128474760002e+02
2.513580152311791096e+02 5.730085115412727248e+01 1.343345318652299909e+02
2.513528045646382054e+02 5.736920283875227256e+01 1.343645698252894078e+02
2.513489672977624707e+02 5.731374224883879975e+01 1.342843526748874297e+02
2.513172258505646823e+02 5.722022139438379895e+01 1.342975267017188230e+02
2.512708131940678697e+02 5.721989720132977908e+01 1.342204807488270148e+02
2.512971317756348242e+02 5.715844198712658653e+01 1.342899936340272973e+02
2.513209570178954664e+02 5.713164006318817201e+01 1.343116084691014578e+02
2.513302643057553212e+02 5.705986372102893256e+01 1.342953045056940198e+02
2.513423950203946902e+02 5.709040860113644555e+01 1.342921627802796252e+02
2.513345141819725086e+02 5.703735293424185926e+01 1.343462204984320749e+02
2.513479947186004324e+02 5.697418833848112740e+01 1.343337007521278963e+02
2.513299754792162730e+02 5.694997406455567557e+01 1.342882488859547720e+02
2.513267748096102707e+02 5.696207530709924072e+01 1.343028139957088740e+02
2.513216230872609742e+02 5.697147690566571754e+01 1.343196484568410654e+02
2.513353394006554709e+02 5.695229057128710792e+01 1.342897991181949067e+02
2.513119916063471067e+02 5.706623558814514752e+01 1.342622132365076766e+02
2.512908365359677418e+02 5.717617239997170486e+01 1.341878905052696211e+02
2.513055254285242768e+02 5.719254120198995395e+01 1.342247483083017130e+02
2.513015879565227522e+02 5.724791927003513337e+01 1.342058213283663122e+02
2.512819772239643612e+02 5.713607266639944982e+01 1.341338033150213391e+02
2.513024898026548328e+02 5.719925494541767819e+01 1.341551882677480876e+02
2.513124985263952169e+02 5.723907174687006005e+01 1.341893464268030982e+02
2.512996369037795148e+02 5.712174922783108855e+01 1.341665703911536696e+02
2.512709192936128204e+02 5.705863768184283202e+01 1.341201872067526324e+02
2.512678424068092227e+02 5.710661825383726864e+01 1.340829580553132416e+02
2.512610815080282123e+02 5.702242826491877281e+01 1.341187961238299522e+02
2.512532360361209953e+02 5.702650130856105193e+01 1.341444132695164342e+02
2.512712611699243155e+02 5.707319689717775191e+01 1.340485464362341759e+02
2.512552813995708902e+02 5.708454954848749452e+01 1.340260651215429277e+02
2.512289392403272643e+02 5.707044420342819535e+01 1.340363567774031424e+02
2.512388772310376623e+02 5.720365218211397718e+01 1.340012378280244150e+02
2.512572265578949953e+02 5.737474948718553236e+01 1.340048098460377730e+02
2.512858557517742213e+02 5.742041355244854373e+01 1.340802643057553212e+02
2.513037099474217939e+02 5.746914271567679577e+01 1.340875144413269595e+02
2.512845059297856665e+02 5.748643694150378280e+01 1.340872491924645828e+02
2.513074293259142280e+02 5.740025463890788160e+01 1.340479216278027934e+02
2.513201907434041402e+02 5.733985452573503494e+01 1.340549359866078873e+02
2.513160116002169104e+02 5.729806309386273000e+01 1.340253872633390699e+02
2.513320149482470072e+02 5.728819583618230382e+01 1.340884280762973617e+02
2.513508122509607858e+02 5.724707047367552093e+01 1.340908035272204302e+02
2.513240987433098326e+02 5.724364581614127445e+01 1.339933098342489473e+02
2.513013580741753685e+02 5.720954070685874626e+01 1.340361858392473948e+02
2.512763421592436259e+02 5.722969372598024052e+01 1.340804882936835440e+02
2.512737427203923346e+02 5.724761276023860290e+01 1.340758081248673648e+02
2.512522045127673209e+02 5.724616273312427950e+01 1.340954247518449449e+02
2.512478426425859936e+02 5.724638082663334160e+01 1.340516704783910598e+02
2.512622780751184735e+02 5.723834673331290190e+01 1.340403708768537854e+02
2.512419423290029101e+02 5.724162403036805102e+01 1.339981019970292095e+02
2.512676066300426783e+02 5.724496027161483624e+01 1.340660705444085465e+02
2.512695753660434264e+02 5.729450875910687557e+01 1.341224447692924286e+02
2.512900290005422903e+02 5.731881144931978156e+01 1.341015077924221259e+02
2.512729764459010084e+02 5.733486784712234652e+01 1.341177115507038025e+02
2.512872704123735730e+02 5.738675052460330761e+01 1.341288284252469794e+02
2.512880661589607030e+02 5.731361846603635968e+01 1.340625987315210068e+02
2.512606040600759343e+02 5.726006177351283810e+01 1.339689953551977055e+02
2.512205161153420079e+02 5.719547662273359379e+01 1.340880979888241882e+02
2.512292752222195986e+02 5.717748096102609878e+01 1.340597458326456604e+02
2.512402918916369856e+02 5.717367316624619633e+01 1.340898073703817204e+02
2.512238464621696039e+02 5.715058472638106224e+01 1.340476563789404167e+02
2.512267583052366149e+02 5.710631174404074528e+01 1.340705208308773138e+02
2.511728361587249196e+02 5.707910310518001751e+01 1.339735517412114234e+02
2.511638059085657630e+02 5.701780114587508308e+01 1.339178966354655529e+02
2.511248025369580148e+02 5.702301181241600148e+01 1.338256077146158134e+02
2.510888053191238498e+02 5.701075731497418531e+01 1.337060688939711781e+02
2.510569577723811108e+02 5.695870369933746957e+01 1.336598153867917915e+02
2.510614080588498780e+02 5.697536132789475261e+01 1.336385306391908045e+02
2.510785490297785998e+02 5.697587414236200942e+01 1.336897354584679363e+02
2.510788083842218157e+02 5.695738924386390778e+01 1.337195553250182627e+02
2.510711338504703747e+02 5.691509089194350679e+01 1.338045469549430493e+02
2.510767040765802847e+02 5.690305448801075272e+01 1.337978685780303181e+02
2.510642963242402175e+02 5.688096220498432132e+01 1.337494989743710789e+02
2.510385789734279456e+02 5.685409544243510283e+01 1.337089276872656853e+02
2.510325254049465968e+02 5.680211255982835183e+01 1.335685226227807618e+02
2.510172411760545117e+02 5.675518119444510035e+01 1.335538514134817092e+02
2.510009902624195490e+02 5.673077829910640446e+01 1.335361327894749195e+02
2.510064131280503545e+02 5.680350953717020701e+01 1.334970233183222206e+02
2.509887357649777186e+02 5.681151415839482866e+01 1.334302277603565017e+02
2.509564343479593447e+02 5.680825454459717605e+01 1.333284370358144884e+02
2.509455002004102653e+02 5.678233678353335279e+01 1.332811402164430774e+02
2.509460012260391863e+02 5.679013510008723387e+01 1.332649423525805901e+02
2.509422170089359270e+02 5.673749793695328947e+01 1.332483083016999501e+02
2.509191344634899679e+02 5.668771956711385940e+01 1.332484261900832223e+02
2.509039032843703581e+02 5.664783792705066645e+01 1.332733890552424896e+02
2.508690495838540073e+02 5.658741423620116251e+01 1.330984662721335496e+02
2.508289852167967240e+02 5.659856647725933243e+01 1.330846733312899346e+02
2.508480890293070615e+02 5.662762596373753610e+01 1.330160328201259006e+02
2.508388760521538074e+02 5.659338528281423208e+01 1.329726557894985035e+02
2.508308242755758783e+02 5.661183481479734780e+01 1.329245632235399626e+02
2.508437684200598881e+02 5.660254521019498952e+01 1.329222644000660125e+02
2.508524037441350458e+02 5.660347652842288824e+01 1.329037087685379390e+02
2.508259142244123154e+02 5.653939829769174708e+01 1.328426013250654307e+02
2.508129523966708234e+02 5.654433192653196016e+01 1.329015396222856111e+02
2.507849656944804622e+02 5.647014476693466634e+01 1.328774196590667884e+02
2.508042109730507150e+02 5.647265578949850351e+01 1.328962935892297139e+02
2.508134416334614514e+02 5.647507250135571866e+01 1.328785631763846027e+02
2.507972260863414533e+02 5.645048098460377872e+01 1.329643977082498338e+02
2.508044349609789379e+02 5.642768726569683935e+01 1.330067962652960318e+02
2.507895810246858161e+02 5.641278617405041018e+01 1.329609082121047834e+02
2.507679249286775303e+02 5.642409167000683823e+01 1.328912361775870465e+02
2.507687206752646603e+02 5.642805271968499881e+01 1.328953917430976333e+02
2.508405677504538573e+02 5.660420743639921426e+01 1.331047084620281566e+02
2.510240551246080258e+02 5.681817485205007756e+01 1.335185733147855558e+02
2.511113455780067341e+02 5.695462476127602258e+01 1.338367186947398295e+02
2.511639002192723922e+02 5.708561643835616195e+01 1.339416570391153698e+02
2.511882854313535915e+02 5.708904109589040843e+01 1.340789144837667664e+02
2.511449850281753129e+02 5.729249876217197368e+01 1.340867481668356334e+02
2.511014311649730075e+02 5.739224412326409208e+01 1.341264647631622324e+02
2.510745054582321529e+02 5.740224105816612621e+01 1.341656037064107636e+02
2.510272675830523781e+02 5.741688279536934658e+01 1.341170867422724200e+02
2.509910876382241156e+02 5.733245702968429214e+01 1.339057659208261555e+02
2.509034317308372408e+02 5.711559545422394280e+01 1.336618253837266934e+02
2.508779737344682133e+02 5.703630372763068124e+01 1.335443260321127923e+02
2.508512838044939031e+02 5.702084856058284146e+01 1.334817331950109747e+02
2.507937306957772421e+02 5.697875061891401316e+01 1.333893912243887598e+02
2.507461509442859438e+02 5.684479404899440880e+01 1.332724282649187728e+02
2.507311614363520675e+02 5.680995213731638671e+01 1.332380225402588962e+02
2.506650849975243318e+02 5.674191875132624574e+01 1.331719814679461535e+02
2.506258517435691999e+02 5.665484639143658541e+01 1.330263067927286329e+02
2.505842607219484535e+02 5.651016787305778877e+01 1.328667271827034142e+02
2.505171114988329180e+02 5.642907834861952665e+01 1.326876547285030483e+02
2.504953964586329676e+02 5.638529460306981633e+01 1.326176702897696487e+02
2.504723846462169661e+02 5.631552825784547167e+01 1.325617911960955269e+02
2.504428889727206240e+02 5.627994364935279492e+01 1.324849987032277738e+02
2.503347028033857669e+02 5.620152429679579598e+01 1.324184919718011031e+02
2.503842866573927779e+02 5.623736236531252075e+01 1.323754862895810334e+02
2.503887487326998667e+02 5.625192747506660851e+01 1.322836453445877396e+02
2.503765649682880223e+02 5.621242307782991077e+01 1.321675842312498617e+02
2.503760993091740659e+02 5.622782519510527521e+01 1.321216372338669771e+02
2.504164053474170544e+02 5.625489236790606640e+01 1.322016716572748862e+02
2.504024945181901671e+02 5.622680546058991524e+01 1.322063400372527155e+02
2.503614693608091955e+02 5.615241789074104872e+01 1.322127001155306232e+02
2.503888607266640065e+02 5.610633532171739546e+01 1.322494695022752467e+02
2.504012920566807452e+02 5.612245655813076439e+01 1.322822012118925841e+02
2.504065086176408101e+02 5.615066724824935562e+01 1.322668580388088628e+02
2.504028776554358444e+02 5.612583995473086418e+01 1.322610461415132193e+02
2.503949437672411875e+02 5.609664489661188469e+01 1.322414413033739606e+02
2.503739773182750525e+02 5.610955367458090848e+01 1.322666929950722761e+02
2.503619644920189558e+02 5.610118359936812027e+01 1.322085858109541903e+02
2.503261676844363706e+02 5.601128191827977076e+01 1.321401928653950506e+02
2.502747094051352121e+02 5.595733619409143245e+01 1.320407658029377842e+02
2.502285266309857832e+02 5.591302195081696880e+01 1.318728927451489028e+02
2.502015419800532925e+02 5.590809421639591648e+01 1.318226840827104809e+02
2.502116862754344311e+02 5.590441020441845410e+01 1.317773618937589788e+02
2.502444415627284116e+02 5.588499988211161451e+01 1.318350741517930942e+02
2.502862329946007094e+02 5.597731827505717916e+01 1.318932815410369415e+02
2.502833034682762445e+02 5.590508216820314402e+01 1.318852238700398516e+02
2.502924869733336379e+02 5.582567844764577103e+01 1.319552613585457266e+02
2.503199667554759174e+02 5.583627071888336246e+01 1.320073326574399459e+02
2.503247294461603758e+02 5.582106901185957071e+01 1.319795051045669823e+02
2.503271107915026050e+02 5.581898828189470407e+01 1.320154021172753573e+02
2.503421238771131527e+02 5.581262230919764988e+01 1.321395916346403112e+02
2.503693030438780625e+02 5.588387404805130387e+01 1.322289038738122713e+02
2.503528399311531700e+02 5.590083229198594950e+01 1.322409992219366757e+02
2.503041284511824074e+02 5.588284252469761526e+01 1.321657274892132250e+02
2.503588876052153864e+02 5.592636102138495602e+01 1.322182998137363654e+02
2.503729399005022174e+02 5.611261287812698839e+01 1.322301004409025609e+02
2.503848878881474889e+02 5.624254355975762110e+01 1.322693749557918466e+02
2.503804376016787216e+02 5.634096267653785617e+01 1.322573621295357498e+02
2.504474217810576988e+02 5.645262655317944933e+01 1.324157274892132250e+02
2.504884174663428666e+02 5.654678989932332200e+01 1.324934277226322195e+02
2.504868849173602428e+02 5.655857284323202805e+01 1.326254803951618726e+02
2.505079456770329784e+02 5.654009973357225505e+01 1.325801876783061743e+02
2.505150838186405053e+02 5.650734444627826036e+01 1.324989566878079756e+02
2.505255876735906497e+02 5.648411454035319679e+01 1.324939110650036582e+02
2.505098436800037689e+02 5.646597151816659732e+01 1.325032065640251915e+02
2.504590278923914752e+02 5.634237733713720075e+01 1.324338233560465028e+02
2.503988694504043622e+02 5.624111711031994787e+01 1.323432025558201417e+02
2.503674875627755512e+02 5.619220522009761254e+01 1.323340838893735452e+02
2.503809445217268319e+02 5.619127979628887459e+01 1.323079362459623098e+02
2.503820114115954993e+02 5.618008629429655798e+01 1.323547791950581143e+02
2.504031782708131857e+02 5.619227595312757728e+01 1.324570532619715664e+02
2.503770718883361326e+02 5.619109117487563054e+01 1.324513120977058804e+02
2.503799306816306398e+02 5.619630184141654894e+01 1.324435373588286495e+02
2.503873340721005434e+02 5.610812722514323525e+01 1.323630962204984201e+02
2.503538655600877121e+02 5.604687242119161539e+01 1.323482363897861376e+02
2.503203439983024055e+02 5.599329804541060440e+01 1.322126942211114624e+02
2.502784111003701639e+02 5.604345365807652968e+01 1.320803762997194326e+02
2.502501827269940691e+02 5.593790229410793557e+01 1.319408141371749252e+02
2.502109671562964195e+02 5.591535024638672269e+01 1.318904640086765880e+02
2.501805519534105144e+02 5.587751396977341756e+01 1.318189941763138791e+02
2.501506967203451666e+02 5.574911583712540875e+01 1.316740032537193770e+02
2.501343927569377286e+02 5.575377242826491653e+01 1.316491700657817319e+02
2.501284688656779736e+02 5.573940772876240857e+01 1.316559132813052599e+02
2.500878740008959653e+02 5.570171881262820079e+01 1.315697486619668553e+02
2.500938155754132026e+02 5.568133001674014793e+01 1.315255346238181744e+02
2.500820503147619718e+02 5.566332256619432428e+01 1.314616685921769204e+02
2.500902612406573553e+02 5.561360903496569108e+01 1.314520430056822136e+02
2.500937861033173704e+02 5.564168415344352070e+01 1.314411560134864203e+02
2.500663475821092732e+02 5.569425058354750036e+01 1.314283828071581866e+02
2.500897189540942520e+02 5.569496380826633697e+01 1.314035967745738276e+02
2.500972755994624208e+02 5.565943814396529632e+01 1.314347546742743873e+02
2.500636833046471565e+02 5.548774550255817672e+01 1.314545422394077150e+02
2.500092306604107364e+02 5.536467592483436562e+01 1.314874213095041569e+02
2.500097611581354897e+02 5.533342371442718388e+01 1.314795640487586468e+02
2.500043265036663342e+02 5.531412538608445573e+01 1.314361221795204244e+02
2.499841911678023223e+02 5.539929384858415773e+01 1.313325277627142498e+02
2.499742295994152812e+02 5.544654940702142909e+01 1.312180286704547996e+02
2.499863072642821749e+02 5.554259896729776358e+01 1.312238700398462754e+02
2.500172058095395187e+02 5.557090986254214471e+01 1.312327175630113345e+02
2.500001002051257899e+02 5.557067408577558609e+01 1.312082203569660237e+02
2.499657593190767102e+02 5.552409638554216542e+01 1.311488989225001660e+02
2.499477223964350685e+02 5.553997005635064710e+01 1.311179237497937038e+02
2.499404958385400732e+02 5.552374272039233460e+01 1.310326138212340652e+02
2.499231662461980932e+02 5.549827293518496418e+01 1.309811083865795922e+02
2.499009442859500609e+02 5.542867752811638127e+01 1.309761865465777078e+02
2.498685721359017293e+02 5.540890764624054299e+01 1.308898333058260448e+02
2.498543017471058363e+02 5.536708674227242000e+01 1.308704229835192052e+02
2.498342194610142997e+02 5.533404262843939136e+01 1.308505941574517237e+02
2.498267865984485923e+02 5.531548110249215711e+01 1.308347322754815707e+02
2.497968193714191329e+02 5.525892415061419882e+01 1.307838634380968017e+02
2.497996604814561579e+02 5.522322165373824276e+01 1.306333317614882219e+02
2.497711963313135186e+02 5.518992407988116611e+01 1.306622438874873353e+02
2.497659738759342645e+02 5.513569542357296172e+01 1.307988706292881886e+02
2.498025546412656581e+02 5.513936764671209545e+01 1.309551257869049721e+02
2.497981809822460093e+02 5.517182821304788831e+01 1.309620045740692831e+02
2.498098578266097718e+02 5.510738452832858059e+01 1.309192405630349185e+02
2.497997665810011085e+02 5.514305755310871859e+01 1.308435149600358329e+02
2.498009985146063627e+02 5.512935892297173268e+01 1.307945559144601759e+02
2.497716502015891251e+02 5.506339447810812970e+01 1.307594487539197985e+02
2.497350812250960814e+02 5.502569377313559329e+01 1.306921757480018016e+02
2.496986006648904777e+02 5.499484238323155694e+01 1.306459870794331835e+02
2.496963843632848352e+02 5.501277910074741584e+01 1.305990557140499391e+02
2.496934489425412096e+02 5.506469714474335575e+01 1.306126246669653312e+02
2.497006931836936872e+02 5.510647678777733205e+01 1.306098248178624601e+02
2.496940914342300744e+02 5.510683634734633074e+01 1.305994506401339095e+02
2.496627861740504102e+02 5.502115507037936482e+01 1.305451158842807615e+02
2.496563848348383772e+02 5.491968264447221060e+01 1.304556209181147324e+02
2.496589017518213893e+02 5.482252493339306199e+01 1.304030603824299135e+02
2.496535673024780237e+02 5.482815410369462228e+01 1.303985747294461532e+02
2.496347405276684128e+02 5.480821328366302936e+01 1.303439098861198318e+02
2.495810070025699758e+02 5.493438922028623494e+01 1.302505363921439141e+02
2.495617440407422123e+02 5.503325041850376209e+01 1.302218482540730520e+02
2.495598637210289326e+02 5.514380024992337326e+01 1.302117746917218710e+02
2.495574411147525495e+02 5.511601395798457759e+01 1.302637516799094612e+02
2.495475561738146268e+02 5.515863650295899845e+01 1.301889338174616171e+02
2.495238900808714391e+02 5.507443472520218108e+01 1.302860797397024442e+02
2.495668073468040404e+02 5.503803079244570995e+01 1.302920389974771922e+02
2.495531617664395299e+02 5.500908919435078559e+01 1.303090031358310057e+02
2.495247978214226805e+02 5.499700563506472406e+01 1.302590538278357997e+02
2.495157145214910486e+02 5.492236460519180241e+01 1.301862459623228858e+02
2.495270730672199591e+02 5.492022493103529257e+01 1.302230566100016631e+02
2.495265307806568842e+02 5.484297856789191883e+01 1.302214002782165778e+02
2.495184200598872906e+02 5.478942776978756513e+01 1.302095583901162286e+02
2.495175005304977276e+02 5.476320939334637927e+01 1.301711503548440305e+02
2.495058001084573220e+02 5.472088156933016023e+01 1.301359488835970240e+02
2.494655235423101374e+02 5.467504067149223346e+01 1.300345118242048557e+02
2.494252175040671489e+02 5.462156650083700526e+01 1.299492549454176924e+02
2.494367293046943246e+02 5.464034022587414086e+01 1.299513592530591950e+02
2.494649517836512302e+02 5.467631386603164145e+01 1.299409614976540297e+02
2.494356447315681464e+02 5.472778393417112852e+01 1.299446160375356669e+02
2.494665255935680079e+02 5.471247612760238610e+01 1.299414094735104754e+02
2.494591516751939366e+02 5.474849102869403339e+01 1.299288602551104645e+02
2.494644153915073161e+02 5.475712635276919826e+01 1.300096845306863429e+02
2.494493197840284893e+02 5.475935444321316226e+01 1.299567703298517074e+02
2.494261252446183903e+02 5.470431235706033846e+01 1.299251644542946735e+02
2.494017105604413871e+02 5.461080918586282706e+01 1.299832244830594448e+02
2.494026006177351178e+02 5.463036686864876401e+01 1.300332032631504546e+02
2.494018579209204631e+02 5.461270718883361042e+01 1.300074918067573719e+02
2.493877584702803460e+02 5.460421922523754290e+01 1.300302678424068006e+02
2.493737120694126759e+02 5.461890811779407073e+01 1.300174710584018953e+02
2.493865795864475388e+02 5.460532148162120336e+01 1.299576721759837881e+02
2.493735647089335714e+02 5.458480300851154254e+01 1.298653007332657410e+02
2.493573079008794480e+02 5.457430504798057314e+01 1.297976210124254237e+02
2.493429373069577650e+02 5.458796831160257312e+01 1.297425140876617888e+02
2.493249180675736341e+02 5.455064484945653192e+01 1.296708968948199754e+02
2.492866927592955051e+02 5.457596727418480498e+01 1.296315339636432213e+02
2.492574328625657358e+02 5.459767052554641253e+01 1.296552707896163952e+02
2.492687265696838210e+02 5.461228868507297562e+01 1.296199750076627311e+02
2.492632152877655471e+02 5.463462263928512641e+01 1.295804175606535864e+02
2.492633685426638124e+02 5.465838893735411119e+01 1.296038596656685513e+02
2.492453905642138068e+02 5.460208544550020093e+01 1.296790901374578482e+02
2.492312085917053821e+02 5.455970457171150656e+01 1.296154304104873631e+02
2.492152229269327677e+02 5.458342960884634465e+01 1.296412892273595219e+02
2.492466342866573825e+02 5.455613255369815562e+01 1.296775693773135458e+02
2.492210701907434043e+02 5.448881239242685126e+01 1.295733973074293317e+02
2.491976221913092786e+02 5.449210147832032902e+01 1.295131386603164003e+02
2.492003630962204852e+02 5.450223398486313187e+01 1.294413033739655248e+02
2.492043595124136459e+02 5.451745337514441303e+01 1.294206670124725918e+02
2.491956180887935375e+02 5.453919199302100651e+01 1.293839270978237721e+02
2.491995378775375514e+02 5.453975196284158500e+01 1.293814927027090675e+02
2.491963372079315207e+02 5.449916888689788408e+01 1.293890375592389148e+02
2.491947810812722537e+02 5.445243793176620528e+01 1.293838504703746537e+02
2.491864581614127871e+02 5.441256218612218021e+01 1.294514417749275026e+02
2.491991488458727417e+02 5.440087355292009619e+01 1.295335097729469851e+02
2.492092754579963696e+02 5.440017211703958822e+01 1.295454047108198097e+02
2.491894996817013634e+02 5.436699832598495874e+01 1.295457465871313048e+02
2.491982646829981434e+02 5.428223657840756289e+01 1.295713519439794368e+02
2.491691698300049609e+02 5.424577959587862352e+01 1.295474913352038300e+02
2.491938969183976553e+02 5.423140900195694769e+01 1.295931671893051771e+02
2.491858922971730408e+02 5.425024167118571938e+01 1.296069778134062744e+02
2.491915745172470622e+02 5.423960813901398126e+01 1.295907976328012694e+02
2.491409178789521945e+02 5.428824888595477915e+01 1.295702496875957763e+02
2.491539563341428334e+02 5.427247542027208738e+01 1.295716348760992958e+02
2.491672777214533312e+02 5.430477094287128637e+01 1.295247270883927229e+02
2.491308325277627205e+02 5.433246881852262078e+01 1.294906573456251522e+02
2.491532077429090180e+02 5.440128616226157021e+01 1.294578018532053818e+02
2.491535437248013523e+02 5.442337255086884085e+01 1.293744429773890090e+02
2.491630632117511084e+02 5.444789922900997681e+01 1.293878409921486252e+02
2.491872362247424064e+02 5.447905123429137575e+01 1.293795121778699979e+02
2.491987774974653860e+02 5.452714380024992380e+01 1.294405606771508701e+02
2.491723233442576486e+02 5.452917148044231510e+01 1.294112064697144717e+02
2.491342159243628203e+02 5.441633461438709674e+01 1.294200304152028878e+02
2.491170219036616231e+02 5.435489118902223282e+01 1.293004326503666448e+02
2.489956086577228689e+02 5.417049017989767634e+01 1.291589783792705077e+02
2.488873576497771865e+02 5.400753306769151152e+01 1.288964527385471399e+02
2.487684613208214444e+02 5.382588475231650449e+01 1.286104142597788496e+02
2.486705491240893195e+02 5.368932284912644803e+01 1.284058955980477776e+02
2.486032525404946512e+02 5.357184118077004342e+01 1.282509725791620383e+02
2.486115224105816708e+02 5.357372150048334447e+01 1.281738794709169440e+02
2.485761912621130421e+02 5.353629193879235260e+01 1.281653266687100654e+02
2.485725661943272087e+02 5.354668379977837134e+01 1.282094581849904387e+02
2.486093120033951891e+02 5.357974559686888227e+01 1.282088215877207347e+02
2.485612135430174590e+02 5.354044160988376433e+01 1.281950109636196373e+02
2.485431471482800134e+02 5.351076910381250684e+01 1.281988718081720151e+02
2.485288413929691274e+02 5.350685520948765372e+01 1.281330016740150484e+02
2.484914000424398068e+02 5.342999787800910383e+01 1.280626871478084468e+02
2.485031535142527161e+02 5.349238441044019510e+01 1.279925789262725999e+02
2.485321481621201087e+02 5.354477990238842011e+01 1.280455756489755572e+02
2.485438839506755073e+02 5.358157286680970799e+01 1.280537276306792762e+02
2.485374177728526490e+02 5.355531912385353621e+01 1.280819560040553711e+02
2.485352898875344749e+02 5.347395256171456879e+01 1.279886709263669218e+02
2.485199879753849075e+02 5.340838304293495042e+01 1.280243675288237171e+02
2.485105097493693052e+02 5.338592530592035246e+01 1.280041025157381114e+02
2.485017742201683575e+02 5.336169334873741832e+01 1.279310883455544285e+02
2.485225343644637235e+02 5.336600806356541682e+01 1.279541001579704300e+02
2.484754615330205354e+02 5.334598472166553051e+01 1.279415509395704191e+02
2.484771885978355783e+02 5.337401268479003846e+01 1.279509937990710426e+02
2.484670148303586075e+02 5.340202885907622488e+01 1.279366998325984923e+02
2.484811496475137460e+02 5.341800273501048935e+01 1.278370252045363458e+02
2.484974595053403448e+02 5.343076415250041578e+01 1.278831902954282924e+02
2.484930976351590175e+02 5.344834131044726888e+01 1.279430127555230712e+02
2.485081401928653975e+02 5.350386673897153855e+01 1.279311355009077431e+02
2.485079103105180138e+02 5.353025015914931828e+01 1.279370947586824769e+02
2.485058413693914474e+02 5.350130266663523315e+01 1.278861846603635684e+02
2.484229186805932272e+02 5.345709452290571306e+01 1.277515679154976027e+02
2.484091316341687730e+02 5.330626812533893144e+01 1.276803279654822774e+02
2.483434619102633576e+02 5.319469855940395320e+01 1.276298953151156468e+02
2.483537064107702861e+02 5.315799401127012658e+01 1.275304210973050658e+02
2.483357284323202805e+02 5.318004503336241129e+01 1.275623452714969517e+02
2.483647053969301908e+02 5.323219885412491692e+01 1.276181182656261086e+02
2.483583688963289546e+02 5.324503689906396886e+01 1.276647018602786829e+02
2.483597540848324741e+02 5.324494258835733973e+01 1.276770919293612820e+02
2.483616167212882715e+02 5.330030297314502974e+01 1.276523943130643914e+02
2.483929986089170825e+02 5.335476151180062487e+01 1.276902541673543539e+02
2.483955449979958985e+02 5.335096550585905106e+01 1.276977165020158935e+02
2.483741541508499893e+02 5.331815127437342028e+01 1.277025440313111488e+02
2.483572371678494903e+02 5.324063376794850910e+01 1.276694056067715053e+02
2.483680298493386545e+02 5.321380826633343730e+01 1.277398439157805399e+02
2.483705762384174704e+02 5.326191851554947476e+01 1.277680015561266629e+02
2.483988340838893691e+02 5.325927781576403675e+01 1.277733183222125319e+02
2.484091257397496122e+02 5.334898498101996722e+01 1.277412821540565346e+02
2.484064673567066563e+02 5.342423903048593559e+01 1.278021007709900232e+02
2.484235788555395743e+02 5.342721571216372212e+01 1.278036274255534863e+02
2.483611274844976720e+02 5.336528305000825156e+01 1.276958184990451031e+02
2.483185226227807618e+02 5.327316506731426671e+01 1.275886461698064238e+02
2.482299118194893026e+02 5.319548841157192243e+01 1.274547485440784698e+02
2.481389314596939641e+02 5.313861316105911214e+01 1.272344210501497201e+02
2.479027656614717046e+02 5.287856907080376345e+01 1.268946372574446571e+02
2.477001155306156193e+02 5.262974206021738866e+01 1.265013675052460371e+02
2.475638011930304287e+02 5.249464197297998425e+01 1.262125822271473368e+02
2.475179013510008588e+02 5.235819206375403922e+01 1.260637481432579676e+02
2.474553792469289988e+02 5.226571452149105568e+01 1.259424468912833390e+02
2.473874991158371301e+02 5.213793530285525435e+01 1.257837514441326903e+02
2.472871996793435869e+02 5.201592672058095701e+01 1.254975479216277989e+02
2.472354172069884157e+02 5.197644000660174868e+01 1.254327741494353177e+02
2.471958067102067673e+02 5.195352250489236923e+01 1.254104519840614955e+02
2.471404227477424342e+02 5.195553839624643189e+01 1.252773324216631750e+02
2.470968512012826181e+02 5.189730742932591312e+01 1.252293754273453885e+02
2.470801287341145382e+02 5.180458821587721019e+01 1.252082380402235202e+02
2.470422983519204081e+02 5.181203286728126045e+01 1.251167212882842534e+02
2.469909697498408434e+02 5.175093131822789871e+01 1.250795333977789880e+02
2.469589630537806784e+02 5.171008888784098900e+01 1.250009961568387098e+02
2.469157510668898681e+02 5.158936528894442830e+01 1.248719142715676753e+02
2.468981031759130360e+02 5.156060641784358722e+01 1.248051658689552710e+02
2.468461497654021173e+02 5.157922099356329682e+01 1.247422252611227691e+02
2.468306356541626485e+02 5.157926225449744351e+01 1.247412467875415558e+02
2.467878834319666055e+02 5.153742366727182400e+01 1.247273713248296474e+02
2.467792952632447623e+02 5.155005540754014248e+01 1.247078018532053818e+02
2.467684377431448013e+02 5.156114280998750132e+01 1.248235859288425758e+02
2.467549984674510313e+02 5.158880531912385692e+01 1.248131528069224032e+02
2.467632152877655471e+02 5.157292575389621447e+01 1.248569660245679387e+02
2.467502004102515798e+02 5.151599745361092175e+01 1.248510598165656802e+02
2.467269940820031593e+02 5.150400820503147514e+01 1.248529460306981349e+02
2.467505481809822356e+02 5.155218918727748445e+01 1.248439924079881109e+02
2.467666045787848077e+02 5.161955650390210337e+01 1.248758458491500249e+02
2.467631799212505541e+02 5.152581166151887260e+01 1.249192818239690723e+02
2.467551281446726250e+02 5.152038290146889210e+01 1.249483295216089402e+02
2.468029849338646216e+02 5.156360667719803104e+01 1.249636609058543399e+02
2.468093214344658577e+02 5.151745337514441303e+01 1.249750135571640755e+02
2.467517860090066790e+02 5.150078395774880136e+01 1.249222761889043483e+02
2.466370570343998168e+02 5.137630561384481354e+01 1.247377101360431908e+02
2.465028057435220319e+02 5.121502841110036996e+01 1.244818569778134076e+02
2.464051234291372907e+02 5.113923207507131963e+01 1.242740669134463474e+02
2.463040046683799744e+02 5.102945441256218828e+01 1.240869485770872132e+02
2.462124466555065680e+02 5.093350505741164369e+01 1.239586329663075048e+02
2.462202626553179527e+02 5.094411501190672453e+01 1.239422582698700808e+02
2.462109966283922518e+02 5.090140405064484952e+01 1.239704335934737003e+02
2.461683622945794809e+02 5.084188810034659411e+01 1.239750489236790543e+02
2.461591021620729407e+02 5.089716596326597653e+01 1.239303220710631166e+02
2.461670596279442691e+02 5.088348501638648713e+01 1.239398710301086908e+02
2.461278912125999057e+02 5.086822436517105928e+01 1.238766121236413369e+02
2.460746999740645435e+02 5.089793223775728848e+01 1.237666458397189473e+02
2.460511222974088241e+02 5.085662414825642941e+01 1.236310034659184680e+02
2.460248272935184843e+02 5.085897602150284058e+01 1.235827812227383049e+02
2.459757267818829121e+02 5.081934194704453489e+01 1.235153549619220570e+02
2.459752080729964803e+02 5.080068611039067861e+01 1.235112760238606029e+02
2.459290783486195267e+02 5.073471577110791486e+01 1.235491299837314045e+02
2.459470091717162177e+02 5.071677315917289519e+01 1.236047674062197927e+02
2.459421639591634516e+02 5.073350741517931084e+01 1.235747707070945296e+02
2.459353382217716160e+02 5.071607172329238722e+01 1.235063011340862431e+02
2.459589925258765106e+02 5.072590950887699535e+01 1.235067550043618638e+02
2.459633543960578095e+02 5.070276801923938592e+01 1.235017270648150287e+02
2.459892367906066397e+02 5.064149553203027665e+01 1.235022221960248032e+02
2.459693843868625152e+02 5.065596633107773528e+01 1.234268325749180661e+02
2.459698087850423178e+02 5.068518496687336494e+01 1.234647690566571612e+02
2.459728974606842371e+02 5.071825855280220452e+01 1.234508818051069312e+02
2.459249522552047722e+02 5.071144460424869749e+01 1.234034140475797585e+02
2.458623240515879615e+02 5.073710890528847273e+01 1.232496522292693300e+02
2.457817768137127814e+02 5.073869450404357195e+01 1.231591905783604091e+02
2.457860561620258011e+02 5.072210171409709289e+01 1.231940678565534171e+02
2.457897165963265991e+02 5.066167212882842819e+01 1.232213472284441025e+02
