1.738623908775740290e+02 3.294425880289043818e+01 7.721443687955111557e+01
1.728318714060955301e+02 3.260809907689737486e+01 7.657189201230804088e+01
1.726106121994347120e+02 3.256479122286732775e+01 7.645119251493254353e+01
1.722962073430516625e+02 3.239688539882767060e+01 7.618352059925094011e+01
1.720178007045097104e+02 3.221012767497876439e+01 7.583235175361653546e+01
1.719034571098394792e+02 3.213940520446096372e+01 7.549074112749397614e+01
1.719303217632234748e+02 3.220890940228060373e+01 7.510434679698703064e+01
1.720678751931832551e+02 3.221311418347882949e+01 7.502825696503904851e+01
1.721254194338860941e+02 3.221831446751041028e+01 7.487702407306851171e+01
1.721509056987316058e+02 3.216444592957687831e+01 7.471618423067819492e+01
1.721693955975105439e+02 3.212484162454924075e+01 7.471576653718167904e+01
1.722362683263021665e+02 3.210448602815254304e+01 7.474465700402377877e+01
1.722683263021594655e+02 3.210740292106985549e+01 7.478991409437088578e+01
1.721797892040154352e+02 3.224548542945853313e+01 7.467348899377637395e+01
1.720562354677470864e+02 3.241245840468930339e+01 7.453590075602522802e+01
1.719487559695362222e+02 3.250140623477159352e+01 7.445610737507483634e+01
1.719522715564652060e+02 3.254694874900798141e+01 7.447886470907647549e+01
1.720283474652966333e+02 3.261878506884981022e+01 7.443142168943096237e+01
1.719214109686312213e+02 3.263439984406109318e+01 7.449289224900101658e+01
1.718668671595449950e+02 3.274916113222784020e+01 7.452032078860531783e+01
1.718150731659774806e+02 3.274748339668351349e+01 7.449620595074001983e+01
1.716424265207523945e+02 3.266908928894643793e+01 7.436787658549489777e+01
1.714719101123595522e+02 3.265440736254403475e+01 7.426672514375617595e+01
1.712862453531598419e+02 3.251979867173468364e+01 7.419416482185371819e+01
1.711946590924912641e+02 3.244336772343121567e+01 7.416455731450928113e+01
1.711149283655653619e+02 3.239310527268423812e+01 7.414182086518246706e+01
1.711387229717499849e+02 3.243561254751263334e+01 7.410630995642064534e+01
1.712466340865739483e+02 3.245558525820419504e+01 7.419715829191206069e+01
1.715002018851899948e+02 3.241033512941536543e+01 7.426467844562327514e+01
1.717421578046029822e+02 3.234479205825432047e+01 7.432463138548932591e+01
1.718665956587722690e+02 3.234190997312838789e+01 7.436137449006585598e+01
1.720019213900839645e+02 3.238011500494270933e+01 7.446290881750971380e+01
1.720233351433384712e+02 3.239030672625760587e+01 7.442212800913355863e+01
1.720478467900254884e+02 3.235925817635019541e+01 7.445866226696183787e+01
1.720280272336159726e+02 3.230723445135959082e+01 7.451338011500494929e+01
1.720099480667752800e+02 3.230460994388984375e+01 7.454110104005680171e+01
1.719859237291675242e+02 3.232638569817468266e+01 7.454355150856967782e+01
1.720499561421828787e+02 3.221101179287971661e+01 7.459817189479693411e+01
1.720942316528131641e+02 3.234353201620650964e+01 7.450822160032301156e+01
1.721491444244879858e+02 3.233639641897442374e+01 7.460873257870041186e+01
1.722291048828369640e+02 3.235916071453434029e+01 7.463111398855519951e+01
1.722732968547679775e+02 3.239111426701752805e+01 7.467277891483229268e+01
1.722323907383428718e+02 3.241104520835943958e+01 7.461238043523661645e+01
1.722504420589504832e+02 3.249012851036575711e+01 7.465467190175849055e+01
1.722869972014535733e+02 3.254160227225261792e+01 7.469561282597496188e+01
1.722658479874135082e+02 3.249660275956170352e+01 7.477516951394400735e+01
1.721835902148336856e+02 3.246920902774876794e+01 7.472478871670634248e+01
1.719721885746905627e+02 3.236062264177213166e+01 7.450671094217729262e+01
1.716980424098130129e+02 3.234326051543377645e+01 7.459027052615456910e+01
1.714795678264622723e+02 3.234885064672876354e+01 7.457705052698996440e+01
1.713922002701084750e+02 3.236727789148322643e+01 7.468089609178117882e+01
1.713327694471130371e+02 3.236802277821867335e+01 7.468647926151790273e+01
1.713856564053297689e+02 3.243130334294028216e+01 7.476488729237152597e+01
1.714729195383094691e+02 3.244676496386951214e+01 7.463890397226515461e+01
1.716281414031716963e+02 3.252724753908915289e+01 7.442645809838073490e+01
1.717389137184467245e+02 3.255528869582167317e+01 7.447005137630007710e+01
1.718400233908357961e+02 3.253681968171755301e+01 7.444061790791251099e+01
1.718717611350124628e+02 3.253333890257995620e+01 7.442449493894713441e+01
1.718101513442769033e+02 3.247752808988764173e+01 7.448132213914762190e+01
1.717648246383470507e+02 3.250020884674825794e+01 7.456855046433594225e+01
1.716597538392993840e+02 3.258271723542597442e+01 7.466666666666667140e+01
1.715582125502972701e+02 3.259176726118374035e+01 7.463955835874301670e+01
1.716215070381354053e+02 3.260850980883560624e+01 7.456703284463193881e+01
1.717781769071188762e+02 3.249883045820976690e+01 7.473630313409353221e+01
1.718880581429347103e+02 3.245326705929855393e+01 7.478461634852345696e+01
1.719595046155131399e+02 3.244267156760368920e+01 7.489694109129386845e+01
1.720418320036756938e+02 3.242747448588892212e+01 7.488366539966305879e+01
1.721181863748381318e+02 3.244981412639405249e+01 7.495979003940242080e+01
1.721325689542347277e+02 3.247476435125238226e+01 7.488865683694638165e+01
1.721222867326622463e+02 3.250504712974952071e+01 7.478059256784038666e+01
1.721479888058142933e+02 3.260507776060593699e+01 7.485635520654943775e+01
1.721579090263564638e+02 3.261469167258399438e+01 7.476826364813500447e+01
1.720826754660763243e+02 3.253166116703562949e+01 7.472441975411776127e+01
1.719719518817092023e+02 3.241185274911936176e+01 7.458215334920568296e+01
1.718346003369394168e+02 3.231751667293207220e+01 7.458850229035267887e+01
1.716971791765869000e+02 3.227427843448477773e+01 7.446274174011111313e+01
1.716051682608635076e+02 3.223233504587666687e+01 7.437098840204392047e+01
1.716409715550728947e+02 3.219416482185372530e+01 7.440581011653648602e+01
1.715306865488770995e+02 3.235056319006446302e+01 7.430318978600169544e+01
1.713955070102891796e+02 3.249697172215028473e+01 7.422212243988694524e+01
1.713148643192292297e+02 3.255510073374824032e+01 7.420091057182239069e+01
1.712929145259874986e+02 3.258722136363003585e+01 7.417840385391866675e+01
1.713364242652075120e+02 3.263488019158208431e+01 7.406729738384639461e+01
1.715253052643303704e+02 3.249910892054077038e+01 7.422603483563760562e+01
1.716777703521156297e+02 3.248833938988903469e+01 7.430549406179079597e+01
1.717746404355150958e+02 3.241511075839216005e+01 7.432137337621652762e+01
1.718383317321749360e+02 3.238332428330757295e+01 7.435391169959483193e+01
1.717956782646227509e+02 3.242556701892151239e+01 7.448317391364882667e+01
1.717643442908260454e+02 3.244304749175055491e+01 7.446735029168928577e+01
1.718013797808501408e+02 3.240179329741169312e+01 7.454655890174456090e+01
1.718212480681675913e+02 3.242274062626178477e+01 7.460409618088912964e+01
1.718497904570959065e+02 3.248626484552302429e+01 7.461782437380783506e+01
1.718862829455745498e+02 3.253342244127925653e+01 7.470334711721871201e+01
1.720953315790206375e+02 3.261761552705957712e+01 7.454225665873049422e+01
1.721697854447739644e+02 3.257104966375673882e+01 7.450796402266684026e+01
1.722481168984865576e+02 3.259148879885273686e+01 7.447028806928142330e+01
1.723267128914136208e+02 3.268758614928365347e+01 7.446701613689208443e+01
1.723492683402252794e+02 3.265455355526781034e+01 7.449514779388218244e+01
1.722218022082062987e+02 3.267810450691282398e+01 7.454318950753936690e+01
1.720032023168066075e+02 3.263759519930941622e+01 7.453840691700430909e+01
1.717811146847110138e+02 3.250610528660735099e+01 7.444739846567254915e+01
1.715617420603427945e+02 3.244205198891719988e+01 7.436271807081297425e+01
1.714878381576932043e+02 3.236486223076173019e+01 7.432694262283669673e+01
1.716049733372317974e+02 3.230405998078609997e+01 7.436733358394943139e+01
1.717331147404034937e+02 3.229975077621374879e+01 7.443772189967002362e+01
1.718698258218119577e+02 3.226310513345307385e+01 7.446251897024629329e+01
1.719475028890466888e+02 3.235087646018684637e+01 7.457565821533492567e+01
1.720739317488826714e+02 3.236617100371746858e+01 7.463038302493630738e+01
1.720365064115951839e+02 3.250037592414685861e+01 7.468064547568327782e+01
1.720742310958885071e+02 3.261746933433579443e+01 7.469644125140970914e+01
1.720554140038706237e+02 3.268860949835011098e+01 7.466553193266780397e+01
1.721168845634406921e+02 3.275234256435960845e+01 7.478717820196872879e+01
1.721058713782493044e+02 3.280877991729668963e+01 7.473262743132423225e+01
1.720692605432799951e+02 3.281943110145775222e+01 7.474947440235021645e+01
1.720790693788897840e+02 3.282456176990657326e+01 7.476916168915249727e+01
1.721593222226863134e+02 3.276753964607437553e+01 7.483079236456288186e+01
1.722147431881152215e+02 3.285776840287930156e+01 7.487052197763946992e+01
1.722937081436308802e+02 3.287084917087840807e+01 7.487123205658355118e+01
1.723873062946409789e+02 3.284795956726954103e+01 7.495299555852581364e+01
1.724588432674769933e+02 3.282348968993219529e+01 7.505228826420506039e+01
1.725232028737312646e+02 3.284438132631608198e+01 7.507528925274633025e+01
1.725255071495203367e+02 3.290122941119140165e+01 7.507892318616599425e+01
1.726115380866853286e+02 3.288232878047421792e+01 7.512878882809127390e+01
1.726665761664091008e+02 3.284044804589058941e+01 7.513887612603204502e+01
1.725565278531946660e+02 3.271545326705929568e+01 7.501921390083955998e+01
1.724083858930983126e+02 3.260614287902203756e+01 7.490836500842348755e+01
1.723098937666207178e+02 3.257638221739554041e+01 7.484069866198849752e+01
1.723364869192319873e+02 3.244780919761079474e+01 7.483485095303733203e+01
1.723046308285646546e+02 3.249252328641242826e+01 7.480516686855185071e+01
1.722323350458766811e+02 3.252936385280481346e+01 7.486306614872673038e+01
1.723048048675215398e+02 3.257593667766592915e+01 7.492785737159405812e+01
1.723362711109254803e+02 3.263336257187808798e+01 7.491790930481879229e+01
1.723521086560015476e+02 3.261595867619007549e+01 7.504037007643790957e+01
1.723616668755134071e+02 3.268782284226501389e+01 7.493045403283070982e+01
1.723488506467287777e+02 3.278159503223201199e+01 7.486697158291912046e+01
1.723853849045570428e+02 3.286342814975704130e+01 7.487725380449160184e+01
1.722910905977194034e+02 3.288461913314676366e+01 7.483196886791139946e+01
1.722565612686743748e+02 3.283329852554195583e+01 7.483248402322375625e+01
1.722620052072455792e+02 3.280956657338178672e+01 7.484785514389541561e+01
1.723088564944377197e+02 3.280408086546092505e+01 7.479112540551076904e+01
1.724912562828063471e+02 3.278707377859460337e+01 7.489090542026927722e+01
1.725164083928546574e+02 3.273921306545257437e+01 7.488299709006864191e+01
1.725112081088230696e+02 3.278392715425420789e+01 7.490221099090820189e+01
1.724565181070130677e+02 3.279831669520905280e+01 7.492676440694485507e+01
1.724857705748854926e+02 3.283071578742185892e+01 7.493909332665023726e+01
1.724940130598833150e+02 3.283318714060955301e+01 7.499532879439733790e+01
1.725267254222185045e+02 3.289494312406888810e+01 7.498929312337273245e+01
1.725816799632429763e+02 3.289989279200256078e+01 7.506267490915166718e+01
1.726466104172758094e+02 3.289024407223313062e+01 7.511504671205602790e+01
1.726760438856633755e+02 3.282135249154170964e+01 7.512972167690016079e+01
1.726078971917073943e+02 3.272788661013881040e+01 7.499110312852428706e+01
1.723996282527880908e+02 3.262691616891525115e+01 7.480377455689681199e+01
1.721664230121270407e+02 3.250970441223563512e+01 7.463464349860072389e+01
1.720742241343302226e+02 3.245290505826824301e+01 7.458823775113820886e+01
1.720053534383136196e+02 3.240507219135931649e+01 7.468091001489773362e+01
1.719546315247204973e+02 3.241272990546203658e+01 7.464735530401125629e+01
1.719803057516394347e+02 3.243009203180039890e+01 7.474575693023126632e+01
1.720227921417930190e+02 3.242958383804630529e+01 7.473594113306322129e+01
1.720088133327764126e+02 3.262578143491639082e+01 7.459821366414658428e+01
1.719074739289642650e+02 3.274197680408782674e+01 7.448347326065466234e+01
1.717880135889617463e+02 3.280334294028375552e+01 7.436202887654373228e+01
1.717124528354426900e+02 3.283411998941843279e+01 7.431575539868843805e+01
1.716088300405162670e+02 3.285106442226027923e+01 7.418681341631510406e+01
1.717583295044762792e+02 3.267208275900477332e+01 7.425340072121743162e+01
1.718926249251632612e+02 3.252495022485832976e+01 7.428530554279269893e+01
1.719875527338039376e+02 3.242373612909513980e+01 7.434805006752711165e+01
1.720700402378068361e+02 3.237499825961042887e+01 7.436983278337022796e+01
1.720947328850089946e+02 3.232699135374462429e+01 7.448107152304972089e+01
1.720216434846776110e+02 3.236141625941550615e+01 7.452620330534786319e+01
1.719526962115199922e+02 3.237612603205101180e+01 7.449321944223994763e+01
1.720133453072135694e+02 3.240528103810756733e+01 7.454126811745541659e+01
1.720833089678793613e+02 3.243874524873647403e+01 7.458270331230943384e+01
1.721513999693691517e+02 3.247440235022207133e+01 7.464377010149951275e+01
1.723646533840134794e+02 3.245111593779151349e+01 7.454388566336689337e+01
1.724840649931080634e+02 3.238158389373877100e+01 7.453965999749384252e+01
1.724855547665789572e+02 3.231125127048438372e+01 7.453935368892973656e+01
1.724489857009592981e+02 3.225581638193893497e+01 7.446583963354356683e+01
1.722887375910223682e+02 3.210807123066427238e+01 7.426426771368502955e+01
1.720338679810088820e+02 3.211286774431588498e+01 7.416858805675062172e+01
1.718795720033972430e+02 3.210500814502318434e+01 7.405316542054774231e+01
1.717674282611419869e+02 3.215125377664536188e+01 7.414493268173147555e+01
1.716906492349247344e+02 3.222812330312017082e+01 7.411144758642774377e+01
1.717329267783300679e+02 3.224509558219511973e+01 7.415075950600783017e+01
1.718510922684933746e+02 3.230537571530011576e+01 7.422315275051167305e+01
1.720342230204809084e+02 3.227056096236581340e+01 7.429253860184063285e+01
1.721409576319563257e+02 3.234448574969020740e+01 7.435623686005875754e+01
1.722424501900505334e+02 3.235619509070910738e+01 7.431634016958355460e+01
1.722614343594670174e+02 3.246040961808891012e+01 7.436941508987371208e+01
1.722316388900491404e+02 3.241323113765785280e+01 7.439357169708867445e+01
1.723048327137546494e+02 3.246099438898402667e+01 7.442687579187725078e+01
1.723090305333946048e+02 3.248012475112429343e+01 7.440899154866825427e+01
1.722854378123999197e+02 3.248534591983069220e+01 7.442335324338999669e+01
1.723247497319800061e+02 3.248002728930843830e+01 7.439827074892444614e+01
1.722132325299695026e+02 3.255086810631691918e+01 7.435645266836529288e+01
1.720357058323935178e+02 3.256807707837322141e+01 7.441301532935132457e+01
1.719663269426228283e+02 3.271355276165017045e+01 7.438406220848474959e+01
1.719321108837002043e+02 3.269540397922671104e+01 7.441703911003439487e+01
1.719568522618102975e+02 3.277797502192890988e+01 7.436716650655083072e+01
1.721490330395555759e+02 3.268081951464015589e+01 7.445476379432771807e+01
1.722947732620469878e+02 3.258230650348774304e+01 7.450388454951756501e+01
1.723728540996616800e+02 3.257171797335115571e+01 7.461790791250713539e+01
1.723651198084179157e+02 3.250058477089511655e+01 7.456942762067860997e+01
1.723162984002339044e+02 3.243135207384820973e+01 7.442931929883185660e+01
1.719681787171240330e+02 3.237833980758252750e+01 7.441423360204947812e+01
1.717986647731228231e+02 3.235146123108196292e+01 7.437404452612672401e+01
1.717134204920429283e+02 3.234666471743035032e+01 7.434504963591049886e+01
1.716488241928073251e+02 3.230123358812636525e+01 7.442420255349956904e+01
1.716602898792865801e+02 3.236291995600295479e+01 7.455361792183562386e+01
1.717484649764003279e+02 3.242068000501232206e+01 7.443894017236817717e+01
1.718289127438285675e+02 3.259162106845996476e+01 7.437963465742171820e+01
1.719496470489954447e+02 3.267252133717611429e+01 7.439770686270415467e+01
1.720618116759255258e+02 3.270322877072803891e+01 7.441628030018239315e+01
1.721407418236498188e+02 3.271906631580412750e+01 7.441167871016247659e+01
1.719796792113946822e+02 3.275064394414045665e+01 7.440035921640699712e+01
1.718652799242582319e+02 3.275184133216379223e+01 7.432250811021539505e+01
1.717239950990629609e+02 3.275543349623379896e+01 7.430864068613118434e+01
1.716102362752878605e+02 3.271344137671776764e+01 7.420736393634351202e+01
1.715623964468206566e+02 3.272375840608161468e+01 7.416924940478676831e+01
1.715903331801790443e+02 3.264853876891803708e+01 7.432413711485179419e+01
1.717000125308048837e+02 3.258976929395875999e+01 7.430620414073486302e+01
1.717497180568898614e+02 3.258360135332692664e+01 7.439990671511911557e+01
1.718534940060983160e+02 3.261414170948025060e+01 7.450337635576347850e+01
1.718974492850479692e+02 3.257461398159364308e+01 7.453438313632123879e+01
1.719705456469376088e+02 3.255829608899656336e+01 7.456949723626136972e+01
1.720778511061916163e+02 3.253347813374545439e+01 7.459907689737271141e+01
1.720795288417359359e+02 3.254387174025033858e+01 7.462748005513553551e+01
1.719708658786182696e+02 3.249408267546607476e+01 7.458950475474429709e+01
1.718111955780181859e+02 3.248040321345529691e+01 7.446858248750400833e+01
1.716951951324784602e+02 3.237167063475488504e+01 7.435360539103072597e+01
1.716177895660164552e+02 3.231258092811494720e+01 7.435987775503669184e+01
1.715476309817189531e+02 3.230080197151330168e+01 7.434768110493853044e+01
1.715438369324589587e+02 3.226301463319549612e+01 7.435421104660066760e+01
1.716387995488910292e+02 3.231663951658939027e+01 7.437751834370605764e+01
1.716423569051696632e+02 3.234888545452013631e+01 7.439601520404326607e+01
1.716377761998245717e+02 3.237506091363491123e+01 7.437774807512913355e+01
1.716682608635116765e+02 3.242628405942386394e+01 7.444346518524706369e+01
1.716773596201773842e+02 3.246533143978948033e+01 7.442730044693203695e+01
1.717232432507692579e+02 3.252291744984196953e+01 7.438175793269564906e+01
1.715854670509446862e+02 3.257858903136877871e+01 7.426052239533296984e+01
1.714633056263313904e+02 3.256056555699427690e+01 7.419966445289114176e+01
1.714507191289698369e+02 3.261604221488938293e+01 7.416217646157916477e+01
1.713132979686172916e+02 3.263274299319159866e+01 7.404037007643790957e+01
1.713296993999136646e+02 3.264843434554390456e+01 7.399961711429486400e+01
1.712996881221892806e+02 3.265700402378068645e+01 7.408699859376523023e+01
1.713804491597399249e+02 3.271947704774236598e+01 7.420512231457890095e+01
1.713887403756456820e+02 3.273503613048745109e+01 7.419983849184801272e+01
1.713775044205895028e+02 3.276889018837976408e+01 7.431235815825014868e+01
1.714693552204725506e+02 3.284815449090124417e+01 7.433035378639154089e+01
1.717490149395040646e+02 3.273175027498155032e+01 7.442775990977820300e+01
1.719478022360525244e+02 3.267762415939183995e+01 7.432126199128413191e+01
1.718846748256129615e+02 3.257851941578602606e+01 7.419972710691561701e+01
1.717917171379641559e+02 3.242970218453698550e+01 7.414393717889812763e+01
1.716801094356960959e+02 3.233957785110619199e+01 7.403266363142725481e+01
1.715639419127577412e+02 3.225097809893766510e+01 7.387420464196705439e+01
1.715430015454659269e+02 3.224511646686994482e+01 7.385495593333611453e+01
1.715164292775294825e+02 3.224697520292942698e+01 7.386089414254486485e+01
1.715586998593765315e+02 3.233217075310137290e+01 7.389458112303857718e+01
1.716685045180513214e+02 3.231940325522464974e+01 7.399058797321193026e+01
1.715620274842320612e+02 3.249057405009537547e+01 7.397321192375702026e+01
1.714468693872436518e+02 3.260816869248012750e+01 7.400873675563538256e+01
1.714105718223967187e+02 3.268186374838143848e+01 7.403086058783398471e+01
1.713924021552984414e+02 3.271129721676900459e+01 7.409594419614886363e+01
1.713447711735794883e+02 3.277898444787881260e+01 7.399170878409422869e+01
1.714541024462915857e+02 3.266736282249418366e+01 7.401565654456094023e+01
1.715042743967809713e+02 3.255952132325299431e+01 7.406841819472870725e+01
1.715704579313033378e+02 3.246457959149576311e+01 7.406855046433594225e+01
1.716672444760035035e+02 3.248529718892277174e+01 7.410909457973072278e+01
1.717683263021594655e+02 3.249776533979365922e+01 7.409457276916864998e+01
1.719321387299333139e+02 3.243392785041003634e+01 7.413997605223953258e+01
1.721132088606713637e+02 3.239277111788702967e+01 7.408811244308925836e+01
1.721685741336340811e+02 3.244720354204085311e+01 7.410132548069559277e+01
1.722324951617169972e+02 3.245517452626595656e+01 7.419148462191776616e+01
1.723232321122760027e+02 3.240608161730921921e+01 7.427842752321679143e+01
1.722212800913356432e+02 3.246489286161814647e+01 7.433170432869692945e+01
1.720302549322640289e+02 3.242313047352519106e+01 7.415622432925385965e+01
1.717981496178104521e+02 3.232046837364075742e+01 7.406509056987316342e+01
1.715021998524149751e+02 3.227876863957228437e+01 7.385407877699344681e+01
1.714251910947746467e+02 3.219470782339919168e+01 7.385372373752140618e+01
1.715239268757918865e+02 3.220327750163596647e+01 7.384816841401779186e+01
1.716057460702003539e+02 3.218125809281149685e+01 7.399020508750679426e+01
1.717085822090416798e+02 3.224833270679308583e+01 7.396181585286051074e+01
1.717810381075699979e+02 3.228591119836264056e+01 7.397752112832937144e+01
1.718465463709396772e+02 3.228983751722985573e+01 7.410233490664550970e+01
1.719223577405566346e+02 3.228282026648845005e+01 7.404059284630271520e+01
1.719772496275566311e+02 3.230598833242832768e+01 7.403278197791793502e+01
1.720402029990393089e+02 3.229103490525319131e+01 7.403314397894824594e+01
1.719916670147445927e+02 3.229325564234298440e+01 7.397901090180026529e+01
1.719292287985742860e+02 3.226945407460005555e+01 7.394957743341269918e+01
1.718433719003661793e+02 3.230887737911253765e+01 7.397738885872213643e+01
1.717842961168427962e+02 3.237667599515475558e+01 7.393094134190997124e+01
1.717587959288807156e+02 3.238452167133090853e+01 7.402155994597831068e+01
1.717960681118861714e+02 3.241822953649945305e+01 7.405281038107570168e+01
1.717795970650070387e+02 3.250652994166214427e+01 7.404646840148699027e+01
1.718809573534940114e+02 3.245128301519012126e+01 7.412878882809127390e+01
1.720167147014187776e+02 3.247784832156830248e+01 7.415149046962672230e+01
1.720775517591857806e+02 3.245852999735460997e+01 7.414622057001238886e+01
1.721800050123219705e+02 3.241715745652506797e+01 7.419011319493755252e+01
1.722183423137435057e+02 3.237352240925608982e+01 7.417834816145246180e+01
1.723278197791793787e+02 3.228405942386143579e+01 7.416253846260947569e+01
1.723742185650835950e+02 3.212786990239895601e+01 7.416961836737534952e+01
1.725689820809490129e+02 3.203435529008813631e+01 7.431856786823162508e+01
1.726350472689806850e+02 3.207608287038970474e+01 7.433625022625064105e+01
1.727409604165796395e+02 3.208550185873605898e+01 7.441032816785708803e+01
1.728416245492390999e+02 3.222878465115631741e+01 7.444596438466786026e+01
1.729473636578811693e+02 3.223944975843392768e+01 7.451986828731743628e+01
1.730783801846205279e+02 3.226354371162440771e+01 7.457941049524525567e+01
1.731544352087771301e+02 3.223624744162733435e+01 7.457305459253998947e+01
1.732403129916600619e+02 3.229679907550506357e+01 7.468369463820781107e+01
1.734213274299319210e+02 3.227795413725408480e+01 7.479485680074627396e+01
1.735160046224746964e+02 3.222254013338345402e+01 7.481847736797404025e+01
1.736114197401946342e+02 3.225083190621388951e+01 7.479364548960639070e+01
1.735445470114030400e+02 3.215165754702532297e+01 7.476150397504977718e+01
1.735264748061206035e+02 3.222773345585675742e+01 7.468189159461454096e+01
1.734950155242749474e+02 3.223577405566462062e+01 7.479578964955516085e+01
1.733861715606421399e+02 3.230927418793422845e+01 7.479531626359244001e+01
1.733703061693329346e+02 3.230758252927335406e+01 7.480234743745039339e+01
1.733680715091265938e+02 3.233247010010720857e+01 7.491856369129665438e+01
1.733620776074516527e+02 3.237288890745304570e+01 7.494535872909791863e+01
1.734765673948456595e+02 3.234179162663770768e+01 7.487241552149032486e+01
1.737228534035058374e+02 3.230796541497849006e+01 7.488581652117009924e+01
1.738218189159461531e+02 3.232675466076326387e+01 7.485883352129540924e+01
1.738668253901953449e+02 3.229582445734653362e+01 7.485901452181056470e+01
1.737224426715675918e+02 3.227590743912116977e+01 7.474724670370216018e+01
1.733101791905100129e+02 3.217221502861200122e+01 7.456195090709104534e+01
1.729325981927794658e+02 3.217074613981593956e+01 7.437046628517327918e+01
1.726958425573980378e+02 3.212663074502596317e+01 7.429686172952953882e+01
1.725433426618214128e+02 3.220152318895061683e+01 7.422308313492892751e+01
1.724890076994834658e+02 3.220299903930495589e+01 7.420428692758586919e+01
1.726930857803210699e+02 3.207130027985463983e+01 7.434107458613536323e+01
1.729004079473149318e+02 3.190858777828829318e+01 7.448135694693900177e+01
1.731066580343344015e+02 3.189774167049552389e+01 7.454133077147989184e+01
1.732267031452320225e+02 3.190160533533826381e+01 7.469833479526056408e+01
1.733019506286287026e+02 3.187369644821296788e+01 7.473730559848516464e+01
1.732802305668100757e+02 3.194709215710844674e+01 7.461535998217840415e+01
1.732322584687356368e+02 3.199663756735307629e+01 7.439144842181474360e+01
1.731961140581707923e+02 3.201335923033011710e+01 7.434254347493143200e+01
1.731257257424501859e+02 3.199822480263982172e+01 7.430932988040042630e+01
1.730815407320774568e+02 3.200658563412834212e+01 7.423659551954109759e+01
1.729595324617462495e+02 3.209411330632248394e+01 7.427349177839967354e+01
1.727822911880595314e+02 3.224531835205992536e+01 7.435287442741183384e+01
1.726973114461941066e+02 3.231393843197861315e+01 7.431079180763822478e+01
1.726887974604235296e+02 3.238857329824708131e+01 7.431764894253929299e+01
1.727936524511646610e+02 3.229425114517633943e+01 7.442365955195410265e+01
1.729039235342439156e+02 3.227797502192890988e+01 7.458290519749941438e+01
1.729438202247191043e+02 3.228914832296061377e+01 7.469277947175696397e+01
1.729613981593639949e+02 3.228639850744190909e+01 7.479126463667627434e+01
1.729729473845425503e+02 3.230605794801108033e+01 7.475265583448198470e+01
1.729114629018559413e+02 3.229260821742338550e+01 7.476678083622238091e+01
1.725672695376132992e+02 3.218354844548403548e+01 7.461595171463180520e+01
1.722739790874789492e+02 3.207982818874176445e+01 7.443580747114434359e+01
1.720016150815198444e+02 3.197613577823259945e+01 7.430166520473943592e+01
1.718327694471130371e+02 3.187532545284936703e+01 7.418275482784066810e+01
1.717990128510365651e+02 3.183919496540105598e+01 7.418717541734541498e+01
1.718624048006905980e+02 3.193734597552316146e+01 7.410502902969800232e+01
1.719788925553095851e+02 3.198648761538782992e+01 7.407635437116243793e+01
1.720671094217729831e+02 3.205819862718070823e+01 7.407235843671247721e+01
1.721579438341478294e+02 3.210321206298817742e+01 7.412447962351892272e+01
1.722634462498085668e+02 3.216721662977040808e+01 7.412829455745374219e+01
1.723208442977876302e+02 3.215273658855798544e+01 7.424177491889784619e+01
1.723061345251521175e+02 3.213526307728722031e+01 7.432170753101374316e+01
1.723901674950921006e+02 3.206765242331843524e+01 7.435306935104354409e+01
1.723076730295309176e+02 3.204378123999276085e+01 7.434960249502248075e+01
1.722243988694429220e+02 3.212568397310053570e+01 7.429422329894323695e+01
1.721491931553958921e+02 3.219501413196329764e+01 7.418093089957255870e+01
1.721138910933823354e+02 3.223334447182657669e+01 7.422855491973322728e+01
1.721842446013115477e+02 3.230211074446904007e+01 7.423312866352004846e+01
1.721256630884257106e+02 3.232803558748589978e+01 7.421016944432841456e+01
1.721713587569441586e+02 3.232806343371900226e+01 7.422565891149075412e+01
1.723582626735168333e+02 3.226508221600322912e+01 7.429576180332205126e+01
1.725499282959497691e+02 3.228543085084164943e+01 7.438633863804074053e+01
1.726169402559068828e+02 3.220567227768263763e+01 7.439881375046989831e+01
1.727232780585606235e+02 3.221887139217242435e+01 7.444331899252328810e+01
1.725807053450844535e+02 3.221842585244281310e+01 7.429349929688261511e+01
1.723158737451791183e+02 3.225115213789454316e+01 7.425301783551229562e+01
1.721085794244183660e+02 3.218882530665663921e+01 7.405787839550005458e+01
1.718676050847221575e+02 3.217417818804560881e+01 7.391533352825696568e+01
1.718263369672667409e+02 3.216634643498601065e+01 7.390596327081854611e+01
1.718030644779527449e+02 3.216947217465157394e+01 7.396272085543627384e+01
1.719056430391378854e+02 3.220856828592512500e+01 7.390321345529983432e+01
1.720977890090917981e+02 3.213470615262520624e+01 7.391184578756109147e+01
1.722177296966152937e+02 3.214889380839007060e+01 7.384288459128691784e+01
1.723082438773095078e+02 3.219273770240730670e+01 7.382578004260473392e+01
1.723043523662336440e+02 3.216793367027275252e+01 7.383622934157581597e+01
1.723406638541971176e+02 3.205705693162357761e+01 7.402722665441432071e+01
1.723343079514918657e+02 3.206969215989307287e+01 7.415011208108822416e+01
1.723521156175598321e+02 3.200428135833924870e+01 7.420545646937610229e+01
1.723413530484663738e+02 3.192693148434345574e+01 7.423876056416467861e+01
1.724018768361110006e+02 3.190065160185455895e+01 7.428875847569719326e+01
1.723115923868398625e+02 3.197669270289461707e+01 7.427397908747893496e+01
1.723132561992676415e+02 3.197044122356348339e+01 7.431372958523036232e+01
1.723084527240577586e+02 3.203219024546454818e+01 7.426485248458014610e+01
1.722773763279172385e+02 3.208494493407404491e+01 7.422180220820628449e+01
1.723186444453726551e+02 3.211966918675076244e+01 7.426749787672473246e+01
1.724103768987650085e+02 3.212343538977764723e+01 7.423784163847236073e+01
1.724530930203416688e+02 3.223001684697102576e+01 7.425201537112067740e+01
1.725055762081784394e+02 3.219992203054732016e+01 7.421053144535872548e+01
1.724309204572351462e+02 3.217600211631371820e+01 7.405137630007101279e+01
1.721851774501204488e+02 3.203694498976651062e+01 7.386356738092254659e+01
1.719420937582668500e+02 3.193451958286342673e+01 7.369343385823482606e+01
1.718483076451832972e+02 3.181783690461272940e+01 7.358316277515558568e+01
1.717964579591495635e+02 3.179764142405636207e+01 7.351489077315066822e+01
1.717797502192890988e+02 3.180991465129554641e+01 7.350776213747685972e+01
1.718109936928281911e+02 3.181775336591342551e+01 7.356866184926833796e+01
1.719451011514417473e+02 3.178444927112484919e+01 7.368015816660401640e+01
1.720695459671692902e+02 3.179732815393397516e+01 7.374549239101681053e+01
1.721961419044038735e+02 3.174248499784191679e+01 7.391770045807054146e+01
1.723583462122161336e+02 3.175512718766968945e+01 7.401531542820545440e+01
1.724332386561407873e+02 3.170587416287261817e+01 7.402675326845161408e+01
1.723376703841387894e+02 3.182671289141361370e+01 7.411609790735558079e+01
1.722069740890800915e+02 3.182689389192876916e+01 7.407510129067290450e+01
1.721725491834092168e+02 3.186928978182476513e+01 7.408731882544589098e+01
1.721310931038803744e+02 3.192185650836083255e+01 7.406392102808293032e+01
1.720869985937652302e+02 3.194675800231123830e+01 7.403858791751946455e+01
1.721821074029210763e+02 3.190759227545493815e+01 7.406534118597106442e+01
1.723292329755092283e+02 3.190556646199685176e+01 7.410621249460479021e+01
1.723948038929033828e+02 3.189192180777745378e+01 7.416589393369811489e+01
1.723833590910989528e+02 3.195241774918897804e+01 7.419717917658688577e+01
1.724626373167369877e+02 3.196627821171491135e+01 7.426694791362098158e+01
1.724692090277487750e+02 3.203151497431184680e+01 7.437586845439483341e+01
1.724790317864750762e+02 3.207968895757626626e+01 7.441075282291187420e+01
1.723925483480222169e+02 3.206465895326009985e+01 7.459024267992147372e+01
1.721771646965456739e+02 3.192429305375715387e+01 7.441562591370451685e+01
1.718785486543307854e+02 3.179512830151901071e+01 7.413664842738398875e+01
1.717844423095665718e+02 3.165685086949862992e+01 7.390247553012265769e+01
1.717437589630062860e+02 3.157544936858666418e+01 7.370163457388301254e+01
1.716799771660888609e+02 3.156732523007950064e+01 7.365693440819792670e+01
1.718162984002339044e+02 3.157372986369268730e+01 7.363492196093173447e+01
1.718527143115715035e+02 3.155667404591843805e+01 7.370096626428859565e+01
1.718808668532364266e+02 3.161600044553972921e+01 7.384697102599446339e+01
1.718619105300530521e+02 3.168168274786628302e+01 7.396883310360190933e+01
1.718570095930272998e+02 3.173806440833716280e+01 7.399218217005694953e+01
1.718604764490483490e+02 3.177107611767818085e+01 7.399195940019214390e+01
1.717888768221878877e+02 3.181611739971875252e+01 7.395999192459240135e+01
1.718332776408671236e+02 3.169234785514389685e+01 7.388482797989502160e+01
1.718837698230371984e+02 3.172631329796861621e+01 7.380187405148768676e+01
1.718875569107389083e+02 3.168123720813666822e+01 7.371316987594502734e+01
1.719443841109393816e+02 3.167478384361555399e+01 7.370098714896342074e+01
1.719768737034097796e+02 3.173948456622530401e+01 7.373027442462721126e+01
1.719879982735335489e+02 3.180264678445623261e+01 7.373029530930203634e+01
1.719363226264567004e+02 3.189331411943249250e+01 7.374162872617407061e+01
1.719043690739735268e+02 3.197608008576639804e+01 7.375749411748326168e+01
1.719187029224621597e+02 3.199028166464781364e+01 7.381514974311849642e+01
1.719895646241454585e+02 3.204836194533784521e+01 7.385166311627195057e+01
1.719742422343817339e+02 3.206201356111552059e+01 7.396505993901675424e+01
1.720033415479720986e+02 3.214624841624549134e+01 7.397076145524414414e+01
1.720032928170641640e+02 3.212141653787784179e+01 7.397807109143310811e+01
1.718444509418988275e+02 3.206325271848850633e+01 7.384390097879509085e+01
1.715650905698731492e+02 3.192528159503223151e+01 7.364901911643902110e+01
1.713882252203333110e+02 3.170653551090876121e+01 7.353262186207760465e+01
1.713014772426660102e+02 3.162722943903763451e+01 7.337232502123275424e+01
1.713899725714603903e+02 3.153670829678515375e+01 7.337162886540522777e+01
1.714521462484162555e+02 3.149269036381103604e+01 7.329324868078469990e+01
1.715404327304623848e+02 3.148178856355206534e+01 7.342851871963020471e+01
1.716422385586789687e+02 3.154270916001837932e+01 7.349377636690196880e+01
1.717325856619745821e+02 3.155084722164209410e+01 7.354709494173175699e+01
1.717773763279172385e+02 3.157249766787797896e+01 7.363737242944461059e+01
1.718310429806607829e+02 3.158934463890397382e+01 7.371074725366526081e+01
1.718813611238739725e+02 3.159237291675368553e+01 7.369894045083051992e+01
1.718336187572226095e+02 3.161251966640212885e+01 7.372211547832867495e+01
1.718206076048062698e+02 3.164872673099146638e+01 7.366778747754896983e+01
1.717429792684794450e+02 3.164805842139704595e+01 7.363824262422900802e+01
1.716472439190788464e+02 3.163166395165893974e+01 7.361900087715633845e+01
1.716350472689806850e+02 3.161105773916433392e+01 7.358603093716497767e+01
1.715227573340016534e+02 3.158663659273491930e+01 7.354421981816409470e+01
1.715327262854517301e+02 3.167763112095011380e+01 7.348369603051946797e+01
1.716544839396850648e+02 3.173142308174261572e+01 7.363229049190370290e+01
1.716608676886234264e+02 3.178517327318547103e+01 7.360780669144980948e+01
1.717001448004121187e+02 3.178285507427982637e+01 7.370169026634921750e+01
1.717823399189674660e+02 3.174018072205282337e+01 7.387174025033763769e+01
1.719041811119001011e+02 3.170816451554516036e+01 7.404140734862092188e+01
1.719841346086908231e+02 3.164844826866045580e+01 7.408006488172313198e+01
1.720307909722512250e+02 3.162402016067276378e+01 7.419410216782924294e+01
1.719221071244587336e+02 3.156854350277766130e+01 7.420031187781073356e+01
1.716460883004051539e+02 3.158225081102153808e+01 7.375619230608579358e+01
1.713848001336619120e+02 3.148150313966278091e+01 7.339925232864123927e+01
1.711741573033707766e+02 3.147672751068599339e+01 7.311938376286147445e+01
1.710780669144981516e+02 3.140824666193280734e+01 7.300373139523550492e+01
1.710355666012280267e+02 3.145619787533241407e+01 7.298059117552872976e+01
1.712029363852804806e+02 3.140988958968575417e+01 7.311460117232641664e+01
1.713843824401654103e+02 3.139336981189869391e+01 7.315233281817802435e+01
1.716848781031146132e+02 3.131809448226891135e+01 7.333315929437645764e+01
1.717272043774278529e+02 3.134394970970301841e+01 7.324973198000640195e+01
1.717298288848975858e+02 3.136215418459267923e+01 7.332289795747880135e+01
1.715335199030951117e+02 3.146732940701446779e+01 7.329395875972878116e+01
1.714997563454603551e+02 3.151818359021483218e+01 7.323018392436962642e+01
1.714208122746195500e+02 3.154270219846010193e+01 7.321158960221656287e+01
1.712933391810422847e+02 3.153101374211603414e+01 7.326144828258357222e+01
1.712941397602439224e+02 3.159980786099160355e+01 7.322421786892778073e+01
1.712380644083371521e+02 3.165479720980744460e+01 7.323750748367514518e+01
1.711733497626108544e+02 3.169244531695974842e+01 7.331143227099954629e+01
1.711370939671136000e+02 3.180728318226751838e+01 7.334944237918215038e+01
1.711548877100650259e+02 3.177897052476226136e+01 7.340098575665176384e+01
1.711647661612575462e+02 3.180120574189326632e+01 7.340918647229996452e+01
1.712008966487058501e+02 3.178039068265040612e+01 7.369527867117776054e+01
1.712912228673266100e+02 3.172150982275872622e+01 7.379420937582668216e+01
1.712824513038998759e+02 3.176691310582960881e+01 7.376562521754870261e+01
1.713350876460186782e+02 3.178591815992091796e+01 7.397796666805898269e+01
1.714289503362432754e+02 3.177600490093702490e+01 7.398211575679100349e+01
1.713781727301839339e+02 3.185905629116021487e+01 7.381479470364647000e+01
1.712603553179343692e+02 3.191879342271974096e+01 7.357244197541177755e+01
1.709264789830555742e+02 3.188892137616084099e+01 7.325251660331647940e+01
1.706554724809601282e+02 3.178122606964342722e+01 7.294805981370869574e+01
1.704534967907216298e+02 3.172551968032524528e+01 7.277533659134260802e+01
1.704523272489313968e+02 3.165476936357434212e+01 7.280816730016846350e+01
1.705136655388942302e+02 3.162015649583002741e+01 7.291356529245506124e+01
1.706101388134720196e+02 3.163191456775684784e+01 7.292208623978390847e+01
1.706863678765855070e+02 3.163586873285716194e+01 7.303365913426061695e+01
1.707530317586288504e+02 3.170369519513247880e+01 7.301216880386505181e+01
1.708023335143338386e+02 3.165871656711638238e+01 7.308421397045515278e+01
1.708298525541957247e+02 3.170505966055441860e+01 7.315447001656851000e+01
1.707928518719630233e+02 3.171330214555225879e+01 7.323334447182656959e+01
1.707892109769850890e+02 3.164471687342494732e+01 7.335913286830124491e+01
1.707278169945560649e+02 3.171837712153488553e+01 7.329741169263327549e+01
1.707254082953928389e+02 3.163806162371385255e+01 7.325326845161021083e+01
1.708031062473023951e+02 3.150973225846873405e+01 7.327562897679015919e+01
1.708976233240048543e+02 3.138633167648246314e+01 7.339687843726939320e+01
1.709637859738523957e+02 3.136689500577809397e+01 7.337514445233421156e+01
1.710316542054773663e+02 3.141441460256463714e+01 7.334332316945824459e+01
1.710488005235091862e+02 3.146586747977667287e+01 7.331441181794133399e+01
1.709840093006418442e+02 3.148579842111858440e+01 7.328835470531723217e+01
1.709709494173175699e+02 3.154802779054063322e+01 7.328380880776353479e+01
1.710567436615012014e+02 3.162093619035685066e+01 7.333968227448032451e+01
1.710808515378082291e+02 3.163758823775113882e+01 7.339407989084276096e+01
1.710417484649763935e+02 3.165741475571892138e+01 7.340433426618214696e+01
1.710992927056792325e+02 3.168574133634072609e+01 7.345751360984642986e+01
1.710178355123010761e+02 3.165780460298233123e+01 7.341472787268702405e+01
1.707831753059604978e+02 3.158867632930955338e+01 7.335585397435362154e+01
1.705193809782381607e+02 3.152358575943639352e+01 7.309940409061164246e+01
1.703686353953468995e+02 3.142811494925024007e+01 7.286002394776046742e+01
1.702439608481962523e+02 3.141686507107750970e+01 7.261469863414227177e+01
1.702007574175403306e+02 3.143053060997173631e+01 7.253455717527810975e+01
1.702365885579828273e+02 3.142281720340281126e+01 7.256939977444551459e+01
1.702560043440123536e+02 3.144017932974117002e+01 7.250956518107012982e+01
1.703736198710719520e+02 3.142845606560572591e+01 7.270246996087604430e+01
1.704509558219511973e+02 3.140381911086977595e+01 7.270377873383178269e+01
1.705070868663241583e+02 3.145774334126950933e+01 7.274005541400387642e+01
1.705702142767637213e+02 3.144220514319925286e+01 7.284005123706890572e+01
1.705213302145552348e+02 3.147417958035726571e+01 7.283075755677150198e+01
1.705247761859014588e+02 3.138106873842641065e+01 7.287632095568271495e+01
1.705292106985227463e+02 3.124011806802834812e+01 7.289778343984517051e+01
1.706265611294432176e+02 3.127488409005471937e+01 7.293463792935411050e+01
1.706272781699455550e+02 3.126592456455453117e+01 7.292330451248207623e+01
1.706531264358214059e+02 3.124771312810659651e+01 7.306252871642789160e+01
1.706054954541024529e+02 3.131447447196580569e+01 7.303897080322460056e+01
1.705279645795914973e+02 3.137155924982247868e+01 7.294903443186723280e+01
1.705520376481071594e+02 3.137847903874803279e+01 7.310582264734138391e+01
1.705538685379335391e+02 3.144728011918187605e+01 7.308990156356598789e+01
1.707023028834774436e+02 3.144774654358631594e+01 7.319559194130013680e+01
1.707281372262367256e+02 3.144739150411428241e+01 7.323994402907146650e+01
1.707080322459379431e+02 3.150705902009105586e+01 7.326419113654399951e+01
1.706384027400693242e+02 3.146880525736881040e+01 7.328213803377748548e+01
1.705089734486167288e+02 3.139493616251061781e+01 7.313909889589685065e+01
1.702778984447878941e+02 3.127974325773081077e+01 7.291319632986648003e+01
1.698735711401640174e+02 3.138115227712571098e+01 7.271408184007908915e+01
1.697474346657755859e+02 3.145624660624034163e+01 7.260081032538323598e+01
1.696812232850201099e+02 3.156198571488241811e+01 7.257221920554697192e+01
1.696289628670481591e+02 3.163788062319869709e+01 7.251349149993734500e+01
1.697611907049274009e+02 3.177006669172827813e+01 7.259856870361862491e+01
1.699155284518886617e+02 3.167985185803990333e+01 7.271781323531459407e+01
1.701547136711081407e+02 3.158735363323726375e+01 7.288047700597302025e+01
1.702265917602996126e+02 3.163331384097016397e+01 7.295948373083831484e+01
1.702785597928240122e+02 3.162786294084067862e+01 7.292086796708575491e+01
1.702389833340294842e+02 3.158644166910321260e+01 7.288771006502095418e+01
1.701939142057558172e+02 3.154337050805452236e+01 7.283109171156871753e+01
1.701969355220472551e+02 3.160077551759185610e+01 7.280701168149478519e+01
1.701768096570736475e+02 3.160016290046364063e+01 7.283745457583225402e+01
1.701849198724642633e+02 3.164775211283293643e+01 7.291208248054243768e+01
1.703131726605683411e+02 3.169529955585258207e+01 7.295836988151427249e+01
1.703555685504643407e+02 3.165004246550547862e+01 7.303160547456943164e+01
1.704826517967781854e+02 3.165105885301365873e+01 7.324582654581401187e+01
1.706311627194631342e+02 3.165547248096013888e+01 7.337460145078874518e+01
1.706183604137950169e+02 3.163018113974631973e+01 7.343133118917337754e+01
1.706872241482533354e+02 3.169262631747490389e+01 7.344123052504072291e+01
1.706606170725255254e+02 3.165097531431435485e+01 7.336838477924898427e+01
1.705263146902802589e+02 3.155621458307227556e+01 7.314563579911727231e+01
1.703066357573479195e+02 3.141733845704022343e+01 7.297795274494242790e+01
1.701668894365314770e+02 3.138489759547777069e+01 7.290676385002018378e+01
1.701745262659593720e+02 3.135668936134664264e+01 7.282872478175514175e+01
1.700956239644682171e+02 3.144429361068181450e+01 7.280146331954944117e+01
1.701078066914498095e+02 3.149431240688915778e+01 7.280108739540258966e+01
1.701757027693078896e+02 3.161588209904905256e+01 7.281859571446472046e+01
1.702571808473608712e+02 3.172455202372498917e+01 7.291499241190147984e+01
1.703298455926374686e+02 3.178702504768667580e+01 7.299875388106873686e+01
1.704310248806092716e+02 3.180869637859738575e+01 7.294029767623185023e+01
1.704657630564025510e+02 3.184500090500257485e+01 7.298036144410565385e+01
1.704406387925873219e+02 3.188732717931581817e+01 7.294366707043704423e+01
1.704464238475140405e+02 3.189173384570402092e+01 7.298382830012670297e+01
1.704723278058560538e+02 3.189633543572393393e+01 7.291774222742019163e+01
1.704876084262701283e+02 3.180096208735363206e+01 7.295845342021358704e+01
1.705645545298859815e+02 3.189440012252342527e+01 7.300918925692326411e+01
1.705700820071564863e+02 3.185177450120434983e+01 7.305601965944056531e+01
1.706542194004705948e+02 3.182218787853473074e+01 7.315767929493337363e+01
1.706801860128371118e+02 3.184972084151316452e+01 7.325727134761845605e+01
1.707429931915960140e+02 3.180195062862871325e+01 7.342738398563133728e+01
1.707143185330604354e+02 3.180176266655528039e+01 7.341185971067763205e+01
1.707328014702811174e+02 3.175919969926068376e+01 7.345637887584757664e+01
1.706312253734876094e+02 3.170666081895771526e+01 7.339200534647675056e+01
1.704032621862077690e+02 3.157959149576041114e+01 7.328811105077760146e+01
