2.467925050090582886e+02 5.505538758713361602e+01 1.277485392746163768e+02
2.468638795906369694e+02 5.514187932668658476e+01 1.278276164081152757e+02
2.469099389314808946e+02 5.519762084728071017e+01 1.279300411522633709e+02
2.469302151195575163e+02 5.516938415577871524e+01 1.279050678472447231e+02
2.470117397929189451e+02 5.538281803021032346e+01 1.281977228281083114e+02
2.469069095010138142e+02 5.566566485500725747e+01 1.282947845804988560e+02
2.466186216991205526e+02 5.589646546449267817e+01 1.286566965410502803e+02
2.465470371570144721e+02 5.603465548476886227e+01 1.288593984330945830e+02
2.465552556119449434e+02 5.610062508248449120e+01 1.291272960683391489e+02
2.465643139089850990e+02 5.612223901906441625e+01 1.293426555807508294e+02
2.465725743560210788e+02 5.612669018224573847e+01 1.293159725971517275e+02
2.465763536455146436e+02 5.616814838810303456e+01 1.293934360340255978e+02
2.465852019820273711e+02 5.620189804316788695e+01 1.293748455290405275e+02
2.465184585297963906e+02 5.630198322715329340e+01 1.293713661831575621e+02
2.465050330537858940e+02 5.631607457797934302e+01 1.293762432662659307e+02
2.465524241442608684e+02 5.630988374185653100e+01 1.293977432242738246e+02
2.465172467576095698e+02 5.627114902398349017e+01 1.293296020348174409e+02
2.464650145772594669e+02 5.617029598435494364e+01 1.291995704807496281e+02
2.464686019028422663e+02 5.610273668550312465e+01 1.291555147632245166e+02
2.464853567529304428e+02 5.600654476958332140e+01 1.292469675700968139e+02
2.465044991541590207e+02 5.609378636816278885e+01 1.293043707782936735e+02
2.465168268365547135e+02 5.612977960143493306e+01 1.293843717381132308e+02
2.465613804604734298e+02 5.620105820105820271e+01 1.293006094854167429e+02
2.465621543149887884e+02 5.622113642635184760e+01 1.292720668514319300e+02
2.465307622167032662e+02 5.627988938079641201e+01 1.292263794406651414e+02
2.464410850760057201e+02 5.622150235755677983e+01 1.290728023131651128e+02
2.464440125256451779e+02 5.613501661687602962e+01 1.290348954396573333e+02
2.464599035381348244e+02 5.612547241118669916e+01 1.290615904210008580e+02
2.464513731418493308e+02 5.597127739984883021e+01 1.291196055141633394e+02
2.464279055537558918e+02 5.598824820933664625e+01 1.290998152347358712e+02
2.464092190668154387e+02 5.598523077661399583e+01 1.290387287190008294e+02
2.464793098897407333e+02 5.603234591896723771e+01 1.290957060072706213e+02
2.464733890028674637e+02 5.610475830543857967e+01 1.291585561914360198e+02
2.464964606653948920e+02 5.608979111926957728e+01 1.291498698244730008e+02
2.465001919639107939e+02 5.607384011805780233e+01 1.291893364047558919e+02
2.465313141129467738e+02 5.606487780297304369e+01 1.292020120217399040e+02
2.465539118645694714e+02 5.605052250176967021e+01 1.292099845229097070e+02
2.465164549064775770e+02 5.603232792235059634e+01 1.291240986694501487e+02
2.464657524385415570e+02 5.604309589797118463e+01 1.290891132467096156e+02
2.464443364647446231e+02 5.609606593960335630e+01 1.290712366075177897e+02
2.464278275684171433e+02 5.607844725191664281e+01 1.290219258779349616e+02
2.463597883597883538e+02 5.600904030042352133e+01 1.288701904042040098e+02
2.463112274892320386e+02 5.593795966358324989e+01 1.287880118537714793e+02
2.463076281659048163e+02 5.589981883405919660e+01 1.288237051434330454e+02
2.463274724351821874e+02 5.593556611357065123e+01 1.288197878798785894e+02
2.463248809223865976e+02 5.594951349146360542e+01 1.288577067511307916e+02
2.463768611501037924e+02 5.596827196487060263e+01 1.288550492507408478e+02
2.463738917083588262e+02 5.601988026251064667e+01 1.288408919123204726e+02
2.463572988278203582e+02 5.610589209228665197e+01 1.288389602754682244e+02
2.463442692773758438e+02 5.615161549628669491e+01 1.288740836722696201e+02
2.463911204693517618e+02 5.618111794982543472e+01 1.289304130823405217e+02
2.463949717453118922e+02 5.615972597151735357e+01 1.288996268701484098e+02
2.464200110379248656e+02 5.615114158538194999e+01 1.289575339836110857e+02
2.464897239319008122e+02 5.614961187296788125e+01 1.290594728191099989e+02
2.464539226625394406e+02 5.614149539886501117e+01 1.291373081860610341e+02
2.465140613564649925e+02 5.616490899710854023e+01 1.291246625634380791e+02
2.464879062736205526e+02 5.618361947953784608e+01 1.291678424456202094e+02
2.464679000347934448e+02 5.616673265426099704e+01 1.291482321323591123e+02
2.464780981175539125e+02 5.612717009202270191e+01 1.290253092418625158e+02
2.464794418649293846e+02 5.610950341335828995e+01 1.290470671513755292e+02
2.464379176714777486e+02 5.609664783020792100e+01 1.290035813267105880e+02
2.464865265330117836e+02 5.616836434750266704e+01 1.290176366843033406e+02
2.465324478997948461e+02 5.626162281491079398e+01 1.290938223613960645e+02
2.464965866417113602e+02 5.627302067211364545e+01 1.292127679996160623e+02
2.465188184621291327e+02 5.632797634044799651e+01 1.291856770927065838e+02
2.465146792403028257e+02 5.632914612052933734e+01 1.292277111902962190e+02
2.465168268365547135e+02 5.636539730530660108e+01 1.291448367706871068e+02
2.464698196739012985e+02 5.630264910196883221e+01 1.291879026742972201e+02
2.464654824892920146e+02 5.622059652785276285e+01 1.290782192947725946e+02
2.464356920898871124e+02 5.613254508152467537e+01 1.290574032081968596e+02
2.464377437041836174e+02 5.613509460221478520e+01 1.291199474498794189e+02
2.464789439585358082e+02 5.618661291677164371e+01 1.290799469699696544e+02
2.465334197170931816e+02 5.608280843201477950e+01 1.291786584122185104e+02
2.465514943190680128e+02 5.602188988470167885e+01 1.292101884845648954e+02
2.465728802985038897e+02 5.606265222138237903e+01 1.292501289757525456e+02
2.465445116318132079e+02 5.616148963994768906e+01 1.292806392398229036e+02
2.465728563030150440e+02 5.612924570180805972e+01 1.293103396561446345e+02
2.465781833015392976e+02 5.611160901750471197e+01 1.292810891552388171e+02
2.465758437413766160e+02 5.614971385379548963e+01 1.292097565657656446e+02
2.465472111243086317e+02 5.606327610409243078e+01 1.290982735245773654e+02
2.465809607793734699e+02 5.611549028782588522e+01 1.291647590253032547e+02
2.465430059148879991e+02 5.611537630925386111e+01 1.290259931132947031e+02
2.465639059856746940e+02 5.595993953136810006e+01 1.291128627817970198e+02
2.465705227417245453e+02 5.591563186121009466e+01 1.292229780801209245e+02
2.466162161513635454e+02 5.589549964606653987e+01 1.292746883585885769e+02
2.466094314268917458e+02 5.594140901510515818e+01 1.292801653289181729e+02
2.465914768023611430e+02 5.588202617907833059e+01 1.293103636516334802e+02
2.466292157074470026e+02 5.587659120085424291e+01 1.293447071950473344e+02
2.465891492399428842e+02 5.607026479021943999e+01 1.292257075669774053e+02
2.465499226145484784e+02 5.613851395937563638e+01 1.291992705371390286e+02
2.465110859158478149e+02 5.620934864245521823e+01 1.290551536311173493e+02
2.465330957779937364e+02 5.624561782384911623e+01 1.291085315960599473e+02
2.465233956016269019e+02 5.610060708586785694e+01 1.290819865865217366e+02
2.464952128999748027e+02 5.600584290153451406e+01 1.290474510791971170e+02
2.464603774490395836e+02 5.594521230008758295e+01 1.289115946202113889e+02
2.464213307898115204e+02 5.583735857658760438e+01 1.288713781809019849e+02
2.464067895235695573e+02 5.591590780933184845e+01 1.288736337568537067e+02
2.464221646330489932e+02 5.595407263434474032e+01 1.289617811851371982e+02
2.464699756445788239e+02 5.597573456190236385e+01 1.290194243482225431e+02
2.464913136330369809e+02 5.601272960683391489e+01 1.289731910400844583e+02
2.464650505704927355e+02 5.604108027690794103e+01 1.290048410898751001e+02
2.465234016004991133e+02 5.599707255036053510e+01 1.289679300291545303e+02
2.465331617655880621e+02 5.602146396477462531e+01 1.290151891444408534e+02
2.465198322715329482e+02 5.607301227369254804e+01 1.290291365223338005e+02
2.465222138238011382e+02 5.615792031098153814e+01 1.289627410046911109e+02
2.465273668550312607e+02 5.613208916723655761e+01 1.290498086359764329e+02
2.465769775282246883e+02 5.618171783704663369e+01 1.291220890472591236e+02
2.465567853243590264e+02 5.624174855127235872e+01 1.290582310525621210e+02
2.465982795234496052e+02 5.617228161105712303e+01 1.290989034061596499e+02
2.466162101524913339e+02 5.609590397005362661e+01 1.291787723907905274e+02
2.466555207620967280e+02 5.607234040000479780e+01 1.291591680764016417e+02
2.466545909369038725e+02 5.610541818138189996e+01 1.291673145448655760e+02
2.466441648969993707e+02 5.605993473227033519e+01 1.292085147992177383e+02
2.466281059160877760e+02 5.599419909057097300e+01 1.292429423268425523e+02
2.466599419309170003e+02 5.605858498602263040e+01 1.292948985590709015e+02
2.466818078201298192e+02 5.604463760812966910e+01 1.293055885493527342e+02
2.466914780021355966e+02 5.598676648790027599e+01 1.293704423568369180e+02
2.466606797921990619e+02 5.595643019112407046e+01 1.293578507240638658e+02
2.466798941798941769e+02 5.607307826128688077e+01 1.295036293176882793e+02
2.467099845229097070e+02 5.599054577739384797e+01 1.294665562874179727e+02
2.465124836530732182e+02 5.592071890484589147e+01 1.294481157542382164e+02
2.465438937479753747e+02 5.584889440785132564e+01 1.293974552784076479e+02
2.465444456442188823e+02 5.589458181861810004e+01 1.293861534031601934e+02
2.466025507204645635e+02 5.594653805084644205e+01 1.294444804376777256e+02
2.466299415709846414e+02 5.602423544373657904e+01 1.293931420892872097e+02
2.466247525465212505e+02 5.612051134386735640e+01 1.294069874863525627e+02
2.465920586929657361e+02 5.606322811311473231e+01 1.294567901234567842e+02
2.466269481337508580e+02 5.601707878918763583e+01 1.294459501613696659e+02
2.466385439537367006e+02 5.596367082988398067e+01 1.293350670074026141e+02
2.466860250272948747e+02 5.585679492255456324e+01 1.292578975152671319e+02
2.466735953640715593e+02 5.581858210656396579e+01 1.291681903802085287e+02
2.466591200854239503e+02 5.584745467852043532e+01 1.291720716505296878e+02
2.466516874827532320e+02 5.582572676336848616e+01 1.292696793002915570e+02
2.466581542669977978e+02 5.576258863333693228e+01 1.292511007930509095e+02
2.466777825768755577e+02 5.584799457701952008e+01 1.292752462537042959e+02
2.467100205161429756e+02 5.585656696541050081e+01 1.293130211520234241e+02
2.467416045783392633e+02 5.592972921090834859e+01 1.294309829752006635e+02
2.468065423700344354e+02 5.597803812883177699e+01 1.295037912872379877e+02
2.467721808300039470e+02 5.619009226265462331e+01 1.294979723811923407e+02
2.468065423700344354e+02 5.632085567913232182e+01 1.294714933592484556e+02
2.468178922362595813e+02 5.640398205137434218e+01 1.293754094230284579e+02
2.468372625946322216e+02 5.635120997252516872e+01 1.294929513251508695e+02
2.468127332061572474e+02 5.643396441469003832e+01 1.295534379536647123e+02
2.468139689738329139e+02 5.648350310141693598e+01 1.296405775714165713e+02
2.468325714765624070e+02 5.647920790891312492e+01 1.297900274748347442e+02
2.467859782360916086e+02 5.649536287178010241e+01 1.297345679012345556e+02
2.467899314928793331e+02 5.648572268413538211e+01 1.297321263602442798e+02
2.467871600139173722e+02 5.648790627362055972e+01 1.296009610193283663e+02
2.467783716661267590e+02 5.650060588609341750e+01 1.295137674117266045e+02
2.467792954924474316e+02 5.646013749415109828e+01 1.295691310033713535e+02
2.467964702635904359e+02 5.647214723631957156e+01 1.295929945170308031e+02
2.467987318384143691e+02 5.651848852415746194e+01 1.295845181105952122e+02
2.468455770315180757e+02 5.644825372829907906e+01 1.295570492747363573e+02
2.468658232252336688e+02 5.649902818270165028e+01 1.296224429807196259e+02
2.468839818114194600e+02 5.653548332913412366e+01 1.295854839290213363e+02
2.468672629545645520e+02 5.650835043011913683e+01 1.295216259343243337e+02
2.468506160841761812e+02 5.647003563330093812e+01 1.294875463412878389e+02
2.468647674237243450e+02 5.648717441121069527e+01 1.294735149791839035e+02
2.468371846092934447e+02 5.643931540870316610e+01 1.295655496766607939e+02
2.468261586821677440e+02 5.634764064355901070e+01 1.296394677800573447e+02
2.468233992009502344e+02 5.628675209060696716e+01 1.296270561134506636e+02
2.468299259739169145e+02 5.633491103672509581e+01 1.296316632473095183e+02
2.468650913628237902e+02 5.638301599299331457e+01 1.296920179006346814e+02
2.469138861893964076e+02 5.629842589593156532e+01 1.296721796302295218e+02
2.468826260662995367e+02 5.630381888205017304e+01 1.295760057109263528e+02
2.468904066035585174e+02 5.632160553815882764e+01 1.295743380244514071e+02
2.468910904749907047e+02 5.633025591188856396e+01 1.296544289673541357e+02
2.468748875211460359e+02 5.638052046215311464e+01 1.295382128159905903e+02
2.468737057433202438e+02 5.641966310333657475e+01 1.296410514823213305e+02
2.468990929705215365e+02 5.648359308450011440e+01 1.296848012573636026e+02
2.469192911732594382e+02 5.646739612952764986e+01 1.296797742024499485e+02
2.469070534739468883e+02 5.643738377185088950e+01 1.297881258323435247e+02
2.468837658520198204e+02 5.644563822001463649e+01 1.296036005231016475e+02
2.468345451055201636e+02 5.632493491223650040e+01 1.295462393070102962e+02
2.468440053269985128e+02 5.630401084596095984e+01 1.295560954540546277e+02
2.468293140889512642e+02 5.634086191795942256e+01 1.294805276607997655e+02
2.468145928565429585e+02 5.633849236343567668e+01 1.295363711622215135e+02
2.468127392050294588e+02 5.631507276631992909e+01 1.296235947641843325e+02
2.468474846728815066e+02 5.629195911168699951e+01 1.296452087007642433e+02
2.469142041296236414e+02 5.627965542478013816e+01 1.297280951181178068e+02
2.468413778209696545e+02 5.631570864677440369e+01 1.297415685851059948e+02
2.468811503437353849e+02 5.627443640595568297e+01 1.298991409614992278e+02
2.469286854071434618e+02 5.632692653781089120e+01 1.298121153223194142e+02
2.469220986454546676e+02 5.628021931876806860e+01 1.297987198406699463e+02
2.468911744592016646e+02 5.619186192995717022e+01 1.298455830303902871e+02
2.469051638292001201e+02 5.617074589977084287e+01 1.298143768971433474e+02
2.469066575483809061e+02 5.615693649593876557e+01 1.298377365055369523e+02
2.468857634764664226e+02 5.616651669486136456e+01 1.298181261922758551e+02
2.469091350826044788e+02 5.621277999736049935e+01 1.297086587721508408e+02
2.469050438517558632e+02 5.615183145568633449e+01 1.296204093630397551e+02
2.469056437389770622e+02 5.622153835079004836e+01 1.296570444756385712e+02
2.469094410250872897e+02 5.621189216427311663e+01 1.295936663907185391e+02
2.469056137446160051e+02 5.630889392794154702e+01 1.296518134590697002e+02
2.468836098813422950e+02 5.635428739396993336e+01 1.296962711010330054e+02
2.469110127296068242e+02 5.647849404311989474e+01 1.296562106324010983e+02
2.469396153523137514e+02 5.649751646690422291e+01 1.297102904653925179e+02
2.469345103120613203e+02 5.646308294040720455e+01 1.297853963454870438e+02
2.468871852091806716e+02 5.644197290909308862e+01 1.296668046407275483e+02
2.468766931816818442e+02 5.631338108435613776e+01 1.295502585513923464e+02
2.468410478829979979e+02 5.621548548872812034e+01 1.295179966166360828e+02
2.468588345391066525e+02 5.621967870040432302e+01 1.295647638244010125e+02
2.468936759889140831e+02 5.623420796890184903e+01 1.296030306302415056e+02
2.468868192779757464e+02 5.631240326818558373e+01 1.296145844581218682e+02
2.468712821989466022e+02 5.633734057997096301e+01 1.296783164765024310e+02
2.468549892620187336e+02 5.636737693313656905e+01 1.296618015813027114e+02
2.468708022891696316e+02 5.642245857778737417e+01 1.296908601182977634e+02
2.468885049610673263e+02 5.645109719372757695e+01 1.297666258743356309e+02
2.468942638783908592e+02 5.642106084056197091e+01 1.296805300603486444e+02
2.468900106779925352e+02 5.633110775174267104e+01 1.297420784892440224e+02
2.469163157326422606e+02 5.629024343423436250e+01 1.298215575471811292e+02
2.468894587817490276e+02 5.624573180242114745e+01 1.298488584146180642e+02
2.468620319379956527e+02 5.622803512939567128e+01 1.298654752906453496e+02
2.468934420328978092e+02 5.627919351161981609e+01 1.297705971277399897e+02
2.469045219498734127e+02 5.627294868564710129e+01 1.297922050654476891e+02
2.469163457270033177e+02 5.629393274064475605e+01 1.298032909812955040e+02
2.469075333837238588e+02 5.637262594632208845e+01 1.298399320927665599e+02
2.468852715689450292e+02 5.630102940647158505e+01 1.298014313309097929e+02
2.469036281179138257e+02 5.639782120961259437e+01 1.297781017168772166e+02
2.469312469255779945e+02 5.633762852583713965e+01 1.298201898043167830e+02
2.469131423292421061e+02 5.623068663091338948e+01 1.298811263482465392e+02
2.469613192719768620e+02 5.623815522681735501e+01 1.299123204837490562e+02
2.469679480257711646e+02 5.627918751274760467e+01 1.298792726967330111e+02
2.469070174807136198e+02 5.638302799073774452e+01 1.296866009190272280e+02
2.468854935272168802e+02 5.633677068711082114e+01 1.295573612160913797e+02
2.468207297028158678e+02 5.628783788647734099e+01 1.295076245665814838e+02
2.468004955068447259e+02 5.631878006934696401e+01 1.294427827568417229e+02
2.468558471007450521e+02 5.631345906969490045e+01 1.294715053569928784e+02
2.468336512735605766e+02 5.627814370898271079e+01 1.294157938307598101e+02
2.468641495398865118e+02 5.630560054709714279e+01 1.293795606425991878e+02
2.468525117277951608e+02 5.631140745539838832e+01 1.294051398337112744e+02
2.468860934144380792e+02 5.639873903706103420e+01 1.293930581050762498e+02
2.468703043827760268e+02 5.635143193079701263e+01 1.294443604602334688e+02
2.468799145760596900e+02 5.641777345858978521e+01 1.294823873111855050e+02
2.468875271448967510e+02 5.633263146528452836e+01 1.295399404911876502e+02
2.468799265738041129e+02 5.632876219270777085e+01 1.295523041668166400e+02
2.468840657956304199e+02 5.621484360940143432e+01 1.295590888912884395e+02
2.469169336164800939e+02 5.625831143744976259e+01 1.295469471739313008e+02
2.468964594656204667e+02 5.622757321623534921e+01 1.296072718328954068e+02
2.469324706955092381e+02 5.614240122856902815e+01 1.296121189216427183e+02
2.468964174735149868e+02 5.616163361288077738e+01 1.296627374053677784e+02
2.468402500329937936e+02 5.611190896111531146e+01 1.297100625082484555e+02
2.469017384731670575e+02 5.612741604578339150e+01 1.297042076089695115e+02
2.469633348930400985e+02 5.615759637188208586e+01 1.296007210644398810e+02
2.469409590996892518e+02 5.621894683799445858e+01 1.295504565141753233e+02
2.469697716829236072e+02 5.624171255803909020e+01 1.297141357424804085e+02
2.470283926621794990e+02 5.628789787519946231e+01 1.296253884269757179e+02
2.470222138238011382e+02 5.628312877179090634e+01 1.295404563941978893e+02
2.469916795642419345e+02 5.625715965398504892e+01 1.294731550468511898e+02
2.469464840609965393e+02 5.615259331245725605e+01 1.295888073042268047e+02
2.469504733110175323e+02 5.620663115334317439e+01 1.296770267189768333e+02
2.470184285354353335e+02 5.630371690122257178e+01 1.297643343051506406e+02
2.471146984366939137e+02 5.639199030582250316e+01 1.299002867460917230e+02
2.471081476682383595e+02 5.665258731358504463e+01 1.298872871900082657e+02
2.471580282906813579e+02 5.673402800273548507e+01 1.299898079161117721e+02
2.471729594836170918e+02 5.684587697512867521e+01 1.300431138945878047e+02
2.471176798761832742e+02 5.689659743968133654e+01 1.300360772174831254e+02
2.470823165244933932e+02 5.689209228665011153e+01 1.299264898199138543e+02
2.471202473934900183e+02 5.674510192083888427e+01 1.300206901102592667e+02
2.470931924798138084e+02 5.674327826368642747e+01 1.300422380592448519e+02
2.471107811731394577e+02 5.673375805348594270e+01 1.300348654452962762e+02
2.471413214315708728e+02 5.668597103744495769e+01 1.298768911444648495e+02
2.471089695137314095e+02 5.667603690506184932e+01 1.300100781053162109e+02
2.471301515315120696e+02 5.672110643199078339e+01 1.300523881510275999e+02
2.471407875319439995e+02 5.677593012513647608e+01 1.300976316452506865e+02
2.471437149815834573e+02 5.673519778281683301e+01 1.300722024259439138e+02
2.471219690698148668e+02 5.670433958415817699e+01 1.301457965902410479e+02
2.471118849656264729e+02 5.675240254832091580e+01 1.301317232360316325e+02
2.471339128243890286e+02 5.670225197662839633e+01 1.301595280087343554e+02
2.471235707686954868e+02 5.663787807892116177e+01 1.302116582082568357e+02
2.470900850640079796e+02 5.651236367562898266e+01 1.300743140289625615e+02
2.470970737501349674e+02 5.648182341719756749e+01 1.300713025951121153e+02
2.470747339500173894e+02 5.650661075717765414e+01 1.300990773734537811e+02
2.470599947209924494e+02 5.643593204477558345e+01 1.299446544049718568e+02
2.469929633228952923e+02 5.638273404599934935e+01 1.298053605922086717e+02
2.470116078177302654e+02 5.640635160589808805e+01 1.297414786020228235e+02
2.470266589881102277e+02 5.639037660919746742e+01 1.297746343687386741e+02
2.470170667914431988e+02 5.647162533443712817e+01 1.297164093150487645e+02
2.470181765828024254e+02 5.647061752390550282e+01 1.297514787220002574e+02
2.470325438817502288e+02 5.648827220482549194e+01 1.298430755018056573e+02
2.470324838930281146e+02 5.655020456154242936e+01 1.298829020144212905e+02
2.470470911468644033e+02 5.654815294724591723e+01 1.299314928793386912e+02
2.470317340340016017e+02 5.655091842733565954e+01 1.299198850616084258e+02
2.470713865793230752e+02 5.647050354533347871e+01 1.300198742636384281e+02
2.471389278815582600e+02 5.626239067055393406e+01 1.300801929237303511e+02
2.471146504457161939e+02 5.627813771011049937e+01 1.300450995212899841e+02
2.471106372002063551e+02 5.623185041212251889e+01 1.300161429651225546e+02
2.471170919867064981e+02 5.619532927809571987e+01 1.300823825120877189e+02
2.471249745047931015e+02 5.623380004559142975e+01 1.300678712402068413e+02
2.471182197746823590e+02 5.628626618195779230e+01 1.301248845217099301e+02
2.470931924798138084e+02 5.626465224537786725e+01 1.300600007198646608e+02
2.471391258443412653e+02 5.632678856375001430e+01 1.301049202749883023e+02
2.471364383495902644e+02 5.633900226757369722e+01 1.301071938475566583e+02
2.470943382644063036e+02 5.626651189576359968e+01 1.300615184345343209e+02
2.470861018128591695e+02 5.628666210752378873e+01 1.299887581134746597e+02
2.470996712618027686e+02 5.630518062604230067e+01 1.299683979411870496e+02
2.471086635712485986e+02 5.637457557979099931e+01 1.300421360784172577e+02
2.471343687386771251e+02 5.640449195551236272e+01 1.300917407527384739e+02
2.470884533707663024e+02 5.645347874599575277e+01 1.299360400244754032e+02
2.470599767243758151e+02 5.642800153571128874e+01 1.298986490539778629e+02
2.470461193295660394e+02 5.645441457006082686e+01 1.298497402488332284e+02
2.469449843429435134e+02 5.638282402908253488e+01 1.298971313393082028e+02
2.470034253560330626e+02 5.645248893208076879e+01 1.298642455218418945e+02
2.470404383975812550e+02 5.651667086587721656e+01 1.297843105496166629e+02
2.470530480269709415e+02 5.648598063564050165e+01 1.298292301047403043e+02
2.470178826380640373e+02 5.652856662947365862e+01 1.298436273980491649e+02
2.470315300723463849e+02 5.656778125712366290e+01 1.297825648778029688e+02
2.469893580006958587e+02 5.653530336296775971e+01 1.296868468727879247e+02
2.470123996688622583e+02 5.658512399668862258e+01 1.297352697692833772e+02
2.469904977864161424e+02 5.648907005482968913e+01 1.297328942158874270e+02
2.470445176306854194e+02 5.634250560894551541e+01 1.297567457318024253e+02
2.470177986538530774e+02 5.633296740212839637e+01 1.297535903250189051e+02
2.470529460461433189e+02 5.629193511619815382e+01 1.297798533875631506e+02
2.470455194423448404e+02 5.625309841749751172e+01 1.297932968601902814e+02
2.470710266469903615e+02 5.635994433046587204e+01 1.297750842841545875e+02
2.470580270909069043e+02 5.633344131303314839e+01 1.297040816326530717e+02
2.470581110751178642e+02 5.636256583762252603e+01 1.297500569892860085e+02
2.471011889764724287e+02 5.633754454162617265e+01 1.298787267993617149e+02
2.470765336116810147e+02 5.643927941546989047e+01 1.298575087883477863e+02
2.470986034625490504e+02 5.645471451367142635e+01 1.298456130247513443e+02
2.470632101164981123e+02 5.645342475614584288e+01 1.298026131087355566e+02
2.470373549772642718e+02 5.650457713949777627e+01 1.298114914396093411e+02
2.470363591644770906e+02 5.653072022459777912e+01 1.297962962962963047e+02
2.471076737573336288e+02 5.647520066227549052e+01 1.298982711250284865e+02
2.470418781269121382e+02 5.634056197434882307e+01 1.299361000131975175e+02
2.470320999652065552e+02 5.620102220782492708e+01 1.297842925530000286e+02
2.469436645910568870e+02 5.599666462705011583e+01 1.297098825420820845e+02
2.469209168676288755e+02 5.598016772846704470e+01 1.297096305894491763e+02
2.468990269829272108e+02 5.616994804976664568e+01 1.295885433538494738e+02
2.468814622850904072e+02 5.628810183685467194e+01 1.295419201190176182e+02
2.468522117841845613e+02 5.642890136654308719e+01 1.295036413154327022e+02
2.468644554823693227e+02 5.641542789955488502e+01 1.295320519742288354e+02
2.468865253332373584e+02 5.648125352433742563e+01 1.295258011493839092e+02
2.469034181573863975e+02 5.646350886033425809e+01 1.296118969633708957e+02
2.469407971301395435e+02 5.648833219354761326e+01 1.296304034841449777e+02
2.469735329758005378e+02 5.642801953232792300e+01 1.297912092526605079e+02
2.469829991961511269e+02 5.647311305474570986e+01 1.298747075549796648e+02
2.470049310729582714e+02 5.641648969993641316e+01 1.298819002027618694e+02
2.470370550336536724e+02 5.641418613300699292e+01 1.298859554403772165e+02
2.470041392218263070e+02 5.652007822529364489e+01 1.297870160409842981e+02
2.470052130199522367e+02 5.659417629485656676e+01 1.297703031830016016e+02
2.470281587061632536e+02 5.660711586221790270e+01 1.297617127979939653e+02
2.470573492183469568e+02 5.660761376861150040e+01 1.298156006670745910e+02
2.470419441145064638e+02 5.661593420436958013e+01 1.298455590349014415e+02
2.470798209936531862e+02 5.664773422596552166e+01 1.299278575627782004e+02
2.471468643894947661e+02 5.662541842133678927e+01 1.300299643666990619e+02
2.472361636012429642e+02 5.676960731382499858e+01 1.302274472399188880e+02
2.473315756637751974e+02 5.693025711166301051e+01 1.303760093102496853e+02
2.474105088243410364e+02 5.699640067667278487e+01 1.305910568813063151e+02
2.474415169948049709e+02 5.708737357376813293e+01 1.305893352049814666e+02
2.474450563294100789e+02 5.706512975560594469e+01 1.306033965614464591e+02
2.474806116450107254e+02 5.695391666366722916e+01 1.306140205641339378e+02
2.474228844977144206e+02 5.695422860502225859e+01 1.305723044067715364e+02
2.474581938595543988e+02 5.687645322679336601e+01 1.306033065783632594e+02
2.474506712738005376e+02 5.683420916867628847e+01 1.306075057889116806e+02
2.474665562874179727e+02 5.683612280891192370e+01 1.306251124788539641e+02
2.474667722468176123e+02 5.677523425595988016e+01 1.305987594332265473e+02
2.474564661843573390e+02 5.678412458457810175e+01 1.306509736169600160e+02
2.475076485620703295e+02 5.685455134434726432e+01 1.307344539226625386e+02
2.475656936495938680e+02 5.684107787735905504e+01 1.308704303590924951e+02
2.476498518278563665e+02 5.686266181957791588e+01 1.310310921546749228e+02
2.476007870520342067e+02 5.691560786572124186e+01 1.310306722336200664e+02
2.476639491775546276e+02 5.692265054169816096e+01 1.309935452134998570e+02
2.476348366507096728e+02 5.706369002627506148e+01 1.310017396729414827e+02
2.475914168136390288e+02 5.707834527108903444e+01 1.310001679684219482e+02
2.475813087139617892e+02 5.715836422752522594e+01 1.309950089383195859e+02
2.475626582202546047e+02 5.714426087895475348e+01 1.309137122221022480e+02
2.475722684135382679e+02 5.715634260758977092e+01 1.309883321935476204e+02
2.475148951997024653e+02 5.715598267525705012e+01 1.310148292121081113e+02
2.475367970821485528e+02 5.707483593084499773e+01 1.308822301407335544e+02
2.475788431774826392e+02 5.701133786848072305e+01 1.308464048758833371e+02
2.475731802421144891e+02 5.692688574547985070e+01 1.308026251064799794e+02
2.475870496346686878e+02 5.691554187812690913e+01 1.308311917359536380e+02
2.475227417245557717e+02 5.694584218166984613e+01 1.308305078645214792e+02
2.474884101788863688e+02 5.698601662887377017e+01 1.307728826980527685e+02
2.474910016916819586e+02 5.700205761316872355e+01 1.307938787507948462e+02
2.475281827016520992e+02 5.706836914660043902e+01 1.308427815570672692e+02
2.475136534331545590e+02 5.707523785528320559e+01 1.307888696924977978e+02
2.474745767795654388e+02 5.695893172083648182e+01 1.306950473311017618e+02
2.474649365919207185e+02 5.683683067583294246e+01 1.306449567481313636e+02
2.474407011481841323e+02 5.681483281143145092e+01 1.305468991829536094e+02
2.474290513383483869e+02 5.677810771574944226e+01 1.304761364863405788e+02
2.473754034241562465e+02 5.676277459837550765e+01 1.304472759121285321e+02
2.474202869860466194e+02 5.683691466004390946e+01 1.304670301983227034e+02
2.474106887905073791e+02 5.684915235935643807e+01 1.304135802469135683e+02
2.473798845816986329e+02 5.687492351437929727e+01 1.303688946478062007e+02
2.473974912716409449e+02 5.681795222498170261e+01 1.303450311341467796e+02
2.473337352577715365e+02 5.683161165700848017e+01 1.303184201370142432e+02
2.473211076317652157e+02 5.683342331641651413e+01 1.303619839470179613e+02
2.473543533815642661e+02 5.679263698424696116e+01 1.303673529376477234e+02
2.473250968817862372e+02 5.671403376165280719e+01 1.304675640979495768e+02
2.473044787579935075e+02 5.671378180901990618e+01 1.305058788947677897e+02
2.473203157806332513e+02 5.672224021883885570e+01 1.304377736985446745e+02
2.473231052562118464e+02 5.668482525285246254e+01 1.303915283926621669e+02
2.473475626582202551e+02 5.666690062268293815e+01 1.304951469123804770e+02
2.473719240782732811e+02 5.664766823837118892e+01 1.305220878474846700e+02
2.473884449723452121e+02 5.667082988398180987e+01 1.305248533275744194e+02
2.474182593672389601e+02 5.667391930317100446e+01 1.305794250680872040e+02
2.474578699204549537e+02 5.665852619707494853e+01 1.306085555915487930e+02
2.474624650565693571e+02 5.670519142401228407e+01 1.306420532939807231e+02
2.474286434150379819e+02 5.677168292361036350e+01 1.306447407887317240e+02
2.474574499994001258e+02 5.671277399848828082e+01 1.307184309349842124e+02
2.474481817418325420e+02 5.675232456298216022e+01 1.307351497918391203e+02
2.474495674813135224e+02 5.675913928181501689e+01 1.305998452290969283e+02
2.474553863873591695e+02 5.685545717405128130e+01 1.305722444180493937e+02
2.474437545741400584e+02 5.691714357700752203e+01 1.304777441840933818e+02
2.474206709138681788e+02 5.687122221022448088e+01 1.304738269205389258e+02
2.473921042843945202e+02 5.676507216643270937e+01 1.304198130751418603e+02
2.473638735917647580e+02 5.668588705323399068e+01 1.302530444276476089e+02
2.473417857442800880e+02 5.666250944822373725e+01 1.301361444048518763e+02
2.473097937587733384e+02 5.663662431462884683e+01 1.301816818438133510e+02
2.473307658160265987e+02 5.664450083384323875e+01 1.302543701784064467e+02
2.473363627638003948e+02 5.665573672149636053e+01 1.301897083348330568e+02
2.473449771442968768e+02 5.661160901750471197e+01 1.303101356944894462e+02
2.473305678532435934e+02 5.665103960455434162e+01 1.302921090834923064e+02
2.473258107475794532e+02 5.670931864809416112e+01 1.302898235131795275e+02
2.473463508860334343e+02 5.671367982819229780e+01 1.303178022531764100e+02
2.473649893819961960e+02 5.670538338792307087e+01 1.303430695029334458e+02
2.473205857298827937e+02 5.660325258851335661e+01 1.303128651813458987e+02
2.473378444852367863e+02 5.659711574224046160e+01 1.302781677044715707e+02
2.473086659707974775e+02 5.660378648814022995e+01 1.302627626006310777e+02
2.472425703967654158e+02 5.656345607025879474e+01 1.303462669018224460e+02
2.472963442872739961e+02 5.654846488860093956e+01 1.303051686282978778e+02
2.472694993341251859e+02 5.648271125028494311e+01 1.304001367742864375e+02
2.472633264946190081e+02 5.652569316968409652e+01 1.303868072802313236e+02
2.472541842133678927e+02 5.655086443748574965e+01 1.303729138921882793e+02
2.472596131927197689e+02 5.652649701856051223e+01 1.303360628201897953e+02
2.472942386831275599e+02 5.653214195731202807e+01 1.303826200674273252e+02
2.472672977480233669e+02 5.651151783464708700e+01 1.303785648298120066e+02
2.472487012441660852e+02 5.657271233008194145e+01 1.302660199882422205e+02
2.472348978392062406e+02 5.659762564637848214e+01 1.301617535903250200e+02
2.472854623330813695e+02 5.667508308438013387e+01 1.301203973652953323e+02
2.472767399728851103e+02 5.667981619455542130e+01 1.301416993605202208e+02
2.473021511955752203e+02 5.658138669930053055e+01 1.301468103996448633e+02
2.473348750434918202e+02 5.666255144032921720e+01 1.301608477606210101e+02
2.473277063911984612e+02 5.655832103564529945e+01 1.302785036413154387e+02
2.473122233020192198e+02 5.654031242126480095e+01 1.301533911624614461e+02
2.472205065447695915e+02 5.636735893651993479e+01 1.300660835762876673e+02
2.472134938631537295e+02 5.638061044523629306e+01 1.300125016496898525e+02
2.472232960203481866e+02 5.641385619503533633e+01 1.300059448823621153e+02
2.472019820273788469e+02 5.652715089563162110e+01 1.300510084104188309e+02
2.471839494175094956e+02 5.662982759241262443e+01 1.300544577619407676e+02
2.472351077997336404e+02 5.665335516922818471e+01 1.301038464768623442e+02
2.472427263674429128e+02 5.651968829859985988e+01 1.301856650949621610e+02
2.472902734285954125e+02 5.650244154099029714e+01 1.302726367442920719e+02
2.473541854131423179e+02 5.650437917671477805e+01 1.304268737477354136e+02
2.473426015909008981e+02 5.650415121957072273e+01 1.303827760381048222e+02
2.473543173883309976e+02 5.653935860058309260e+01 1.303042687974660794e+02
2.473367766859830397e+02 5.655508764352301654e+01 1.302985278767591808e+02
2.473198598663451264e+02 5.664447083948217454e+01 1.302317064391894235e+02
2.473079101128987816e+02 5.666511895763596129e+01 1.302767279751406875e+02
2.473257807532183961e+02 5.665175347034757181e+01 1.303566869428547363e+02
2.473000935824065039e+02 5.664443484624890601e+01 1.303363567649281833e+02
2.473221874287633852e+02 5.676071698520678410e+01 1.304278035729282976e+02
2.473091518794466594e+02 5.676929537246997626e+01 1.304838090438997540e+02
2.473471127428043417e+02 5.678224093870352363e+01 1.304882842025699290e+02
2.473857394809775769e+02 5.677551020408163396e+01 1.304778221694321587e+02
2.473922002663499313e+02 5.679735209780561433e+01 1.304731910400844583e+02
2.473690086263782462e+02 5.678486844473238904e+01 1.304979843789367635e+02
2.473962794994540957e+02 5.675291845133114776e+01 1.306018068603102620e+02
2.474048458889728863e+02 5.688903886069419258e+01 1.306005530960179613e+02
2.474399392914132250e+02 5.682708850736061379e+01 1.306173619359560405e+02
2.474774082472495138e+02 5.681927797574056171e+01 1.306778425655976719e+02
2.474794838570348645e+02 5.678939159438025541e+01 1.307245497846404874e+02
2.474619251580702723e+02 5.681104152419344899e+01 1.306219690698148668e+02
2.474387395169707986e+02 5.677751382740044761e+01 1.305275468211976033e+02
2.474052538122832914e+02 5.668680488068243051e+01 1.305283626678184419e+02
2.474380796410274854e+02 5.675323039268617720e+01 1.305375949321527571e+02
2.474520570132814896e+02 5.685436537930868894e+01 1.305967738065243680e+02
2.475019136402356423e+02 5.686168400340736184e+01 1.306983227153295104e+02
2.475756037864881307e+02 5.696503857274832683e+01 1.306554727711190367e+02
2.475890952500929814e+02 5.702135598507480552e+01 1.306903502141597357e+02
2.475870316380520535e+02 5.697181129947569644e+01 1.308206457186049079e+02
2.475675532999796076e+02 5.703055825504804943e+01 1.309613972573156389e+02
2.475405283806644263e+02 5.703273584566101562e+01 1.309497594452242879e+02
2.475368150787651871e+02 5.707490791731154189e+01 1.310607805732522309e+02
2.475786332169552111e+02 5.700940623162845355e+01 1.312014421288797621e+02
2.475932164753026541e+02 5.710851359944330596e+01 1.311913640235635796e+02
2.476161501637692197e+02 5.711285678292480839e+01 1.311914360100301167e+02
2.476456766127967910e+02 5.716669666102772851e+01 1.312213523857514872e+02
2.476429951169180299e+02 5.716380520462153214e+01 1.312559538806704325e+02
2.476208232852223716e+02 5.724255240014877444e+01 1.312174471199414540e+02
2.476701220170608053e+02 5.726788563750015015e+01 1.312867400928625443e+02
2.476929357280831141e+02 5.728336272780717309e+01 1.313106755929885310e+02
2.477575075885733611e+02 5.732329722012261897e+01 1.314749907017480837e+02
2.478207237039436563e+02 5.740974696757009355e+01 1.315179966166360828e+02
2.478475326638591980e+02 5.740154650925625646e+01 1.316237027438841380e+02
2.478795426459825535e+02 5.741082076569605164e+01 1.317676696781005035e+02
2.479489495974756608e+02 5.755204621531152043e+01 1.319140061668406361e+02
2.481178118513719539e+02 5.772021859890340778e+01 1.321564925793950636e+02
2.482193907545381535e+02 5.791719756685743192e+01 1.324837310585609771e+02
2.483475926525813122e+02 5.797880598447491707e+01 1.326881426291857053e+02
2.483583006394797792e+02 5.795137314184933075e+01 1.328471847292709072e+02
2.483681987786296190e+02 5.790923106455986158e+01 1.327725707566977462e+02
2.483207117061992335e+02 5.793394041920119264e+01 1.326788323795126416e+02
2.483468427935547993e+02 5.794959147680236100e+01 1.327163973173043416e+02
2.483245869776482095e+02 5.793281263122533176e+01 1.328370946262102734e+02
2.483501961631213248e+02 5.799017384731670433e+01 1.328993869152599245e+02
2.483644074913916313e+02 5.807731346506857051e+01 1.328040408403220169e+02
2.484227825168868264e+02 5.801157182449699690e+01 1.328367046995165026e+02
2.484250860838162396e+02 5.806535771275000002e+01 1.328629437665718740e+02
2.484321527552820044e+02 5.804685719084812234e+01 1.328301239366998914e+02
2.484089011265882050e+02 5.806063060144693111e+01 1.327297028158706098e+02
2.484067835246973459e+02 5.808156666546689451e+01 1.327599311329470027e+02
2.483980851599899324e+02 5.801462525045291585e+01 1.328764892200266274e+02
2.484094050318540212e+02 5.800173967294148980e+01 1.328866093174483183e+02
2.483742216463304828e+02 5.800849440305222515e+01 1.329134902638303970e+02
2.483752114602454810e+02 5.805683931420892918e+01 1.329825312841185792e+02
2.484046239307010353e+02 5.807739744927953751e+01 1.328448991589581283e+02
2.484132803033029688e+02 5.799754046239306859e+01 1.327328282282930729e+02
2.484401912440461331e+02 5.795184105388187135e+01 1.327381672245617779e+02
2.484140781533071731e+02 5.796586641711358112e+01 1.327487432362715936e+02
2.484668082400508808e+02 5.797381492279451720e+01 1.327126300255551996e+02
2.484563402080408991e+02 5.799672461577223714e+01 1.327058213055945544e+02
2.484484396933376615e+02 5.810574212048135223e+01 1.326750170967858082e+02
2.484572760321059661e+02 5.816694261478841810e+01 1.327234819853867407e+02
2.484786920059029001e+02 5.818844857166852336e+01 1.327614068555111544e+02
2.484723631957191969e+02 5.820677512627626271e+01 1.328183781449087633e+02
2.485093882350118122e+02 5.815892812151315638e+01 1.328042927929549251e+02
2.485091902722288069e+02 5.820399764844209045e+01 1.327929309289853563e+02
2.484990761736793559e+02 5.824538386783284949e+01 1.328097457677956470e+02
2.484782360916147752e+02 5.821512555639539954e+01 1.328453850676072818e+02
2.484632029178514472e+02 5.815432698652653443e+01 1.326605118237771421e+02
2.484188592544601590e+02 5.807010881954192882e+01 1.326235407743344297e+02
2.484247741424612173e+02 5.803008434414330452e+01 1.325982555279607311e+02
2.483983791047283205e+02 5.797251916639671521e+01 1.325372949885421576e+02
2.484251160781772967e+02 5.790475590588969368e+01 1.325684651285558289e+02
2.484493575207860943e+02 5.790857118861654129e+01 1.326326290657356424e+02
2.484049118765672119e+02 5.801768467528104622e+01 1.326227249277135911e+02
2.484058716961211246e+02 5.803625118477726375e+01 1.325942002903454124e+02
2.483569089011265874e+02 5.803041428211496111e+01 1.326029406471583343e+02
2.483479765804028716e+02 5.806614356500978147e+01 1.325542777957743965e+02
2.483668370346374843e+02 5.805250212959963818e+01 1.326379260698988674e+02
2.483410118897647294e+02 5.803528536635112545e+01 1.326401396537451092e+02
2.483384623690746196e+02 5.806592160673793046e+01 1.325743980131735213e+02
2.483005674933112630e+02 5.806983287142017502e+01 1.325541818138190138e+02
2.482869020624122527e+02 5.803590924906117721e+01 1.325440917107583800e+02
2.483090319020024310e+02 5.800484108987510012e+01 1.325113678628417802e+02
2.482995596827796305e+02 5.804103828480245397e+01 1.325032813830999885e+02
2.482700572292409049e+02 5.802120001439729435e+01 1.324271436969849560e+02
2.482459057697153071e+02 5.808456010270069214e+01 1.323665670853879419e+02
2.482341599779241506e+02 5.815025375229456728e+01 1.323734177974540671e+02
2.482919711094314152e+02 5.813318096197914997e+01 1.323479585837862373e+02
2.482709450623282805e+02 5.801531512075730035e+01 1.324156858510600046e+02
2.482692773758533349e+02 5.805902290369410679e+01 1.324393514019364488e+02
2.482496850592088720e+02 5.807805132635064638e+01 1.324729930773014814e+02
2.482389050858438679e+02 5.802491331629653359e+01 1.324448283722660165e+02
2.482313944978344011e+02 5.804193811563425953e+01 1.325304922674537238e+02
2.482405067847244595e+02 5.803463748815222800e+01 1.325308581986586489e+02
2.482853123612760839e+02 5.802242378432854508e+01 1.325183685467132193e+02
2.482452998836218683e+02 5.790171447767819757e+01 1.324583798245929813e+02
2.481974408811143462e+02 5.780831203733698231e+01 1.323908205257411623e+02
2.481789643547013213e+02 5.777763380484469025e+01 1.323097757621567041e+02
2.481903742096485814e+02 5.778955356392997800e+01 1.323174843129491762e+02
2.481685203181801853e+02 5.782153955056449490e+01 1.322698832619467453e+02
2.481925278047727090e+02 5.782892416225749344e+01 1.322424924114266389e+02
2.482036437149815811e+02 5.780421480761616948e+01 1.322585333957215994e+02
2.482087727507228578e+02 5.780119137602130763e+01 1.323071842493611143e+02
2.482137218202977920e+02 5.784141981307514158e+01 1.323336212791995194e+02
2.481990005878894863e+02 5.790103060624602449e+01 1.323282762840586031e+02
2.481953352769679384e+02 5.792035297364095214e+01 1.323262726607397894e+02
2.481443988530156446e+02 5.792118081800621354e+01 1.322725047691034206e+02
2.481464744628009953e+02 5.783903226193475433e+01 1.323822241418613430e+02
2.481450407323423235e+02 5.777011721796302623e+01 1.323387923070462762e+02
2.481419813075141860e+02 5.777960743380244679e+01 1.323142929129323591e+02
2.481594260279067612e+02 5.771248605262210418e+01 1.323315396705419289e+02
2.481677524625370381e+02 5.776613396681423751e+01 1.323258587385571445e+02
2.481822337400568586e+02 5.776042903934060746e+01 1.323538494762984499e+02
2.482145556635352648e+02 5.780410682791634969e+01 1.323035609305450464e+02
2.482023899506892803e+02 5.773350610085304169e+01 1.324109347442680757e+02
2.482437281791023338e+02 5.775207860922146352e+01 1.325195623222834058e+02
2.482684915235935534e+02 5.765206541170260124e+01 1.325415301923238474e+02
2.482983479105928097e+02 5.771135826464624330e+01 1.326444228485044903e+02
2.483007294628609714e+02 5.794288473766931702e+01 1.326476682383711818e+02
2.483218094998140373e+02 5.793993329254099933e+01 1.326122928889368779e+02
2.483324754946070243e+02 5.796645430659036435e+01 1.325840561974348759e+02
2.483026551008410365e+02 5.793098297520066353e+01 1.325055309601794988e+02
2.482530144332865518e+02 5.789470179606234268e+01 1.324483377125100390e+02
2.482437041836134881e+02 5.781203133810843298e+01 1.324476358444612458e+02
2.482725707566977462e+02 5.784885841461805001e+01 1.324950389326806430e+02
2.482569676900742763e+02 5.787116822037457098e+01 1.324480857598771308e+02
2.482825288845697003e+02 5.786356165040972144e+01 1.325411582622467108e+02
2.483046287297987931e+02 5.784765864017564496e+01 1.325711226289457443e+02
2.483075741760549136e+02 5.788459369638508178e+01 1.325155970677512585e+02
2.482787196007150783e+02 5.794166096773806629e+01 1.324919435146192654e+02
2.482858582586473801e+02 5.799222546161321645e+01 1.324911816578483297e+02
2.482642443220674409e+02 5.801105592148675782e+01 1.325207740944702266e+02
2.482547541062280345e+02 5.800977816170559720e+01 1.323804904677920433e+02
2.482564577859362487e+02 5.800661675604986556e+01 1.323985770675112974e+02
2.482382932008782461e+02 5.787430563054145694e+01 1.324834911036725202e+02
2.482317484312949034e+02 5.793025111279079198e+01 1.325288845697008924e+02
2.482394209888541070e+02 5.800124776542010352e+01 1.324327046515255120e+02
2.482354857286830168e+02 5.796558447011961590e+01 1.324761124908517331e+02
2.482469795678412368e+02 5.797184729270897208e+01 1.325209120685311177e+02
2.482689174435206212e+02 5.797107943706583200e+01 1.325845721004451150e+02
2.482993737177410765e+02 5.792472015261130736e+01 1.326031206133247053e+02
2.482996976568405216e+02 5.790511583822241448e+01 1.326450287345979007e+02
2.483240290825324905e+02 5.802672497570456756e+01 1.326506916699660508e+02
2.483174663163325420e+02 5.803668310357652871e+01 1.327084128183901441e+02
2.483730758617379877e+02 5.803073222234220196e+01 1.327428103516539011e+02
2.483826920538938623e+02 5.798210536419153271e+01 1.326938775510204209e+02
