2.503531477246070835e+02 5.886044159042927504e+01 1.348954961294862755e+02
2.502754735514895685e+02 5.881392945109077885e+01 1.348106453788412011e+02
2.502774454609429995e+02 5.879716455547736587e+01 1.347938218390804650e+02
2.499305286769880468e+02 5.823476718273516184e+01 1.341352040816326507e+02
2.497196369927281125e+02 5.803280406990382545e+01 1.337836690710767016e+02
2.494006348228946877e+02 5.806573275862069039e+01 1.333539247595589927e+02
2.488228946751114279e+02 5.840986394557823047e+01 1.328707922824302159e+02
2.487067939244663251e+02 5.845905172413792883e+01 1.326915024630541780e+02
2.485763620103213611e+02 5.853107406755805897e+01 1.325327674173117600e+02
2.483985749472202542e+02 5.859127961529439688e+01 1.323809083978418926e+02
2.484314963054187331e+02 5.852595003518649008e+01 1.323673396082570832e+02
2.484598287590898451e+02 5.850872331691297035e+01 1.323071707131128392e+02
2.483970062162796069e+02 5.847769323246539841e+01 1.322780758855266185e+02
2.483520481468449361e+02 5.844222818437719980e+01 1.322258899249355011e+02
2.483438379662209741e+02 5.850179597701149703e+01 1.321345003518648866e+02
2.483631172296504701e+02 5.849525715458597119e+01 1.321605750058644162e+02
2.483628899835796346e+02 5.848031755805770615e+01 1.321237244897959044e+02
2.483704550785831486e+02 5.852221880131362752e+01 1.321577087731644440e+02
2.483966983345062260e+02 5.869233814215341027e+01 1.321859752521698397e+02
2.483769719094534310e+02 5.869306386347642501e+01 1.321599005981703101e+02
2.483882095941825128e+02 5.873634324419423081e+01 1.321352773868167958e+02
2.483765687309406474e+02 5.869384822894674869e+01 1.321205943584330385e+02
2.483601117171006365e+02 5.874562368050668226e+01 1.321500043983110402e+02
2.483559626436781684e+02 5.868619516772226063e+01 1.322005483227773937e+02
2.483979885057471222e+02 5.877853770818672530e+01 1.322711632066619813e+02
2.484084271639690371e+02 5.878929157870044264e+01 1.323626847290640285e+02
2.484546387520525457e+02 5.880355676753460159e+01 1.324336074947220254e+02
2.484426533544452127e+02 5.882117200328406881e+01 1.324071369927281125e+02
2.484017490616936357e+02 5.860661505981703101e+01 1.321735133708655781e+02
2.483222935726014668e+02 5.832038030729533062e+01 1.319154644616467351e+02
2.482613769645789432e+02 5.817091836734693544e+01 1.317327952732817380e+02
2.482842848346234916e+02 5.811893033075298831e+01 1.317220340722495848e+02
2.482760160098522135e+02 5.833378782547502084e+01 1.318376510086793303e+02
2.483078964344358326e+02 5.840396287825475241e+01 1.318709022402064193e+02
2.482402724020642779e+02 5.852129515599343534e+01 1.318600457424348917e+02
2.482693965517241281e+02 5.854187192118226335e+01 1.318856805653295794e+02
2.482751656697161593e+02 5.853186576354679715e+01 1.318935828641801606e+02
2.482539364883884616e+02 5.852888224255219285e+01 1.318877770935960712e+02
2.482587379779498065e+02 5.853525979357259956e+01 1.318347774454609294e+02
2.482678864649307968e+02 5.849803542106497645e+01 1.317536212760966521e+02
2.482416578700445768e+02 5.850475750645085782e+01 1.317353829462819590e+02
2.482453744428806033e+02 5.846498211353507202e+01 1.318230706075533760e+02
2.482785157166314889e+02 5.846590575885526420e+01 1.318796255571193967e+02
2.483070607553366074e+02 5.843209740792868701e+01 1.319402489444053401e+02
2.482789335561811015e+02 5.847204140276800644e+01 1.319329550785831486e+02
2.483092379193056445e+02 5.849750029322073885e+01 1.319024747830166575e+02
2.482960503166783894e+02 5.846679275158339095e+01 1.319174143795449083e+02
2.482680404058174872e+02 5.847590458597232299e+01 1.319302061341778085e+02
2.482771449096880190e+02 5.845363447102979393e+01 1.319255805770584118e+02
2.482969226483697014e+02 5.846939508562045518e+01 1.318980984635233540e+02
2.482942030260379909e+02 5.851329022988505812e+01 1.319448818320431656e+02
2.482865279732582735e+02 5.849976542341074293e+01 1.319778031902416160e+02
2.483341176988036523e+02 5.851712409101571666e+01 1.320558878723903433e+02
2.483593200211118983e+02 5.855615177105325131e+01 1.321050609899131985e+02
2.483887300609899000e+02 5.860913675815153567e+01 1.321393678160919478e+02
2.483720897841895408e+02 5.860149835796387663e+01 1.321921988623035418e+02
2.483747361013370778e+02 5.856590136054421691e+01 1.321802281257330378e+02
2.483173454726718319e+02 5.849500058644147060e+01 1.320901507154586056e+02
2.482718889279849748e+02 5.842309553131597255e+01 1.319472275979357221e+02
2.482707013840018817e+02 5.831258796622097407e+01 1.319178102275392916e+02
2.483322630776448534e+02 5.830712673000234503e+01 1.318907606145906755e+02
2.483275715458597119e+02 5.833066502463054093e+01 1.318197205606380464e+02
2.483113564391273655e+02 5.828155055125498762e+01 1.318611746422706972e+02
2.482754442294159105e+02 5.825458890452733129e+01 1.318181151771053123e+02
2.482847979709125070e+02 5.824840927750410202e+01 1.318684465165376594e+02
2.483647152826648039e+02 5.829734781843772140e+01 1.319323319845179583e+02
2.483738271170537075e+02 5.820474137931034164e+01 1.318982817264837024e+02
2.483319112127609571e+02 5.830818232465399831e+01 1.319599313863476482e+02
2.483084755453905643e+02 5.832072484166080528e+01 1.319699961881304375e+02
2.482974284541402881e+02 5.835392475955899272e+01 1.319511201032136967e+02
2.483019733755571110e+02 5.845410362420830097e+01 1.319354694463992530e+02
2.483212159863945487e+02 5.843597525216983257e+01 1.320477436664320976e+02
2.483257242552193418e+02 5.843454580107905372e+01 1.320095883180858607e+02
2.483583817147548700e+02 5.846746715927750415e+01 1.320330166549378248e+02
2.483707849519117872e+02 5.843158427163969293e+01 1.320622654234107358e+02
2.483699859254046487e+02 5.842555858550316827e+01 1.320351498357963749e+02
2.484175536593947982e+02 5.848379222378606812e+01 1.321091294276331212e+02
2.484038529204785277e+02 5.851315095003518962e+01 1.321127507037297732e+02
2.484324199507389039e+02 5.846622830166549534e+01 1.320822190945343664e+02
2.484400143678161044e+02 5.850744780670888900e+01 1.320720516654937740e+02
2.484471249706779190e+02 5.859430711939948111e+01 1.320665317851278360e+02
2.484449331456720529e+02 5.853656462585033893e+01 1.320688115763546762e+02
2.484320754163734364e+02 5.850745513722730351e+01 1.320913602509969564e+02
2.484769235280319037e+02 5.845445548909219013e+01 1.322021903589021861e+02
2.484760658573774208e+02 5.848522167487684698e+01 1.322898267065446873e+02
2.485141479005395126e+02 5.850532928688716794e+01 1.323547457776213889e+02
2.485755336617405646e+02 5.860988447102979393e+01 1.324315622800844494e+02
2.486165772343420031e+02 5.854509001876612473e+01 1.324939743138634753e+02
2.485396507741027392e+02 5.858376583391977732e+01 1.323422179216514110e+02
2.484200753577293028e+02 5.857626671358198678e+01 1.322089344358433038e+02
2.484400950035186497e+02 5.854758972554539298e+01 1.321860632183908137e+02
2.484572557471264247e+02 5.861386494252873547e+01 1.321542560989913113e+02
2.484977935139573049e+02 5.852868431855500830e+01 1.322737142270701440e+02
2.485347906403940783e+02 5.857253547970912422e+01 1.323746994487450195e+02
2.485465634529674048e+02 5.851664027680037350e+01 1.323841704785362481e+02
2.485721762843068348e+02 5.855280905465634333e+01 1.324183380248651076e+02
2.485609312690593526e+02 5.847119839315036671e+01 1.324172531081398176e+02
2.485377668308702823e+02 5.846002668308702965e+01 1.323508532723434143e+02
2.485203201970443274e+02 5.849233960825709744e+01 1.322497361013370778e+02
2.485385658573774208e+02 5.854235573539760651e+01 1.323000967628430544e+02
2.485105999296270340e+02 5.853580225193525877e+01 1.322117200328407307e+02
2.485259793572601552e+02 5.849799876847290392e+01 1.322239546680741284e+02
2.485478976073187880e+02 5.852971059113300356e+01 1.323167883532723295e+02
2.485613271170537075e+02 5.862670801079052296e+01 1.323493505160684833e+02
2.485852026155289707e+02 5.869469123856438841e+01 1.324418103448275872e+02
2.486121569317382125e+02 5.870642006802721369e+01 1.324415464461646650e+02
2.486376598053014391e+02 5.869081339432324995e+01 1.324183893384940234e+02
2.486340971733521030e+02 5.874613681679568344e+01 1.324589930799906199e+02
2.486623416608022410e+02 5.879484811165845315e+01 1.324177882359840623e+02
2.486719886230354177e+02 5.889850164203612337e+01 1.324786535303776702e+02
2.486908793689889876e+02 5.891202644851043857e+01 1.324942895261552849e+02
2.487215869106263142e+02 5.890307588552662565e+01 1.324543162092423074e+02
2.487423469387755119e+02 5.885352158104620912e+01 1.325830401125967626e+02
2.487588552662444386e+02 5.879942235514895543e+01 1.326938189068731049e+02
2.487785157166314889e+02 5.880519147314097950e+01 1.327628357377433872e+02
2.487788675815153567e+02 5.885334564860426809e+01 1.328469534365470395e+02
2.488339784189537909e+02 5.883751905934787629e+01 1.328915596410978139e+02
2.487555345414027670e+02 5.881373885761200881e+01 1.328059318555008304e+02
2.487175991086089653e+02 5.880807236687778783e+01 1.327308233638282786e+02
2.486647314098053130e+02 5.878484195402298695e+01 1.326408339197748205e+02
2.486398956134177922e+02 5.878205635702556719e+01 1.326314801782781956e+02
2.486666959887403152e+02 5.879912180389397491e+01 1.327366804480412839e+02
2.487098214285714164e+02 5.887364385409335910e+01 1.326784101571663257e+02
2.487225838611306585e+02 5.901124501524747501e+01 1.326527093596059217e+02
2.487264836969270334e+02 5.900424437016185664e+01 1.326390892563922250e+02
2.487590825123152740e+02 5.900085034013605423e+01 1.326827424935491422e+02
2.487596689537884060e+02 5.902103858784893475e+01 1.327143003753225514e+02
2.487767710532488934e+02 5.908919041754632673e+01 1.326209388927985060e+02
2.487898340370630876e+02 5.904653413089373970e+01 1.326817602040816269e+02
2.488084169012432483e+02 5.905937719915552719e+01 1.326919203026037906e+02
2.488077791461412289e+02 5.899134998827116760e+01 1.326855867346938851e+02
2.488044877433732154e+02 5.905805037532254431e+01 1.326831383415435255e+02
2.488116789819376038e+02 5.902886025099694933e+01 1.328660494370161871e+02
2.488220663265306030e+02 5.900775568848229113e+01 1.329509808233638353e+02
2.488271537063100993e+02 5.903879310344827758e+01 1.329372874149659935e+02
2.487933893384940234e+02 5.902350164203612337e+01 1.329362611423879912e+02
2.488323437133473988e+02 5.905439244663382681e+01 1.329526301900070280e+02
2.488624574829931930e+02 5.906089461646728012e+01 1.330277753342716380e+02
2.489046446164672659e+02 5.904873328641801322e+01 1.330294833450621752e+02
2.489119018296973991e+02 5.898598404879192714e+01 1.330088406052076095e+02
2.489109268707483125e+02 5.899534512080694526e+01 1.330046035655641674e+02
2.488923659981233811e+02 5.899352715224020471e+01 1.329833523926812120e+02
2.488802853037766738e+02 5.894866437954492255e+01 1.329626436781609300e+02
2.489195402298850581e+02 5.896625762373915336e+01 1.330325621627961539e+02
2.489117405582922800e+02 5.896995220501993629e+01 1.330233183790757607e+02
2.489205738329814608e+02 5.899491995073891815e+01 1.330710840370630876e+02
2.489259837555711954e+02 5.897045801079052296e+01 1.330769704433497509e+02
2.489254119751348924e+02 5.903079550785831486e+01 1.330092731057940512e+02
2.488820006450856113e+02 5.895559171944639587e+01 1.328290523105794136e+02
2.487951413323950192e+02 5.890879368988974818e+01 1.326008679333802434e+02
2.487866306005160766e+02 5.883990880835092696e+01 1.326102876495425846e+02
2.487839989444053401e+02 5.887648809523809490e+01 1.326178893971381569e+02
2.487748504574243498e+02 5.890458597231996407e+01 1.327623445930096295e+02
2.488262960356556448e+02 5.898745015247478563e+01 1.328784453436547039e+02
2.488206955195871330e+02 5.898923146844944654e+01 1.330721762843068348e+02
2.488423572015013008e+02 5.900903852920478698e+01 1.331319786535303820e+02
2.488711807999061705e+02 5.906070402298850297e+01 1.332179289819376038e+02
2.489248621862538187e+02 5.904724519117991832e+01 1.332432632535772825e+02
2.489625043983110402e+02 5.900503606615059482e+01 1.332317176870748199e+02
2.489925228712174601e+02 5.893552076002814744e+01 1.332159057588552571e+02
2.489946120689655231e+02 5.889221205723669073e+01 1.332316956955195906e+02
2.489759852216748754e+02 5.888347407928688426e+01 1.332267989092188714e+02
2.489477847173351961e+02 5.907466133004925979e+01 1.331146932911095462e+02
2.490043103448275872e+02 5.911117464227070428e+01 1.331329096293689815e+02
2.490157166314801884e+02 5.925868666432089782e+01 1.331678102275392916e+02
2.490353257682383230e+02 5.927608931503635858e+01 1.332247610250996956e+02
2.490389836969270334e+02 5.926891273750879918e+01 1.332652694698569178e+02
2.490317044921416709e+02 5.927321575181797186e+01 1.332407122331691198e+02
2.490481248533896235e+02 5.920839197748064464e+01 1.333396815622800773e+02
2.490657840722495848e+02 5.920864854562514523e+01 1.333371232113535143e+02
2.491012197982641396e+02 5.918677427867698526e+01 1.333803512784424186e+02
2.491284746657283620e+02 5.915703436547032368e+01 1.334658544452263698e+02
2.491339432324654126e+02 5.922383737977949636e+01 1.335381993314567239e+02
2.491591602158104592e+02 5.927172765657986986e+01 1.335123959066385169e+02
2.491581632653061149e+02 5.929530260380013829e+01 1.335121466690124237e+02
2.491556782195636970e+02 5.930596117757448127e+01 1.335720956486042610e+02
2.491556122448979522e+02 5.926779849870982986e+01 1.335786711236218594e+02
2.491395437485338960e+02 5.925972026741731469e+01 1.334682955078583291e+02
2.491019015364766460e+02 5.923636523574947432e+01 1.332918792517006921e+02
2.490709667487684840e+02 5.924360045742434977e+01 1.332487538118695625e+02
2.490133488740323742e+02 5.926593654703260938e+01 1.332515027562749310e+02
2.490263752052545101e+02 5.930434846352333977e+01 1.332344226483697014e+02
2.490693100516068625e+02 5.925281491907107778e+01 1.333332673586675980e+02
2.491177134646962372e+02 5.924651800375322352e+01 1.333582204433497509e+02
2.491475193525686223e+02 5.926254984752521437e+01 1.333717745718977312e+02
2.491687338728594909e+02 5.930935520760028368e+01 1.334318774923762589e+02
2.492283309875674320e+02 5.931145173586676123e+01 1.335059377199155506e+02
2.492463494018296899e+02 5.942995689655172242e+01 1.336017036124794686e+02
2.492552486511846155e+02 5.938664086324185121e+01 1.336440080342481735e+02
2.492479327938071663e+02 5.946974695050433724e+01 1.337633048909218871e+02
2.492257139924935530e+02 5.948354298615998204e+01 1.337852231409805199e+02
2.492496188130424457e+02 5.952021756978653855e+01 1.337817851278442447e+02
2.492695724841660763e+02 5.953243754398310728e+01 1.337541344123856391e+02
2.492639279849871059e+02 5.953256216279615387e+01 1.337947234928454066e+02
2.492706134177809076e+02 5.960319170771757058e+01 1.338027943936195072e+02
2.492944009500351967e+02 5.957565828055360413e+01 1.338178659394792476e+02
2.493237743373211401e+02 5.957478594886230638e+01 1.338486761083743772e+02
2.493586529439361925e+02 5.966058966690124521e+01 1.338043118109312672e+02
2.493592393854093245e+02 5.963817294159042603e+01 1.339055902533427229e+02
2.493761582219094635e+02 5.965251876612713744e+01 1.340390643326296072e+02
2.494103550903119810e+02 5.969939743138634469e+01 1.341382828993666294e+02
2.494279996481351134e+02 5.973904087497067650e+01 1.341903149190710849e+02
2.494250967628430544e+02 5.977630923058878665e+01 1.342229357260145548e+02
2.494229635819845043e+02 5.981567411447337435e+01 1.342232509383063643e+02
2.494727304714989486e+02 5.985039144968332181e+01 1.343537488271170446e+02
2.495160611658456560e+02 5.988776976307764244e+01 1.343673615998123410e+02
2.495501260849167124e+02 5.996938775510204067e+01 1.343965957072484230e+02
2.494653559699741834e+02 5.992475955899601558e+01 1.343676621510673215e+02
2.494755453905700335e+02 5.995241760497302153e+01 1.342915273868167958e+02
2.494601952850105420e+02 5.998461324184846433e+01 1.342060975252169897e+02
2.494715209359605979e+02 6.007785743607787765e+01 1.343154981820314333e+02
2.495428615411681790e+02 6.010503166783954754e+01 1.343483975486746544e+02
2.495887285948862200e+02 6.004327938071780579e+01 1.345496935843302708e+02
2.496385028149190646e+02 6.004042047853624098e+01 1.346268986042692859e+02
2.497206486042692859e+02 6.009304627023222878e+01 1.347659951911799112e+02
2.497275246305418648e+02 6.011783808350926250e+01 1.348868021346469561e+02
2.497861394557823189e+02 6.013011670185315438e+01 1.349917238447102932e+02
2.498014968918601824e+02 6.010093390804597391e+01 1.350433526859019366e+02
2.498313101102509961e+02 6.016193848228946450e+01 1.350495249824067514e+02
2.498124340253342837e+02 6.010498768472906050e+01 1.350979650480882128e+02
2.498008444757213340e+02 6.013718332160450331e+01 1.350452879427633093e+02
2.498278427750410629e+02 6.015152181562280020e+01 1.350789057002111235e+02
2.498388532136992808e+02 6.021916050903119810e+01 1.351319420009382952e+02
2.498519455195871330e+02 6.025315945343654533e+01 1.351347129368988931e+02
2.498668411330049253e+02 6.033830342481819997e+01 1.351928072953319315e+02
2.498761655524278638e+02 6.038301225662679173e+01 1.352610617522871337e+02
2.498870293807177916e+02 6.041616819141449923e+01 1.353058438892798563e+02
2.499284834623504707e+02 6.043029410039878258e+01 1.354012652474783067e+02
2.499292311752287219e+02 6.054514866291344077e+01 1.353926885409336194e+02
2.499415464461646650e+02 6.056267593244194103e+01 1.352901345883180966e+02
2.499085151301900112e+02 6.054966426225662701e+01 1.352974211236218594e+02
2.499042267769176533e+02 6.048017094768942314e+01 1.353147724607084115e+02
2.499360705489092140e+02 6.043692088904527537e+01 1.353432588552662423e+02
2.499142329345531266e+02 6.030693613652357499e+01 1.353599577762139461e+02
2.498621862538118705e+02 6.023749413558526555e+01 1.352098507506450744e+02
2.498083582570959322e+02 6.013770378841191899e+01 1.350681738212526284e+02
2.497658119282195628e+02 6.011420214637578852e+01 1.349605104973023799e+02
2.497587673000234645e+02 6.009248915083274767e+01 1.350314259324419481e+02
2.497595296739385446e+02 6.008742376260849483e+01 1.350531902416138905e+02
2.497869311517710571e+02 6.017445900774102796e+01 1.351079345531315994e+02
2.498226600985221637e+02 6.017750850340136282e+01 1.351368094651653848e+02
2.498138927984986992e+02 6.024651067323480902e+01 1.351662634881538736e+02
2.498188702205019922e+02 6.040049554304480495e+01 1.351399176049730215e+02
2.498176900070372994e+02 6.040855911330049111e+01 1.350804890921885999e+02
2.498023325709594076e+02 6.040730559465165328e+01 1.350932881773399004e+02
2.498092965634529605e+02 6.039927134646962514e+01 1.350377814919071113e+02
2.497733916842599058e+02 6.038142886464930825e+01 1.350271815622800773e+02
2.497538778442411456e+02 6.035171827351630469e+01 1.349721880131362752e+02
2.497631142974431100e+02 6.016616086089608473e+01 1.349604518531550639e+02
2.497581955195871330e+02 6.017271434435843247e+01 1.349431444991789704e+02
2.497814699155524352e+02 6.014056269059347670e+01 1.349154717921651354e+02
2.498022372742200332e+02 6.015032694112127842e+01 1.349448671710063365e+02
2.498302032019704484e+02 6.022493695754163667e+01 1.349378738564391256e+02
2.498245806943467073e+02 6.028222495894909372e+01 1.349627243138634753e+02
2.498185696692470117e+02 6.030427515833919472e+01 1.349400730119633920e+02
2.498117083040112618e+02 6.027707160450387391e+01 1.350025803424818207e+02
2.498108359723199499e+02 6.036364502697630741e+01 1.350795947689420586e+02
2.498142666549378248e+02 6.037250762373915336e+01 1.350926357612010236e+02
2.498570622214402874e+02 6.047738535069200339e+01 1.350716045038705033e+02
2.498139441121276150e+02 6.053517915787004711e+01 1.350137520525451578e+02
2.497865646258503318e+02 6.051017475955899272e+01 1.349371114825240454e+02
2.497355002345765911e+02 6.043039672765657855e+01 1.349123563218390700e+02
2.497492083040112618e+02 6.032688980764719844e+01 1.348431415669716102e+02
2.497726073187895963e+02 6.030925258034248060e+01 1.348070974079286941e+02
2.497946795097349195e+02 6.019720560638048568e+01 1.348728374970677919e+02
2.498025158339197844e+02 6.029225310813981054e+01 1.349174656931738241e+02
2.498185403471733537e+02 6.026258650011728690e+01 1.349622844827586334e+02
2.498265892563922250e+02 6.021263634764250838e+01 1.349583333333333428e+02
2.498223302251935252e+02 6.018395202908750008e+01 1.350263971968097678e+02
2.498154102158104592e+02 6.027095062162796069e+01 1.350796900656814330e+02
2.498221469622331767e+02 6.027493109312690933e+01 1.351019088669950747e+02
2.498092672413793025e+02 6.021196927046680969e+01 1.351027958597231873e+02
2.497794320314332595e+02 6.024414291578700187e+01 1.350816399835796346e+02
2.497928102275392916e+02 6.017818291109547602e+01 1.350616423293455455e+02
2.498097583861130602e+02 6.011527973258268531e+01 1.351517490616936357e+02
2.498143033075299115e+02 6.014279849870982986e+01 1.352458216045038739e+02
2.498424524982406751e+02 6.020004251700679987e+01 1.352384617640159377e+02
2.498579785362420864e+02 6.027012960356556448e+01 1.352433438892798563e+02
2.498564537884119261e+02 6.040156579873328724e+01 1.352125190593478692e+02
2.498661667253108192e+02 6.039645642739854736e+01 1.352221293689889876e+02
2.498407151653765084e+02 6.042675346000469006e+01 1.352419217687074706e+02
2.498682632535772825e+02 6.047918865822190782e+01 1.352402797325826782e+02
2.499047472437250690e+02 6.047584594182500695e+01 1.353533163265306030e+02
2.499103990734224681e+02 6.047429920243959600e+01 1.354529893854093245e+02
2.498722583861130602e+02 6.045740968801313642e+01 1.353481776331222193e+02
2.498677354562514665e+02 6.039524689186018946e+01 1.352797399132066687e+02
2.498350560051606806e+02 6.033930770584095882e+01 1.352253401360544274e+02
2.498331940534834530e+02 6.029700328407224674e+01 1.352009808233638353e+02
2.498560212878254845e+02 6.027603067088904254e+01 1.352046827351630327e+02
2.498807837790288602e+02 6.027094329110954618e+01 1.352843654703260654e+02
2.498849768355618153e+02 6.035503166783954754e+01 1.352503298733286385e+02
2.498828876378137522e+02 6.032425815153647619e+01 1.352836250879662146e+02
2.499108902181562257e+02 6.044116525920713201e+01 1.353638062983814336e+02
2.499075401712408961e+02 6.036377697630776140e+01 1.353661593947923905e+02
2.499104650480882128e+02 6.039881685432794001e+01 1.354370015247478420e+02
2.499139397138165748e+02 6.036191502463054093e+01 1.354447865353037628e+02
2.499241364649307968e+02 6.038675815153647619e+01 1.354691018648838963e+02
2.499148560286183454e+02 6.045201442646023793e+01 1.353781961060286108e+02
2.499126422120572499e+02 6.049488329814684562e+01 1.352954198920947704e+02
2.499122463640628666e+02 6.055756656110720115e+01 1.352400085034013557e+02
2.499174070490265080e+02 6.063603243021346145e+01 1.352352070138400109e+02
2.498999091015716658e+02 6.060383679333802576e+01 1.352724460473844772e+02
2.499208670537180410e+02 6.049497859488622709e+01 1.353858858198451856e+02
2.499316795683790815e+02 6.042440769411212642e+01 1.354376539408866904e+02
2.499284321487215550e+02 6.035125645085620505e+01 1.355316971616232706e+02
2.499566839666901217e+02 6.036523574947220538e+01 1.355591499530846704e+02
2.499509148486980905e+02 6.041191649073422809e+01 1.354979914379544823e+02
2.499563834154351412e+02 6.048211353506920318e+01 1.354617933380248758e+02
2.499689332629603484e+02 6.043585063335679308e+01 1.355418425991086053e+02
2.499564713816561152e+02 6.042977363359136689e+01 1.355342555125498336e+02
2.499362977949800495e+02 6.036935550082101543e+01 1.353785699624677363e+02
2.498926152357494743e+02 6.026117904058175156e+01 1.353235984048791920e+02
2.498461177574478143e+02 6.027872830166549534e+01 1.352633562045507745e+02
2.498544965399952957e+02 6.022816971616232706e+01 1.352822689420595736e+02
2.498820006450856113e+02 6.025536593947924047e+01 1.352889836969270334e+02
2.498889206544686772e+02 6.029780964109782104e+01 1.353434201266713615e+02
2.499015951208069453e+02 6.028141127140511202e+01 1.353299539643443552e+02
2.499124296270232151e+02 6.031359224724372581e+01 1.353286491320666300e+02
2.498954154937837302e+02 6.033210180623973429e+01 1.351798469387755119e+02
2.499127668308702823e+02 6.035316971616232706e+01 1.352559963640628666e+02
2.499146214520290812e+02 6.035054539057001932e+01 1.352550873797794964e+02
2.499193862889983677e+02 6.039639778325123132e+01 1.352588186136523518e+02
2.499362684729063915e+02 6.038803366174055753e+01 1.353667018531550639e+02
2.499276771053248751e+02 6.038056386347642501e+01 1.353690402885291917e+02
2.499403589021815719e+02 6.039511494252873547e+01 1.354102304714989486e+02
2.499561415083274767e+02 6.043918601923527945e+01 1.353697073657048975e+02
2.499359166080225236e+02 6.041175521932910897e+01 1.354132066619751242e+02
2.499453070021111785e+02 6.052635321369927368e+01 1.354420229298615936e+02
2.499386435608726345e+02 6.050809289232934418e+01 1.353766786887168792e+02
2.499557749824067514e+02 6.054655612244897611e+01 1.354429099225897346e+02
2.499773706896551744e+02 6.054378518648838536e+01 1.354147900539526290e+02
2.499667854210649693e+02 6.052786330049261210e+01 1.354114326765188707e+02
2.499712863593713337e+02 6.062499266948158549e+01 1.354145041637344491e+02
2.499678190241614004e+02 6.066619018296974275e+01 1.355023897490030436e+02
2.499481439127375211e+02 6.064787121745249721e+01 1.354865778207834808e+02
2.499124296270232151e+02 6.054036916490733944e+01 1.353719358433028503e+02
2.498747580928923355e+02 6.049505190007037214e+01 1.352876788646493083e+02
2.498809597114708083e+02 6.037981615059816676e+01 1.352561649659863861e+02
2.498826164086324297e+02 6.045418425991086053e+01 1.352731424466338126e+02
2.498907752756275045e+02 6.043194346704198949e+01 1.353159819962467623e+02
2.499277284189537909e+02 6.050385585268590205e+01 1.353549876847290534e+02
2.499415317851278360e+02 6.048594739619986171e+01 1.354006055008210296e+02
2.499593156228008581e+02 6.052954931972789154e+01 1.354616540581749859e+02
2.499932999061693693e+02 6.047399865118460838e+01 1.355517314684494465e+02
2.500346586910626456e+02 6.047204873328642094e+01 1.355860236335913669e+02
2.499957629603565579e+02 6.043338757916959736e+01 1.355350911916490872e+02
2.500292047853624240e+02 6.046073774337320827e+01 1.355365939479239898e+02
2.500035626319493360e+02 6.045558438892798847e+01 1.355285596997419759e+02
2.500117361599812398e+02 6.052289320900774072e+01 1.354463552662444386e+02
2.499911960473844772e+02 6.050411242083040264e+01 1.354862332864180132e+02
2.499987024982406751e+02 6.049384969505043586e+01 1.354475574712643606e+02
2.500299451677222748e+02 6.054401243255922793e+01 1.354626216866056723e+02
2.500194845179451022e+02 6.053620543044804236e+01 1.355088699272812676e+02
2.500042003870513838e+02 6.053092012667136146e+01 1.355377595003518536e+02
2.500128503987801878e+02 6.061918689889748890e+01 1.355695079756040400e+02
2.500320270349519092e+02 6.062809347877082189e+01 1.356368681093127009e+02
2.500292414379544823e+02 6.060080928923293442e+01 1.357313291695988653e+02
2.500521346469622301e+02 6.061066883650011761e+01 1.357323261201032096e+02
2.500853785479709188e+02 6.070523985456251381e+01 1.356871188130424457e+02
2.500794041754632815e+02 6.068538881069669344e+01 1.356615499648135028e+02
2.500852465986394577e+02 6.060727480647431520e+01 1.355197117640159377e+02
2.500345560638048426e+02 6.049078553835327199e+01 1.353972847759793581e+02
2.500002199155524352e+02 6.036117464227070428e+01 1.354221645554773659e+02
2.499879339666901217e+02 6.036558761435608744e+01 1.354251407459535415e+02
2.499643590194698675e+02 6.040439537884119403e+01 1.354131920009382952e+02
2.499658764367815991e+02 6.039256392212057278e+01 1.354496686605676814e+02
2.500083128078817651e+02 6.041460679099225928e+01 1.356066663734459325e+02
2.500238241848463474e+02 6.047259119164907304e+01 1.355918000821017984e+02
2.500532782078348646e+02 6.047508356790991968e+01 1.356162253694581352e+02
2.500896449096880190e+02 6.058891185784658973e+01 1.357366951090781129e+02
2.501298381421534032e+02 6.062216308937367870e+01 1.357879207717569727e+02
2.500918880483227724e+02 6.058610426929392645e+01 1.358530597583861095e+02
2.500969974196575265e+02 6.048624061693642773e+01 1.358507506450856113e+02
2.501136596880131435e+02 6.049049231761669887e+01 1.357913881069669344e+02
2.500939259324419481e+02 6.045007916959887240e+01 1.357276052662444386e+02
2.500992698803659380e+02 6.049313863476425013e+01 1.357477788529204759e+02
2.501112259558996129e+02 6.048407811400421963e+01 1.357795419892094628e+02
2.500908104621158827e+02 6.055530876143561159e+01 1.358795962350457387e+02
2.501236805066854458e+02 6.058798088200797594e+01 1.359074155524278638e+02
2.501356072601454343e+02 6.067208391977480630e+01 1.360385072132301332e+02
2.501600398780201715e+02 6.073384353741496255e+01 1.360704169598874103e+02
2.501622536945812669e+02 6.069146581046211253e+01 1.360597144030025731e+02
2.501459139690358882e+02 6.069195695519587019e+01 1.360149176049730215e+02
2.501090927750410629e+02 6.074296270232230910e+01 1.359101425052779746e+02
2.500804377785597126e+02 6.072319962467745569e+01 1.358157327586206975e+02
2.500529923176167131e+02 6.064478506920009693e+01 1.355912136406286663e+02
2.499892094768942172e+02 6.050980823363828165e+01 1.354621158808350856e+02
2.499731776331222193e+02 6.044552691766361363e+01 1.353376510086793303e+02
2.499556283720384613e+02 6.032872976776917540e+01 1.353928791344123965e+02
2.499642417311752354e+02 6.037553512784423759e+01 1.354391566971616214e+02
2.499825826882477031e+02 6.037876055594651348e+01 1.354262110016420309e+02
2.500023017827820695e+02 6.037430360075064328e+01 1.354571384588318210e+02
2.500230618109312672e+02 6.054030319024161599e+01 1.354564054069903705e+02
2.500017959770114828e+02 6.064403002580342417e+01 1.355407356908280576e+02
2.500161344710298010e+02 6.070092950973492663e+01 1.355160025216983399e+02
2.499706119516772276e+02 6.065163177339901779e+01 1.355154820548909242e+02
2.499976395730706145e+02 6.062321868402533198e+01 1.355598536828524630e+02
2.499784189537884060e+02 6.055383532723433859e+01 1.354950958831808521e+02
2.500013854679802989e+02 6.060717950973492663e+01 1.355201735866760373e+02
2.500269836382828998e+02 6.054641684259910761e+01 1.355469593009617597e+02
2.500176445578231323e+02 6.056812983814215556e+01 1.355917194463992530e+02
2.500240367698803539e+02 6.065410948862303542e+01 1.355775202322308246e+02
2.500365719563687605e+02 6.066200445695519505e+01 1.355048161505981739e+02
2.500293074126202271e+02 6.070947689420595594e+01 1.354767109429978973e+02
2.500505879075768121e+02 6.071264367816092289e+01 1.354519924349050086e+02
2.500633650011728832e+02 6.075280758855266328e+01 1.354847891742903983e+02
2.500518267651888209e+02 6.073575680272109167e+01 1.354760511963405918e+02
2.500649777152240176e+02 6.075359928454140146e+01 1.355265364766596292e+02
2.500638268238329829e+02 6.072206339432324995e+01 1.355799906169364419e+02
2.501091294276331212e+02 6.073970062162796069e+01 1.356819068144499170e+02
2.500903413089373544e+02 6.061255277973258160e+01 1.356293543279380742e+02
2.500354430565329551e+02 6.061526507154585630e+01 1.355924818203143332e+02
2.499890188834154401e+02 6.056999912033779054e+01 1.355311620337790259e+02
2.499902870631011069e+02 6.056999912033779054e+01 1.354428586089608189e+02
2.499709125029322081e+02 6.055762520525451720e+01 1.355299671592775042e+02
2.499668660567675431e+02 6.059046592775040807e+01 1.355042517006802711e+02
2.500024483931503596e+02 6.052803923293455313e+01 1.355591719446399281e+02
2.500247185080928887e+02 6.064608990147782919e+01 1.355984928454140288e+02
2.500121173469387656e+02 6.070702850105559634e+01 1.355695666197513560e+02
2.500473551489561430e+02 6.077063540933615116e+01 1.355835165962936912e+02
2.499995381773399004e+02 6.080290435139573191e+01 1.355852099460473710e+02
2.499871202791461542e+02 6.074343918601923775e+01 1.355982216162327063e+02
2.500363227187426673e+02 6.073539027680037350e+01 1.355125718390804650e+02
2.500324375439831215e+02 6.072102246070841858e+01 1.354980207600281403e+02
2.500380160684963755e+02 6.082049759558996271e+01 1.354786168777855835e+02
2.500653808937368012e+02 6.082097407928688426e+01 1.354425873797794964e+02
2.500573613065916163e+02 6.080225926577527673e+01 1.355499574829931930e+02
2.500427515833919756e+02 6.066892446633826097e+01 1.355321369927281125e+02
2.500615250410509134e+02 6.062079228243021589e+01 1.356532591484869670e+02
2.500807823129251801e+02 6.055097642505278088e+01 1.356420727773868293e+02
2.500642080107905372e+02 6.057576090781140010e+01 1.356169877433732154e+02
2.500707761552897068e+02 6.052579609429978547e+01 1.357122404996481464e+02
2.500777768003753181e+02 6.066091220971146925e+01 1.357382051958714442e+02
2.500704316209242393e+02 6.073711294862772547e+01 1.357232509383063643e+02
2.500559538470560597e+02 6.077479181327703373e+01 1.357665156579873269e+02
2.500493490499648033e+02 6.075313746188130182e+01 1.357040596410978139e+02
2.500001319493314611e+02 6.066050170068027114e+01 1.356045771756978695e+02
2.499858594299788876e+02 6.051893472906404270e+01 1.355771170537180410e+02
2.499504970091484779e+02 6.046323011963406202e+01 1.355603668191414499e+02
2.499944068144499170e+02 6.044559289232934418e+01 1.355848067675345874e+02
2.499904410039877973e+02 6.044104064039408541e+01 1.355910377081867182e+02
2.500081735280319037e+02 6.047701149425287070e+01 1.355371217452498342e+02
2.499926035069200054e+02 6.048978858784893475e+01 1.355505732465399831e+02
2.499811898897490039e+02 6.050259500351864972e+01 1.355038851747595459e+02
2.499838801900070280e+02 6.052023223082336045e+01 1.354974563101102376e+02
2.499861233286418098e+02 6.053498123387286256e+01 1.354605984635233540e+02
2.499980647431386274e+02 6.055854152005629487e+01 1.353803879310344769e+02
2.499759778911564752e+02 6.053245220501993629e+01 1.354770847994370229e+02
2.499796138282899278e+02 6.050134148486981189e+01 1.354721293689889876e+02
2.499927501172882955e+02 6.056004427633121878e+01 1.354747243725076373e+02
2.499717481820314333e+02 6.050436165845648873e+01 1.355399146727656614e+02
2.499491042106497787e+02 6.042133620689655515e+01 1.355078876378137522e+02
2.499667341074360820e+02 6.044625996950504287e+01 1.353832834858081071e+02
2.499618446516537631e+02 6.049145261552897068e+01 1.354491115411681790e+02
2.499687646610368290e+02 6.046629427633121878e+01 1.354415684377199227e+02
2.499733535655641674e+02 6.048182764485104457e+01 1.354294510907811286e+02
2.499939303307529883e+02 6.045981409805301610e+01 1.354984019469856946e+02
2.499838655289701990e+02 6.059979767769176817e+01 1.354587438423645267e+02
2.499773486980999166e+02 6.062399571897724826e+01 1.354750395847994469e+02
2.499614194815857502e+02 6.063082043162092560e+01 1.355364913206661868e+02
2.499447205606380464e+02 6.055444376026272835e+01 1.354212409101571666e+02
2.499068437719915607e+02 6.049736101337086325e+01 1.353396595707248480e+02
2.498766273750879634e+02 6.049247155758855143e+01 1.352161256744076923e+02
2.498588728594886277e+02 6.043544745484400948e+01 1.352973551489561430e+02
2.498565710767065582e+02 6.045738769645789290e+01 1.352339241731175150e+02
2.498682119399483952e+02 6.047382271874266735e+01 1.352497141097818485e+02
2.498766420361247924e+02 6.047584594182500695e+01 1.352567807295332045e+02
2.498676914731409795e+02 6.046958567909922522e+01 1.352250982289467629e+02
2.498758943232465413e+02 6.047320695519587019e+01 1.352534013605442169e+02
2.499097759793572493e+02 6.050557119399483952e+01 1.352602700562983955e+02
2.498929084564860545e+02 6.046569317382125064e+01 1.352346572249589371e+02
2.498891112479474543e+02 6.047380805770583834e+01 1.351930858550316543e+02
2.498678380835092696e+02 6.041506861365235892e+01 1.352221073774337299e+02
2.498802193291109575e+02 6.028095677926342688e+01 1.352946721792165192e+02
2.499058761435608744e+02 6.018695754163734790e+01 1.353684318555008304e+02
2.499107216162327063e+02 6.017639426460239349e+01 1.352935359488623135e+02
2.499195255688482291e+02 6.022566267886465141e+01 1.353658221909453516e+02
2.499138664086324297e+02 6.023801460239268124e+01 1.353963391391039295e+02
2.498713494018296899e+02 6.034873475252170039e+01 1.353064303307529883e+02
2.498926665493783617e+02 6.033460151301900254e+01 1.353264573070607639e+02
2.498588508679333700e+02 6.042605706075533334e+01 1.352446340605207524e+02
2.498870733638282786e+02 6.040265804597701305e+01 1.353196692470091591e+02
2.498784893267651910e+02 6.036486189303307270e+01 1.353161432676518814e+02
2.498696340605207524e+02 6.040497448979591866e+01 1.353608740910157167e+02
2.498403119868637248e+02 6.035873357963875208e+01 1.352953392563922250e+02
2.497826501290171279e+02 6.026594387755102389e+01 1.352131201618578586e+02
2.497515540699038183e+02 6.023916549378372309e+01 1.351081251466103765e+02
2.497689640511376865e+02 6.021710063335679308e+01 1.350879808820079688e+02
2.497888077644851137e+02 6.027240939479239756e+01 1.350317484752521580e+02
2.497768736805066965e+02 6.030872478301665751e+01 1.350769117992024348e+02
2.498057192704667955e+02 6.037488271170537502e+01 1.350811854914379637e+02
2.498056899483931375e+02 6.033022519352568480e+01 1.351155363007272001e+02
2.498128518648838963e+02 6.032990265071546077e+01 1.350888678747361098e+02
2.498175360661506090e+02 6.037811547032605830e+01 1.350619135585268680e+02
2.498275935374149697e+02 6.042755981703025725e+01 1.350388004339666850e+02
2.498257609078114001e+02 6.041674730236922386e+01 1.350255688482289429e+02
2.498320578231292473e+02 6.038431708890452398e+01 1.350718170889045382e+02
2.498056386347642501e+02 6.029937104152005389e+01 1.350884793572601552e+02
2.498204829345531266e+02 6.030132095941824844e+01 1.350152621393384891e+02
2.498070460942997784e+02 6.030315358902181799e+01 1.349766376378137522e+02
2.498395202908749582e+02 6.030829228243021589e+01 1.349952058409570839e+02
2.498449448745015218e+02 6.027783397841895408e+01 1.350602641918836468e+02
2.498248079404175428e+02 6.040138253577293170e+01 1.349986291930565301e+02
2.498222056063804928e+02 6.051200005864414777e+01 1.349850970560638075e+02
2.498093625381187053e+02 6.058533456486042468e+01 1.349205518414262315e+02
2.498008884588318210e+02 6.049368109312690933e+01 1.350357875908984226e+02
2.497903471733521030e+02 6.046449829931972886e+01 1.350509031198686500e+02
2.498013942646023793e+02 6.054428366174055753e+01 1.351013444170771720e+02
2.498145085620455177e+02 6.053118402533426945e+01 1.351247507623739068e+02
2.498124120337790259e+02 6.052729152005629487e+01 1.351899264015951303e+02
2.497493622448979522e+02 6.049846059113300356e+01 1.350414027680037634e+02
2.497194390687309351e+02 6.044573217217921979e+01 1.349128181444991696e+02
2.497207585620455177e+02 6.033566443818907032e+01 1.349136904761904816e+02
2.497219900891390978e+02 6.027175697865352788e+01 1.349341426225662701e+02
2.497398472319962366e+02 6.026114238798967904e+01 1.349493314567206141e+02
2.497589139103917546e+02 6.033492405582922657e+01 1.349655245718977312e+02
2.497594783603096289e+02 6.029295683790757465e+01 1.350856424466338126e+02
2.497785377081867182e+02 6.041028178512784308e+01 1.350848067675345874e+02
2.497768370279146097e+02 6.046950504339666566e+01 1.350548029556650249e+02
2.497558131011025182e+02 6.053645466807412845e+01 1.350004471616232706e+02
2.497680037532254289e+02 6.049616613886934147e+01 1.350406843771991419e+02
2.497614649307999173e+02 6.050952967393853754e+01 1.350319537297677641e+02
2.497818144499179027e+02 6.049269147314097950e+01 1.350832453671123687e+02
2.497786623269997790e+02 6.048916549378372309e+01 1.350503093478770893e+02
2.497845120806943555e+02 6.047203407224959193e+01 1.350402298850574709e+02
2.497808174994135584e+02 6.051913265306122724e+01 1.351595414027680135e+02
2.497942690007037356e+02 6.056230207600281545e+01 1.352408001993900939e+02
2.499097026741731042e+02 6.065579550785831486e+01 1.354630395261552849e+02
2.500184802369223576e+02 6.089919804128548009e+01 1.357551973375556997e+02
2.500782312925170174e+02 6.098792663617170717e+01 1.358577659512080800e+02
2.500942704668074157e+02 6.097306767534600169e+01 1.359199653999530710e+02
2.501098918015482013e+02 6.099036036828524487e+01 1.359964007154586056e+02
2.501251979239971774e+02 6.098636523574947432e+01 1.360992992024395960e+02
2.501425199390101000e+02 6.091490001172883240e+01 1.360797633708655781e+02
2.501328876378137522e+02 6.085744340839784172e+01 1.360897108843537353e+02
2.501256450856204481e+02 6.087936898897490323e+01 1.360643326296035696e+02
2.501099577762139461e+02 6.084376466103682901e+01 1.359818569669247097e+02
2.500376715341308795e+02 6.073983990147782919e+01 1.358715253342716380e+02
2.499718654703260654e+02 6.058910245132535977e+01 1.356235998709828721e+02
2.499689259324419481e+02 6.048656315974665887e+01 1.355215810462115940e+02
2.499528354445226341e+02 6.043064596528266463e+01 1.354665874970677919e+02
2.499569258737977862e+02 6.045483667604973022e+01 1.355481101923527945e+02
2.499327718156228002e+02 6.054769235280318895e+01 1.355204228243021305e+02
2.499222158691062532e+02 6.058120748299320013e+01 1.355036505981703101e+02
2.498981937602627283e+02 6.062937631949331774e+01 1.354822894675111513e+02
2.498880629838142227e+02 6.061585151301900254e+01 1.353870513722730493e+02
2.498733652943936079e+02 6.057559963640628808e+01 1.353706236805066965e+02
2.498606028618343942e+02 6.058162532254281274e+01 1.353212673000234645e+02
2.498449448745015218e+02 6.058389045273281681e+01 1.353289276917663528e+02
2.498460664438188985e+02 6.055001612714050907e+01 1.353120455078583291e+02
2.498155788177339787e+02 6.053119135585268396e+01 1.352142930448041227e+02
2.498292209125029331e+02 6.051263781374618844e+01 1.352453597818437743e+02
2.498084169012432483e+02 6.047579462819610541e+01 1.351938408984283342e+02
2.497893282312925294e+02 6.044524835796387663e+01 1.351334520877316550e+02
2.498037400304949642e+02 6.049255952380952550e+01 1.351283793689889876e+02
2.498066649073422525e+02 6.049579228243021589e+01 1.350706588669950747e+02
2.498069727891156333e+02 6.043263253577293170e+01 1.351224856321838956e+02
2.497889030612244881e+02 6.042979562514661040e+01 1.351423733286418098e+02
2.497986673117522969e+02 6.029791226835561702e+01 1.351925067440769510e+02
2.498282752756275045e+02 6.030095443349753737e+01 1.352399718508092974e+02
2.498264206544686772e+02 6.027622126436781258e+01 1.352278325123152740e+02
2.498285978184377143e+02 6.026273311048557701e+01 1.352797765657987270e+02
2.498627507037297732e+02 6.033765100867933029e+01 1.353320871452029053e+02
2.498352465986394577e+02 6.029470150129017014e+01 1.353279307412620085e+02
2.498026111306591588e+02 6.024877580342482020e+01 1.351051636171710015e+02
2.497774454609429995e+02 6.015251876612713744e+01 1.349994795331925843e+02
2.497710312573305202e+02 6.014279849870982986e+01 1.349656858433028503e+02
2.497470751231527117e+02 6.024887843068261617e+01 1.349458274689185941e+02
2.497496261435608744e+02 6.034833157400891679e+01 1.350957585620455177e+02
2.497495015247478420e+02 6.042096968097583698e+01 1.351567558057705867e+02
2.497766830870279193e+02 6.042245044569551737e+01 1.352191678395496126e+02
2.497527196223316821e+02 6.043610720150129367e+01 1.352143590194698675e+02
2.497895554773633648e+02 6.038718332160450331e+01 1.352481380483227724e+02
2.497548747947454899e+02 6.039729943701618708e+01 1.351773912151067236e+02
2.497789482172179305e+02 6.034644030025803119e+01 1.352210224607084115e+02
2.497634661623270063e+02 6.031326970443349467e+01 1.352638840018766189e+02
2.497722041402768127e+02 6.032120132535772683e+01 1.353147871217452405e+02
2.497979855735397621e+02 6.036970003518649008e+01 1.353687983814215272e+02
2.497902005629838129e+02 6.041969417077175564e+01 1.353581251466103765e+02
2.497718889279849748e+02 6.049163587848932622e+01 1.353653823598404813e+02
2.497926269645789432e+02 6.048345501993900797e+01 1.354537737508796624e+02
2.498212966220971225e+02 6.048958333333333570e+01 1.354556503635937190e+02
2.498301445578231323e+02 6.044749882711705169e+01 1.354146800961763972e+02
2.498143472906403986e+02 6.043376876612713744e+01 1.353166344123856391e+02
2.498445490265071669e+02 6.034212262491203660e+01 1.352965487919305758e+02
2.498542692939244603e+02 6.030396727656579969e+01 1.352164775392915885e+02
2.498483389045273384e+02 6.028915962936898865e+01 1.351930492024395960e+02
2.498681459652826788e+02 6.028329521463757601e+01 1.353517036124794686e+02
2.498740690241614004e+02 6.030797707013839926e+01 1.354543821839080522e+02
2.498523926812104037e+02 6.025966895378841315e+01 1.354793059465165470e+02
2.498059391860192306e+02 6.021335473844710151e+01 1.354083098756744050e+02
2.497557324653999444e+02 6.014307705840957397e+01 1.352886978067088819e+02
2.497330078583157444e+02 6.008703524513253313e+01 1.352170493197278915e+02
2.497096161740558387e+02 6.011478125733052025e+01 1.350155773516302986e+02
2.497046900656814330e+02 6.005973639455782376e+01 1.350904585972319865e+02
2.496797223199624796e+02 6.007450738916256228e+01 1.351345076823832869e+02
2.496957028501055618e+02 6.010424730236922386e+01 1.350702703495191201e+02
2.497056137110016323e+02 6.010896815622800915e+01 1.351237684729063915e+02
2.496940754750175984e+02 6.011807999061693408e+01 1.351282694112127558e+02
