2.250959908822740658e+02 4.471634486457494972e+01 1.080599088227406810e+02
2.247323008849557482e+02 4.449810941271118025e+01 1.077159157951193293e+02
2.247677795655671673e+02 4.452941807455081857e+01 1.077432153392330321e+02
2.246864843121480249e+02 4.451706891928130716e+01 1.076724859211584828e+02
2.246369938321265636e+02 4.434922231161169037e+01 1.073577902923035623e+02
2.246032716545990979e+02 4.424483775811209085e+01 1.069704612496647940e+02
2.248024537409493178e+02 4.415190399570930424e+01 1.068450791096808814e+02
2.252602038079914166e+02 4.418986323411102290e+01 1.069392196299275923e+02
2.256193483507642839e+02 4.412295521587557090e+01 1.071792437650844789e+02
2.259449450254759881e+02 4.398429873960847658e+01 1.073376910699919620e+02
2.261462724591043241e+02 4.398399034593725077e+01 1.074102976669348379e+02
2.263801555376776662e+02 4.404318852239206450e+01 1.076453606865111254e+02
2.265017296862429532e+02 4.405250737463126853e+01 1.077337892196299265e+02
2.265280906409224997e+02 4.424965138106730933e+01 1.076252346473585391e+02
2.266216545990882310e+02 4.434187449718422869e+01 1.075349155269509254e+02
2.266695494770715982e+02 4.448200589970501539e+01 1.074292437650844789e+02
2.267424376508447210e+02 4.457180209171359309e+01 1.074051756503083936e+02
2.267108071869133710e+02 4.453045052292839756e+01 1.073200589970501539e+02
2.266917001877178848e+02 4.447701796728345158e+01 1.075402386698846868e+02
2.267802762134620593e+02 4.446434700992222844e+01 1.077249664789487866e+02
2.268629123089300208e+02 4.444690265486725878e+01 1.078283588093322578e+02
2.269659157951193436e+02 4.459485116653258530e+01 1.078014078841512458e+02
2.271075355323143015e+02 4.454069455618127904e+01 1.079489407347814449e+02
2.273005497452400050e+02 4.445897023330651621e+01 1.080112630732099746e+02
2.274078439259855315e+02 4.460630195762939110e+01 1.080708769106999227e+02
2.276125100563153580e+02 4.455206489675516224e+01 1.082505363368195219e+02
2.277969696969697111e+02 4.453719495843389353e+01 1.084175113971574120e+02
2.279318449986591588e+02 4.464257173504961429e+01 1.084065299007776844e+02
2.279937516760525682e+02 4.460277554304102665e+01 1.084596272459104256e+02
2.280599088227406810e+02 4.459285331187986401e+01 1.084758246178600132e+02
2.280317109144542655e+02 4.454246446768570422e+01 1.084815768302493950e+02
2.281391659962456515e+02 4.457205685170286813e+01 1.085915661035130029e+02
2.282366452131938956e+02 4.469974524001072780e+01 1.086948243496916007e+02
2.283494368463395006e+02 4.481714936980423403e+01 1.089607267363904555e+02
2.283566908018235324e+02 4.490327165459908798e+01 1.089217082327701860e+02
2.283847680343255604e+02 4.490626173236793051e+01 1.090000000000000000e+02
2.284475328506301821e+02 4.497325020112630511e+01 1.090455886296594201e+02
2.284586752480557834e+02 4.496208098685974619e+01 1.090285465272190919e+02
2.284176186645213136e+02 4.489931617055511026e+01 1.090577768838830792e+02
2.283195092518101319e+02 4.485913113435237420e+01 1.088644408688656426e+02
2.282506704210244095e+02 4.479548136229551858e+01 1.088469831053901800e+02
2.282701528559935582e+02 4.475179672834540412e+01 1.088016894609814926e+02
2.281259989273263500e+02 4.476796728345400567e+01 1.087867256637168083e+02
2.281252480557790250e+02 4.471110217216411797e+01 1.086853177795655654e+02
2.280676588897827912e+02 4.461937516760525568e+01 1.086599892732636050e+02
2.280539286672029959e+02 4.458639045320461491e+01 1.086622687047465803e+02
2.280323813354786751e+02 4.464528023598820283e+01 1.087761061946902714e+02
2.279913515687852055e+02 4.463184499865915456e+01 1.088280235988200531e+02
2.279644810941271089e+02 4.467154733172431946e+01 1.087292437650844761e+02
2.278067846607669651e+02 4.455726736390452913e+01 1.084981764548136169e+02
2.276893134888710222e+02 4.452873424510592315e+01 1.084299946366318039e+02
2.276328774470367478e+02 4.451094127111826282e+01 1.082528694019844409e+02
2.275045320461249787e+02 4.451529900777688198e+01 1.082414990614105648e+02
2.274007374631268306e+02 4.463860284258514355e+01 1.082130598015553744e+02
2.273015285599356332e+02 4.452357200321802111e+01 1.080357870742826520e+02
2.272314829713059794e+02 4.439108340037543599e+01 1.079609546795387445e+02
2.270488871010994956e+02 4.430938589434164498e+01 1.078045990882274054e+02
2.268697640117994183e+02 4.421674711718959827e+01 1.077749530705282979e+02
2.266937248592115850e+02 4.411509788146956623e+01 1.075015151515151501e+02
2.265833467417538145e+02 4.400159560203807985e+01 1.073995575221238994e+02
2.263889380530973483e+02 4.392139983909895307e+01 1.071958299812282149e+02
2.261683427192276667e+02 4.372418879056046848e+01 1.070230893000804571e+02
2.258239608474121667e+02 4.352532850630196037e+01 1.066939528023598882e+02
2.255425449182086481e+02 4.334388576025744300e+01 1.062682622687047456e+02
2.252613569321534044e+02 4.311326092786269726e+01 1.058776749798873738e+02
2.251168543845535055e+02 4.291827567712523717e+01 1.057319522660230575e+02
2.250584204880665027e+02 4.291744435505497535e+01 1.057080048270313739e+02
2.249849423437919143e+02 4.290817913649772208e+01 1.056233306516492405e+02
2.250612228479484997e+02 4.273567980691874624e+01 1.055338562617323674e+02
2.251237060874229030e+02 4.268264950388844170e+01 1.053676588897827884e+02
2.251010056315365944e+02 4.259179404666130608e+01 1.053479082864038645e+02
2.251363368195226542e+02 4.265439796192008259e+01 1.052923437919013168e+02
2.251329310807186914e+02 4.260041566103512878e+01 1.053447975328506345e+02
2.251110217216411797e+02 4.260534995977474182e+01 1.055304102976669327e+02
2.251308795923840194e+02 4.267079646017699446e+01 1.057141995172968620e+02
2.250216277822472648e+02 4.270534995977473613e+01 1.058290962724591111e+02
2.249526012335746827e+02 4.264566908018235125e+01 1.059004424778761120e+02
2.248262268704746702e+02 4.264644676857066230e+01 1.058882944489139248e+02
2.246737463126843579e+02 4.246229552158755638e+01 1.057097345132743413e+02
2.243838294448914041e+02 4.244293376240278803e+01 1.055443014212925732e+02
2.241870340573880469e+02 4.228724859211585141e+01 1.054609546795387445e+02
2.238708635022794340e+02 4.219641995172968763e+01 1.053118396352909656e+02
2.235410431751139697e+02 4.205961383748994109e+01 1.050584607133279746e+02
2.229986591579511810e+02 4.213698042370608476e+01 1.043157146688120207e+02
2.226615312416197412e+02 4.202605256100831355e+01 1.040147090372754093e+02
2.223913649772056829e+02 4.195758916599624655e+01 1.037511933494234313e+02
2.220757843925985640e+02 4.186292571735049961e+01 1.034615982837221821e+02
2.220010324483775719e+02 4.185211853043711727e+01 1.033786806114239738e+02
2.218636497720568457e+02 4.207620005363368421e+01 1.033275408956824890e+02
2.217263609546795351e+02 4.227905604719764199e+01 1.034448779833735585e+02
2.216351166532582511e+02 4.229641995172968905e+01 1.034493966210780371e+02
2.218751139715741374e+02 4.226209439528023637e+01 1.036035398230088447e+02
2.220629793510324532e+02 4.224762670957360911e+01 1.038064360418342744e+02
2.224234245105926391e+02 4.191555376776615560e+01 1.039813354786806059e+02
2.225880128720836808e+02 4.158416465540359042e+01 1.040789219629927658e+02
2.227525475998927220e+02 4.143927326360955021e+01 1.042327835880933264e+02
2.229337489943684716e+02 4.129443550549745368e+01 1.042937114507910934e+02
2.229833467417538202e+02 4.127739340305711835e+01 1.044003352105121962e+02
2.230157817109144673e+02 4.120316438723518360e+01 1.044404666130329815e+02
2.230304639313488906e+02 4.117455081791364790e+01 1.043947170823277020e+02
2.229957361222847965e+02 4.104121748458031504e+01 1.044246983105390143e+02
2.228824349691606415e+02 4.106027085009385758e+01 1.043428399034593781e+02
2.226842987396084652e+02 4.103633681952265988e+01 1.041935907750066974e+02
2.224972512737999466e+02 4.093609546795387644e+01 1.038018503620273520e+02
2.222532716545990752e+02 4.081464199517296976e+01 1.033646285867524739e+02
2.219070260123357343e+02 4.049088227406811313e+01 1.028936175918476863e+02
2.214730758916599598e+02 4.005387503352105227e+01 1.024365781710914405e+02
2.213553097345132699e+02 3.993016894609814926e+01 1.022583936712255337e+02
2.213818718155001477e+02 3.983207294180745350e+01 1.022690533655135425e+02
2.214290292303566616e+02 4.009094931617055835e+01 1.022160230624832451e+02
2.215186242960579364e+02 4.022030034861893455e+01 1.023541163850898386e+02
2.216431885223920517e+02 4.031622418879056369e+01 1.024298739608474165e+02
2.216918744971842443e+02 4.047833199249128455e+01 1.024552292839903487e+02
2.218192813086618287e+02 4.046528559935639890e+01 1.024472780906409213e+02
2.218731429337624093e+02 4.037967283454008793e+01 1.024393671225529658e+02
2.218231295253419262e+02 4.028667203003486463e+01 1.022972646822204297e+02
2.217767363904532090e+02 4.019758648431214709e+01 1.022243899168677927e+02
2.216594395280235972e+02 4.026099490480021359e+01 1.020503486189326878e+02
2.214599356395816585e+02 4.037127916331456134e+01 1.019888173773129552e+02
2.213053499597747305e+02 4.050816572807723048e+01 1.019837624027889547e+02
2.211482032716546087e+02 4.065976133011530891e+01 1.017332662912308905e+02
2.211215875569857872e+02 4.056615714668811989e+01 1.016485116653258274e+02
2.210394207562349038e+02 4.057666934835076233e+01 1.016136497720568457e+02
2.210328104049343096e+02 4.036143738267632131e+01 1.015386028425851492e+02
2.210460176991150547e+02 4.023145615446500756e+01 1.014188120139447591e+02
2.209823813354786921e+02 4.015500134084204831e+01 1.014292705819254508e+02
2.209922499329578898e+02 4.002748726200053397e+01 1.013560069723786512e+02
2.208203271654599007e+02 4.004121748458031504e+01 1.011112764816304690e+02
2.205470635559131267e+02 4.004936980423705961e+01 1.009473451327433651e+02
2.201431080718691362e+02 4.002438991686778991e+01 1.007501206757843875e+02
2.198901448109412797e+02 4.006196031107535305e+01 1.006679538750335183e+02
2.197229686242960440e+02 4.009403325288280939e+01 1.005075221238938070e+02
2.196364843121480419e+02 4.021170555108608369e+01 1.004940734781442728e+02
2.195780101903995671e+02 4.028209975864842818e+01 1.005935103244837734e+02
2.195213998390989616e+02 4.038448645749530641e+01 1.007371949584339035e+02
2.195203405738803895e+02 4.036832931080718367e+01 1.008860150174309496e+02
2.196721238938053204e+02 4.049283990345936957e+01 1.010559399302762102e+02
2.197471708232770311e+02 4.051131670689192532e+01 1.011216143738267590e+02
2.199108742290158318e+02 4.043327969965137925e+01 1.011430276213462065e+02
2.199960445159560152e+02 4.031575489407347845e+01 1.011231965674443529e+02
2.200121346205417012e+02 4.019328238133547870e+01 1.009893403057119912e+02
2.199891659962456458e+02 4.026545990882274140e+01 1.009307320997586430e+02
2.199366452131938843e+02 4.023715473317243152e+01 1.008221238938053119e+02
2.198748323947438905e+02 4.039773397693751633e+01 1.007385894341646519e+02
2.196752078305175644e+02 4.048109412711182387e+01 1.006960176991150462e+02
2.195671359613837410e+02 4.050610083132207251e+01 1.005682086350227991e+02
2.193780235988200502e+02 4.047228479485116992e+01 1.005841378385626115e+02
2.191320595333869790e+02 4.050352641458836445e+01 1.003519308125502789e+02
2.188525341914722446e+02 4.055603378921963298e+01 1.002827031375703939e+02
2.187173236792705779e+02 4.057803700724054607e+01 1.001862295521587498e+02
2.184371145079109624e+02 4.057312952534191197e+01 1.000900509519978527e+02
2.183049611155805962e+02 4.062752748726200025e+01 9.996850362027353754e+01
2.181552829176723094e+02 4.067070260123357173e+01 9.979143201930813234e+01
2.178839233038348198e+02 4.065372754089568019e+01 9.970593993027621593e+01
2.176798873692679024e+02 4.063432555644944699e+01 9.960304371145079472e+01
2.174440064360418319e+02 4.059241083400375771e+01 9.940097881469563390e+01
2.171752614641995081e+02 4.054629927594529448e+01 9.922652185572539452e+01
2.169852507374631330e+02 4.047185572539554954e+01 9.902563689997317908e+01
2.168843121480289540e+02 4.036171895950656818e+01 9.898137570394207785e+01
2.167604049342987480e+02 4.039526682756770981e+01 9.890569857870742965e+01
2.167216277822472534e+02 4.029477071600965132e+01 9.876036470903727604e+01
2.166637302225797725e+02 4.027550281576830571e+01 9.878743631000267555e+01
2.165527353177795646e+02 4.028042370608742573e+01 9.878557253955483475e+01
2.163489541432019223e+02 4.029475730758916541e+01 9.866812818449986366e+01
2.162301019039957168e+02 4.026335478680611146e+01 9.861744435505497108e+01
2.161622284794851225e+02 4.015053633681952050e+01 9.847024671493697667e+01
2.159814695628854793e+02 4.007998122821131659e+01 9.838928667203003897e+01
2.159927594529364399e+02 4.009286672030034993e+01 9.838742290158219816e+01
2.158442075623491689e+02 4.020510860820595411e+01 9.822519442209707563e+01
2.158051890587288710e+02 4.024080182354518342e+01 9.809148565299007316e+01
2.157579646017699133e+02 4.016996513810673264e+01 9.816596942880129006e+01
2.157489943684634000e+02 4.017669616519174269e+01 9.804304102976669810e+01
2.156972914990614072e+02 4.015214534727809337e+01 9.813208635022793658e+01
2.156856663984982561e+02 4.011351568785197230e+01 9.821402520783051671e+01
2.157390587288817301e+02 4.017975328506302191e+01 9.810793778492893580e+01
2.158277688388307922e+02 4.011818181818181728e+01 9.805795119334942456e+01
2.158616787342451175e+02 4.005626173236792908e+01 9.823105390185035901e+01
2.159666532582461684e+02 4.005938589434164498e+01 9.827068919281308013e+01
2.159804237060874357e+02 4.006760525610083334e+01 9.826495038884419841e+01
2.159803298471440201e+02 4.001651917404129932e+01 9.825341914722446290e+01
2.159532850630195639e+02 3.982337087691070110e+01 9.824285331187985548e+01
2.156616385089836285e+02 3.962115848753016678e+01 9.798016894609814642e+01
2.153965540359345709e+02 3.952880128720836694e+01 9.770694556181281598e+01
2.152731965674443586e+02 3.955274872620005056e+01 9.757803700724055318e+01
2.153365513542504743e+02 3.952841244301421142e+01 9.759608474121748145e+01
2.153623089300080551e+02 3.954275945293644412e+01 9.763268972914990229e+01
2.153341110217216396e+02 3.955449182086350390e+01 9.767467149369804247e+01
2.153224456958970165e+02 3.957646822204344517e+01 9.759623223384285495e+01
2.154015017430946557e+02 3.954884687583802361e+01 9.761965674443550256e+01
2.155607937784928936e+02 3.945313757039420466e+01 9.772818449986591816e+01
2.155379726468221975e+02 3.943191204076159551e+01 9.778420488066505811e+01
2.156202601233574683e+02 3.952172164119066622e+01 9.761781979082863359e+01
2.155020380799141719e+02 3.948718155001341046e+01 9.768120139447573536e+01
2.154570662375972177e+02 3.945422365245374152e+01 9.755226602306248651e+01
2.154116116921426567e+02 3.931973719495843511e+01 9.741787342451058862e+01
2.155181550013408298e+02 3.938939393939394051e+01 9.743624296057924994e+01
2.155819388576025801e+02 3.938720836685438798e+01 9.738376240278894613e+01
2.155840976133011395e+02 3.936334137838562697e+01 9.746373022257978391e+01
2.156743765084472955e+02 3.945349959774738835e+01 9.750132743362831889e+01
2.158398498256905214e+02 3.940461249664789278e+01 9.770020112630732001e+01
2.159691606328774469e+02 3.953235451863770322e+01 9.764670152855993024e+01
2.160548538482166805e+02 3.953424510592652297e+01 9.786759184768034459e+01
2.161290426387771504e+02 3.954431482971305911e+01 9.783979619200857769e+01
2.162286672030034822e+02 3.958803968892464553e+01 9.796177259318852748e+01
2.164104719764011691e+02 3.956075355323142873e+01 9.814416733708769414e+01
2.165993295789755848e+02 3.959345669080182262e+01 9.825268168409760960e+01
2.166186377044784024e+02 3.957181550013408611e+01 9.822927058192544791e+01
2.166715473317243266e+02 3.947846607669616503e+01 9.824808259587020132e+01
2.167289219629927572e+02 3.950588629659426232e+01 9.830132743362831604e+01
2.166192008581389246e+02 3.947780906409224855e+01 9.842511397157414876e+01
2.166409895414320204e+02 3.951212121212121531e+01 9.840128720836685261e+01
2.167211718959506470e+02 3.959334942343792108e+01 9.842610619469026290e+01
2.167550147492625285e+02 3.957207026012335405e+01 9.857085009385893670e+01
2.167244837758112226e+02 3.971952266023062350e+01 9.825021453472780308e+01
2.166704478412443109e+02 3.972983373558594877e+01 9.807988736926789386e+01
2.166223920622150843e+02 3.972229820327165584e+01 9.804662107803700621e+01
2.166359345669080199e+02 3.978927326360954453e+01 9.794332260659693645e+01
2.165996916063287756e+02 3.977358541163850703e+01 9.788428533118798214e+01
2.165273665862161465e+02 3.977652185572539878e+01 9.797303566639850203e+01
2.162993966210780457e+02 3.983826763207294164e+01 9.801673370876910951e+01
2.162740010726736273e+02 3.989859211584874998e+01 9.786347546259050034e+01
2.161492223116116804e+02 3.989554840439796379e+01 9.791918744971842159e+01
2.161267632072941751e+02 3.991359613837489917e+01 9.778938053097344607e+01
2.161320327165459787e+02 3.981594261196030970e+01 9.780831322070260114e+01
2.161063824081523137e+02 3.966960311075355605e+01 9.789250469294717050e+01
2.161103244837757984e+02 3.961508447304907321e+01 9.799883346741754053e+01
2.161587691069991877e+02 3.957582461786001460e+01 9.806107535532314046e+01
2.163057790292303650e+02 3.960319120407616111e+01 9.807586484312147945e+01
2.163254491820863450e+02 3.965532314293376004e+01 9.800164923572003772e+01
2.164132341110217226e+02 3.959344328238133670e+01 9.808303834808259580e+01
2.164206891928130858e+02 3.976138374899436911e+01 9.813399034593724934e+01
2.165550013408420398e+02 3.983047733976937366e+01 9.828993027621346812e+01
2.165921828908554687e+02 3.979393939393939661e+01 9.827253955484043502e+01
2.166676454813622854e+02 3.973647090372754320e+01 9.821186645213194311e+01
2.166096406543309172e+02 3.965225261464199491e+01 9.812999463663180677e+01
2.165025073746312785e+02 3.954599088227406867e+01 9.798311879860553120e+01
2.165133816036470762e+02 3.942034057388039514e+01 9.794065433091981276e+01
2.164599758648431305e+02 3.947889514615178541e+01 9.797345132743362228e+01
2.163867390721372885e+02 3.954969160632877134e+01 9.791635827299543848e+01
2.163597881469562765e+02 3.957758112094395386e+01 9.805300348618932560e+01
2.163147626709573501e+02 3.966547331724322589e+01 9.805333869670153035e+01
2.163048672566371806e+02 3.968318584070796362e+01 9.804818986323411423e+01
2.162671091445427862e+02 3.973373558594797572e+01 9.807628050415661392e+01
2.162706623759721083e+02 3.975752212389380702e+01 9.786828908554572592e+01
2.162084607133279803e+02 3.971803432555645230e+01 9.784186108876374988e+01
2.162357200321802111e+02 3.973531777956556965e+01 9.774136497720569139e+01
2.162169348350764153e+02 3.975980155537677518e+01 9.768789219629927345e+01
2.161394743899168702e+02 3.973659157951193066e+01 9.772291499061410036e+01
2.161107669616519047e+02 3.971846339501206558e+01 9.780021453472781445e+01
2.161356127648163010e+02 3.980773665862161437e+01 9.792449718423169713e+01
2.160691740412979414e+02 3.981053901850361854e+01 9.795447841244300946e+01
2.160372485921158443e+02 3.989452936444087072e+01 9.794068114776079881e+01
2.159924778761061930e+02 3.990626173236793051e+01 9.787194958433896375e+01
2.160513274336283303e+02 3.977068919281308723e+01 9.796120943952801952e+01
2.162194824349691658e+02 3.964155269509252122e+01 9.797586484312148514e+01
2.162687583802627955e+02 3.969211584875301924e+01 9.780819254491821368e+01
2.162247921694824413e+02 3.962771520514883150e+01 9.788777152051488883e+01
2.162380665057656302e+02 3.962889514615178399e+01 9.779628586752480146e+01
2.160795789755966609e+02 3.971183963529096417e+01 9.783618932689729775e+01
2.159480557790292323e+02 3.981206757843926169e+01 9.772983373558594167e+01
2.159337087691069996e+02 3.983849557522123774e+01 9.762705819254492212e+01
2.158208232770179791e+02 3.978883078573343823e+01 9.751816840976132994e+01
2.156163314561544553e+02 3.972149369804237296e+01 9.736057924376508765e+01
2.155762402788951420e+02 3.954754625905068366e+01 9.733181818181817846e+01
2.155066505765620946e+02 3.935186377044784223e+01 9.725117994100294538e+01
2.155296057924376498e+02 3.936394475730759268e+01 9.720949316170555221e+01
2.154640117994100308e+02 3.922628050415661249e+01 9.722548940734780842e+01
2.155143872351837047e+02 3.926413247519442251e+01 9.714607133279699269e+01
2.152165459908822811e+02 3.946319388576025489e+01 9.699723786537946069e+01
2.150591445427728559e+02 3.951110217216412224e+01 9.703989005095199616e+01
2.149290694556181336e+02 3.951482971305980385e+01 9.677668275677125109e+01
2.149053097345132812e+02 3.944347009922230995e+01 9.690443818718155455e+01
2.149499999999999886e+02 3.947215071064628233e+01 9.689270581925448766e+01
2.150919013140252218e+02 3.951263073209975829e+01 9.691634486457495257e+01
2.151277554304103035e+02 3.952138643067846857e+01 9.695884955752212875e+01
2.150979485116653223e+02 3.945756234915526761e+01 9.705681147760793692e+01
2.150842316975060271e+02 3.942956556717618355e+01 9.710328506301956963e+01
2.150430946634486418e+02 3.943807991418611181e+01 9.713783856261731842e+01
2.152219764011799441e+02 3.943026280504156489e+01 9.716873156342182938e+01
2.152457495307052966e+02 3.936504424778760836e+01 9.719133816036470819e+01
2.152602440332528886e+02 3.929460981496379901e+01 9.724769375167605290e+01
2.151888576025744158e+02 3.926830249396621042e+01 9.736826226870473988e+01
2.152167337087691124e+02 3.934388576025744300e+01 9.727518101367658687e+01
2.151600429069455629e+02 3.931899973183158892e+01 9.720866183963529750e+01
2.150894877983373590e+02 3.952876106194690209e+01 9.697636095467953510e+01
2.149716143738267533e+02 3.950931885223920403e+01 9.687679002413516116e+01
2.149813757039420636e+02 3.954719764011799299e+01 9.685126039152588362e+01
2.149537811745776423e+02 3.948089300080450670e+01 9.675237329042639089e+01
2.149688254223652564e+02 3.939690265486725451e+01 9.683997050147492303e+01
2.148691740412979243e+02 3.927573075891660181e+01 9.679458299812282007e+01
2.148408822740681217e+02 3.921452131938857377e+01 9.682807723250201093e+01
2.146466478948779866e+02 3.912829176722981828e+01 9.673657817109145185e+01
2.145412845266827446e+02 3.911867792973987434e+01 9.654066773934030721e+01
2.145024671493698065e+02 3.898047733976937224e+01 9.661048538482167203e+01
2.144956958970233245e+02 3.898010190399570973e+01 9.661398498256905043e+01
2.144774202198981072e+02 3.892201662644140470e+01 9.655652990077769005e+01
2.144658487530168998e+02 3.896901314025208052e+01 9.655760257441673389e+01
2.144350227943148184e+02 3.890902386698846982e+01 9.652184231697505368e+01
2.143755028157683000e+02 3.887629391257709699e+01 9.638444623223384156e+01
2.144440868865647758e+02 3.879255832662911985e+01 9.626854384553499244e+01
2.145162241887905736e+02 3.874864574953070218e+01 9.622211048538481748e+01
2.144450120675784319e+02 3.870391525878251571e+01 9.616198712791633341e+01
2.143348753016894648e+02 3.873325288281040457e+01 9.610060337892196003e+01
2.142156074014480964e+02 3.881529900777688624e+01 9.591662644140519944e+01
2.141598954143202036e+02 3.875454545454545752e+01 9.593102708500939002e+01
2.141416599624564299e+02 3.878975596674711568e+01 9.591764548136229962e+01
2.140231563421828866e+02 3.882188254223652280e+01 9.583023598820058453e+01
2.140626307320997626e+02 3.873594797532850720e+01 9.584961115580584590e+01
2.140507240547063645e+02 3.871449450254760194e+01 9.596776615714668424e+01
2.139428935371413161e+02 3.866445427728613282e+01 9.595772325020112703e+01
2.140168543845535112e+02 3.860294985250737199e+01 9.600711987127915847e+01
2.140820595333869676e+02 3.860126039152587651e+01 9.603287744703673923e+01
2.141821265754894057e+02 3.870057656208098962e+01 9.610737463126844204e+01
2.142922231161169293e+02 3.879486457495307405e+01 9.607158755698579000e+01
2.142798471440064247e+02 3.879796192008581102e+01 9.611123625636899703e+01
2.143085411638508901e+02 3.878247519442209779e+01 9.618976937516760017e+01
2.143221507106462980e+02 3.880824617860015735e+01 9.614085545722713277e+01
2.142539823008849567e+02 3.883495575221238738e+01 9.623097345132742930e+01
2.141187047465808462e+02 3.879621882542236477e+01 9.613187181550013349e+01
2.139256100831321987e+02 3.886486993832126302e+01 9.589612496647895057e+01
2.137393134888710051e+02 3.876642531509788370e+01 9.583614910163582579e+01
2.136383346741753826e+02 3.877106462858674973e+01 9.576604987932421409e+01
2.135251676052560867e+02 3.876495038884419131e+01 9.570655671761866756e+01
2.133938991686779332e+02 3.876676052561008134e+01 9.567787610619468808e+01
2.132151515151515184e+02 3.874015821936175996e+01 9.558014212925716890e+01
2.130301555376776719e+02 3.868884419415392983e+01 9.544865915795119804e+01
2.129756905336551256e+02 3.863510324483775804e+01 9.541082059533387394e+01
2.130112764816304605e+02 3.862860016090104409e+01 9.548090640922499972e+01
2.131564896755162124e+02 3.866208098685974903e+01 9.554038616251006033e+01
2.133623491552694986e+02 3.857853311879860314e+01 9.538875033521051705e+01
2.134726736390453254e+02 3.858707428264950323e+01 9.541165191740412865e+01
2.134765218557253945e+02 3.866187986055242476e+01 9.553983641727005249e+01
2.135246983105390086e+02 3.864872620005363046e+01 9.548553231429337984e+01
2.135524269241083459e+02 3.860367390721373226e+01 9.555584607133279462e+01
2.135137168141592952e+02 3.868668543845534913e+01 9.548458031643872346e+01
2.134913917940466490e+02 3.864557522123893563e+01 9.562146688120139970e+01
2.134838428533118702e+02 3.870028157683024972e+01 9.564269241083400175e+01
2.134564896755162238e+02 3.860658353445963797e+01 9.553978278358809462e+01
2.134116787342451005e+02 3.858840171627782212e+01 9.547921694824349004e+01
2.134570126039152456e+02 3.863348082595869926e+01 9.549625905068383247e+01
2.134044918208635124e+02 3.861928130866184006e+01 9.547500670421024438e+01
2.133849691606328633e+02 3.866999195494770447e+01 9.543777152051488599e+01
2.133490614105658381e+02 3.868689997318315932e+01 9.534129793510324191e+01
2.133045454545454618e+02 3.857963260927862592e+01 9.543004827031376180e+01
2.133549879324215510e+02 3.857071600965406333e+01 9.536460176991150206e+01
2.132219495843389723e+02 3.856381067310270794e+01 9.532990077768839399e+01
2.131370876910699792e+02 3.847267363904531834e+01 9.508138911236255808e+01
2.129537141324751985e+02 3.851453472780906395e+01 9.499696969696969973e+01
2.128239474389916950e+02 3.841869133816036452e+01 9.490268168409761529e+01
2.128325690533655177e+02 3.831328774470367193e+01 9.496552695092518093e+01
2.127868597479216817e+02 3.829357736658621292e+01 9.491021721641190823e+01
2.127727674979887240e+02 3.821260391525878219e+01 9.490250737463126995e+01
2.126513676588897965e+02 3.820648967551622377e+01 9.484160632877447483e+01
2.125353177795655597e+02 3.826941539286671912e+01 9.470766961651916915e+01
2.123279297398766516e+02 3.838081255028157557e+01 9.464309466344865029e+01
2.122123759721104932e+02 3.835254759989273055e+01 9.462672298203271737e+01
2.121750335210512333e+02 3.834731831590238471e+01 9.466087422901581760e+01
2.121243228747653404e+02 3.838472780906409554e+01 9.449289353714132744e+01
2.119334808259586964e+02 3.836591579511933503e+01 9.447385358004827083e+01
2.118278224725127359e+02 3.825942611960311268e+01 9.460777688388307638e+01
2.118713730222579841e+02 3.829641995172968905e+01 9.443172432287477136e+01
2.118601367658889671e+02 3.821256368999731734e+01 9.452752748726200593e+01
2.118561946902654824e+02 3.822543577366586476e+01 9.458989005095199332e+01
2.117644810941271203e+02 3.822270045588629728e+01 9.450194422097077052e+01
2.118438857602574501e+02 3.814544113703405515e+01 9.444458299812282576e+01
2.118742424242424249e+02 3.805632877447036577e+01 9.462111826226870903e+01
2.118728077232501903e+02 3.804755966747116958e+01 9.452737999463663243e+01
2.118299544113703519e+02 3.799959774738535856e+01 9.453428533118798782e+01
2.117767363904532090e+02 3.800164923572003062e+01 9.448179136497721231e+01
2.116590775006704348e+02 3.812473853580048200e+01 9.440781710914454550e+01
2.115181818181818301e+02 3.813605524269240732e+01 9.430666398498256342e+01
2.112618396352909542e+02 3.794542772861356639e+01 9.417194958433896090e+01
2.112050013408420455e+02 3.791983105390185216e+01 9.415677125234647349e+01
2.111621748458031504e+02 3.802932421560740295e+01 9.409780101903996297e+01
2.110088227406811541e+02 3.810172968624296175e+01 9.415014749262536498e+01
2.109806114239742669e+02 3.815104585679807059e+01 9.413759721104854350e+01
2.110565835344596337e+02 3.812070260123357457e+01 9.415591311343523273e+01
2.109369670152856031e+02 3.820851434700992399e+01 9.414565567176187244e+01
2.110622418879055999e+02 3.808227406811477778e+01 9.417872083668544292e+01
2.110979216948243504e+02 3.806166532582462025e+01 9.417683024939661607e+01
2.112882810404934162e+02 3.789916867792973676e+01 9.419396621078037413e+01
2.113604317511397142e+02 3.787270045588629586e+01 9.426536604987931867e+01
2.114624832394743805e+02 3.791489675516223912e+01 9.424737194958433406e+01
2.112297130598015542e+02 3.808861625100563231e+01 9.426499061410565616e+01
2.110631536604987843e+02 3.823464735854116725e+01 9.410603378921962303e+01
2.110196165191740363e+02 3.832176186645213534e+01 9.395024135156879197e+01
2.110517028694019928e+02 3.839809600429069292e+01 9.394344328238133812e+01
2.111279029230356628e+02 3.847732636095467740e+01 9.394777420219898545e+01
2.111727406811477579e+02 3.852196299275945535e+01 9.397708500938588827e+01
2.111382542236524671e+02 3.844774738535800651e+01 9.396948243496916575e+01
2.111459238401716334e+02 3.846158487530168912e+01 9.406988468758380861e+01
2.112654599088227485e+02 3.846867792973987576e+01 9.407794314829713755e+01
2.114074684902118406e+02 3.847787610619469234e+01 9.414986591579511810e+01
2.115437516760525511e+02 3.838208635022794368e+01 9.433476803432556324e+01
2.115690935907749974e+02 3.816047197640118327e+01 9.436811477607938059e+01
2.115293778492893466e+02 3.815383480825958884e+01 9.423492893537141413e+01
2.114961517833199309e+02 3.801747117189594860e+01 9.412599892732636420e+01
2.113394207562349152e+02 3.789935639581657512e+01 9.405548404397961804e+01
2.112290962724591168e+02 3.785843389648699286e+01 9.394651381067309615e+01
2.112144274604451653e+02 3.789279967819791040e+01 9.391814159292034958e+01
2.111495172968624274e+02 3.785773665862161153e+01 9.392295521587557516e+01
2.111014883346741726e+02 3.795630195762939252e+01 9.380363368195226315e+01
2.110131670689192731e+02 3.791217484580316466e+01 9.391693483507643236e+01
2.109909359077500710e+02 3.802707160096540662e+01 9.376267095736122315e+01
2.108605256100831298e+02 3.819239742558326611e+01 9.384377849289353435e+01
2.107691606328774583e+02 3.824119066773933895e+01 9.364184768034326112e+01
2.107013810673102796e+02 3.818472780906409270e+01 9.357216411906676967e+01
2.106485384821667992e+02 3.810227943148296958e+01 9.355253419147224747e+01
2.105619200858138811e+02 3.805241351568785291e+01 9.340804505229283450e+01
2.105253016894609743e+02 3.785823277017967570e+01 9.354152587825154797e+01
2.106307052829176598e+02 3.783818718155001193e+01 9.362058192544918711e+01
2.107423974255832775e+02 3.779999999999999716e+01 9.379628586752480146e+01
2.107968222043443234e+02 3.770233306516492178e+01 9.364970501474925868e+01
2.108563421828908417e+02 3.767534191472244487e+01 9.370140788415125144e+01
2.109128318584070882e+02 3.765404934298739903e+01 9.372181550013408469e+01
2.109567310270849987e+02 3.770947975328506629e+01 9.368150978814695407e+01
2.109953204612496620e+02 3.771637168141592866e+01 9.377315634218288665e+01
2.110346473585411502e+02 3.768580048270313654e+01 9.380493429873961020e+01
2.110982569053365410e+02 3.762198980960042860e+01 9.388865647626710143e+01
2.110509922231161113e+02 3.763195226602306320e+01 9.395128720836684977e+01
2.110228881737731399e+02 3.749946366318047808e+01 9.381163850898364842e+01
2.108498390989541349e+02 3.749190131402520620e+01 9.357146688120138833e+01
2.107530571198712721e+02 3.733268972914990513e+01 9.363626977742022461e+01
2.107221641190667754e+02 3.742225797801019382e+01 9.348390989541431395e+01
2.107019442209707734e+02 3.741761866452132068e+01 9.340248055779029812e+01
2.107749798873692555e+02 3.748420488066506095e+01 9.339706355591310682e+01
2.107621212121212011e+02 3.753085277554303900e+01 9.343869670152855633e+01
2.108053767766157023e+02 3.756899973183158892e+01 9.329070796460176496e+01
2.108268436578171077e+02 3.749030571198712636e+01 9.331010994904799816e+01
2.109058594797532749e+02 3.742115848753017104e+01 9.343407079646017621e+01
2.109946634486457526e+02 3.734769375167605432e+01 9.358547868061143049e+01
2.109583534459640646e+02 3.739330919817645338e+01 9.347190935907750031e+01
2.108847278090640884e+02 3.734707696433360269e+01 9.348449986591579375e+01
2.107074148565299083e+02 3.751469562885492337e+01 9.347636095467953510e+01
2.105521721641190709e+02 3.760116653258246089e+01 9.340151515151515582e+01
2.105631402520783126e+02 3.776611692142665788e+01 9.327620005363368705e+01
2.105015285599356503e+02 3.786615714668811705e+01 9.329168677929739317e+01
2.105374899436846476e+02 3.781941539286672338e+01 9.338024939662108181e+01
2.108072405470635431e+02 3.764809600429069292e+01 9.345726736390453482e+01
2.111096272459104455e+02 3.748248860284258654e+01 9.349487798337355571e+01
2.112094663448645804e+02 3.740729418074550949e+01 9.358676588897827742e+01
2.112228613569321567e+02 3.745746849021185199e+01 9.353042370608741862e+01
2.113123357468490155e+02 3.749172700455886087e+01 9.356137034057388746e+01
2.112984848484848612e+02 3.742756771252346226e+01 9.373921962992758949e+01
2.112041566103513048e+02 3.743622955215875692e+01 9.374481094127111191e+01
2.109719898096004158e+02 3.738980960042906787e+01 9.369117725931884877e+01
2.108257307589165919e+02 3.734633950120675649e+01 9.369861893268972608e+01
2.107415661035130086e+02 3.734328238133547728e+01 9.361701528559935070e+01
2.105731295253419262e+02 3.737441673370877027e+01 9.327776883883078085e+01
2.104725395548404379e+02 3.744458299812281865e+01 9.310508179136498086e+01
2.104226200053633704e+02 3.740390185036202553e+01 9.313754357736658562e+01
2.104206891928130858e+02 3.740363368195226457e+01 9.319273263609547087e+01
2.104186511128989139e+02 3.753356127648162754e+01 9.304971842316975028e+01
2.105780638240815108e+02 3.743975596674711426e+01 9.318759721104854066e+01
2.106325556449450289e+02 3.734238401716277878e+01 9.312953875033521456e+01
2.105448645749530669e+02 3.732447036739072388e+01 9.301297935103244185e+01
2.105306650576562220e+02 3.711960311075355179e+01 9.295453204612496734e+01
2.104824886028425794e+02 3.722666934835076091e+01 9.288734245105926846e+01
2.104446500402252695e+02 3.714877983373558834e+01 9.290134084204881049e+01
2.104037275408956873e+02 3.700882274068114697e+01 9.291417270045589305e+01
2.104693483507642782e+02 3.701285867524805440e+01 9.288754357736658562e+01
2.105767632072941922e+02 3.691804773397694106e+01 9.285461249664788852e+01
2.104645213193885809e+02 3.697593188522392182e+01 9.285041566103512878e+01
2.103420353982300810e+02 3.706708232770179734e+01 9.287906945561812222e+01
2.102566908018235381e+02 3.709266559399302565e+01 9.281858407079646156e+01
2.102038079914186142e+02 3.712074282649503942e+01 9.279715741485652813e+01
2.101932957897559788e+02 3.717774202198980760e+01 9.281261732367927664e+01
2.101261196031107659e+02 3.709399302762134454e+01 9.282540895682488724e+01
2.101735183695360547e+02 3.690308393671225673e+01 9.283679270581924925e+01
2.102441002949852589e+02 3.682790292303566559e+01 9.294469026548672730e+01
2.102019039957093014e+02 3.669857870742826833e+01 9.287481898632340460e+01
2.101167068919281178e+02 3.661922767497988929e+01 9.279501206757844045e+01
2.099924242424242493e+02 3.650862161437382980e+01 9.263163046393134437e+01
2.099062751407884093e+02 3.661158487530168770e+01 9.261804773397693680e+01
2.098389514615178371e+02 3.669597747385358133e+01 9.260697237865379350e+01
2.097818986323410968e+02 3.668435237329042309e+01 9.251297935103244185e+01
2.097133279699651496e+02 3.667098417806382571e+01 9.247991418610887138e+01
2.097335210512201797e+02 3.671162510056315398e+01 9.247724591043174769e+01
2.096499865915795056e+02 3.670304371145078903e+01 9.230509519978546962e+01
2.096328238133547757e+02 3.676347546259050603e+01 9.220364709037275475e+01
2.095831322070260114e+02 3.676651917404129932e+01 9.224816304639313103e+01
2.095614776079377748e+02 3.670533655135425022e+01 9.214591043175113327e+01
2.095067578439259819e+02 3.664542772861356923e+01 9.211871815500134630e+01
2.093488200589970631e+02 3.674521319388576046e+01 9.226540627514079063e+01
2.092197506033789125e+02 3.680563153660498443e+01 9.223951461517833650e+01
2.090233440600697179e+02 3.682394743899168787e+01 9.219273263609547087e+01
2.088927460445159454e+02 3.686315366049879572e+01 9.216251005631536941e+01
2.089531107535532328e+02 3.682822472512737733e+01 9.228236792705818914e+01
2.088374631268436588e+02 3.679801555376776889e+01 9.210262805041566025e+01
2.088637704478412331e+02 3.684987932421560686e+01 9.203354786806114873e+01
2.088906811477608017e+02 3.686537945829981311e+01 9.202031375703941762e+01
2.091332931080718822e+02 3.677658889782783547e+01 9.213286403861624763e+01
2.092960847412174985e+02 3.684348350764280156e+01 9.224400643604182903e+01
2.094357602574416717e+02 3.671752480557790221e+01 9.234493161705550790e+01
2.095603378921962872e+02 3.661265754894073154e+01 9.254379190131402311e+01
2.096839367122553028e+02 3.656305980155537583e+01 9.258518369536068349e+01
2.097505765620809939e+02 3.646866452131938985e+01 9.267973987664252888e+01
2.097244301421292505e+02 3.640589970501474681e+01 9.268437919013140913e+01
2.096610753553231348e+02 3.650132743362831889e+01 9.243720836685437803e+01
2.095763073209975857e+02 3.654267900241351441e+01 9.222117189595066122e+01
2.094242826495038798e+02 3.668331992491284410e+01 9.205907750067042628e+01
2.094598820058997148e+02 3.671328774470367051e+01 9.215183695360686045e+01
2.094389380530973312e+02 3.670123357468489900e+01 9.209267900241351867e+01
2.096558326629123030e+02 3.664306784660767136e+01 9.214475730758915972e+01
2.097573344060069758e+02 3.667375972110485094e+01 9.208495575221239449e+01
2.098284928935371454e+02 3.667830517565030846e+01 9.210437114507911360e+01
2.098136363636363626e+02 3.661761866452131642e+01 9.202373290426388053e+01
2.097750737463126711e+02 3.665328506301957390e+01 9.205079109680879412e+01
2.098254223652453732e+02 3.660667739340305360e+01 9.201092786269776980e+01
2.097915929203539918e+02 3.663293108071869142e+01 9.199309466344864461e+01
2.098600026816841080e+02 3.655258782515419824e+01 9.196839635290962178e+01
2.097820863502279565e+02 3.664537409493161846e+01 9.198124161973719026e+01
2.097688656476267113e+02 3.661379726468221918e+01 9.198889782783588487e+01
2.097848350764280099e+02 3.668318584070796362e+01 9.213739608474121212e+01
2.097892866720300447e+02 3.666181281844998807e+01 9.226138374899436201e+01
2.097737597211048524e+02 3.664903459372485628e+01 9.237514078841512344e+01
2.098852105122016667e+02 3.673828104049343324e+01 9.245352641458836729e+01
2.099181281844998637e+02 3.675467953875033800e+01 9.236541968356127086e+01
2.099169080182354605e+02 3.665277554304103091e+01 9.254320193081254331e+01
2.098737597211048467e+02 3.654326897291498710e+01 9.252350496111557732e+01
2.098413917940466717e+02 3.649540091177259171e+01 9.250564494502548030e+01
2.098704478412442995e+02 3.642095736122284677e+01 9.261091445427729241e+01
2.099247385358004863e+02 3.642075623491552960e+01 9.270079109680879981e+01
2.100269777420219839e+02 3.648594797532850720e+01 9.256049879324216079e+01
2.100433896486993888e+02 3.659017162778224730e+01 9.245777688388308491e+01
2.101307991418610754e+02 3.665370072405470836e+01 9.261456154465004431e+01
2.101478144274604460e+02 3.678012872083668583e+01 9.249282649503888365e+01
2.102562751407884036e+02 3.675349959774738551e+01 9.262573075891660324e+01
2.103289219629927516e+02 3.682565030839366926e+01 9.253264950388843602e+01
2.101932287476535350e+02 3.676150442477876368e+01 9.240282917672298879e+01
2.102176991150442404e+02 3.665344596406543332e+01 9.240838026280503925e+01
2.102609412711182699e+02 3.666015017430946443e+01 9.236515151515150990e+01
2.101728077232502017e+02 3.658915258782515423e+01 9.241189326897291778e+01
2.101923706087422943e+02 3.669743899168678070e+01 9.252755430410297777e+01
2.101810404934298617e+02 3.663696701528559885e+01 9.258159023866988946e+01
2.102135559131134244e+02 3.670037543577366534e+01 9.265453204612497018e+01
2.102340842048806735e+02 3.671822204344328355e+01 9.271378385626172758e+01
2.101866720300348561e+02 3.664922231161169464e+01 9.278456690801823470e+01
2.101211182622687090e+02 3.686603647090372959e+01 9.266242960579243970e+01
2.101331053901850225e+02 3.691005631536604881e+01 9.267074282649504369e+01
2.100024001072673627e+02 3.703236792705818914e+01 9.249377849289354003e+01
2.099805846071332667e+02 3.700470635559130983e+01 9.247931080718691987e+01
2.098500402252614663e+02 3.696619737194958333e+01 9.237274068114776071e+01
2.097426790024135244e+02 3.679581657280772333e+01 9.223049074818986526e+01
2.096625100563153694e+02 3.671216143738267590e+01 9.214215607401447983e+01
2.097068114776079426e+02 3.673116116921426766e+01 9.221881201394475625e+01
2.097079109680879583e+02 3.667556985787074098e+01 9.224536068651113396e+01
2.097450925181013588e+02 3.673610887637436662e+01 9.233958165728077461e+01
2.097193349423437780e+02 3.676617055510860865e+01 9.233055779029230337e+01
2.098073209975864870e+02 3.674949048002145702e+01 9.233495575221239449e+01
2.098440868865647531e+02 3.676961651917404339e+01 9.241631804773398073e+01
2.099066371681416001e+02 3.670303030303030312e+01 9.252079646017699588e+01
2.100061544650040162e+02 3.670646285867524483e+01 9.259789487798337859e+01
2.100013140252078188e+02 3.679608474121748429e+01 9.250942611960310558e+01
2.099374229015821811e+02 3.686771252346473915e+01 9.251175918476803872e+01
2.099628854920890433e+02 3.685650308393671537e+01 9.251020380799141662e+01
2.099599490480021586e+02 3.691684097613300963e+01 9.255262805041566310e+01
2.098554706355591293e+02 3.703128184499865938e+01 9.252011263073210046e+01
2.099775677125234665e+02 3.696456154465003863e+01 9.249443550549744941e+01
2.100446902654867358e+02 3.691666666666666430e+01 9.246051220166263818e+01
2.101168275677125337e+02 3.702880128720836694e+01 9.248400375435772958e+01
2.101326092786269726e+02 3.703417806382407917e+01 9.263189863234110533e+01
2.101658487530168884e+02 3.699550817913650036e+01 9.267713864306784899e+01
2.101228479485116623e+02 3.704017162778225014e+01 9.264809600429069292e+01
2.100248055779029244e+02 3.698432555644944841e+01 9.261662644140520229e+01
2.099212523464735796e+02 3.696190667739340086e+01 9.252522123893805883e+01
2.099209573612228610e+02 3.691771252346473631e+01 9.263841512469831230e+01
2.099629257173504868e+02 3.686645213193885695e+01 9.261071332796996103e+01
2.100057119871279099e+02 3.694263877715204814e+01 9.262857334406007226e+01
2.100689997318315818e+02 3.694725127379994944e+01 9.265372754089568730e+01
2.100452266023062577e+02 3.700848753016894932e+01 9.266657280772325578e+01
2.100887503352105057e+02 3.702952534191472012e+01 9.271629123089300606e+01
2.101472780906409241e+02 3.704640654330919602e+01 9.269975864843121371e+01
2.101043845534995853e+02 3.710749530705282950e+01 9.273067846607669651e+01
2.100046527219093662e+02 3.719465004022526244e+01 9.281016358272995603e+01
2.100209305443818835e+02 3.718563958165728423e+01 9.290384821668007476e+01
2.100689997318315818e+02 3.721096808795923749e+01 9.294200858138911769e+01
2.101429203539823050e+02 3.727098417806382713e+01 9.299932957897559049e+01
2.102692679002413456e+02 3.713185840707964758e+01 9.308432555644945694e+01
2.104253955484043956e+02 3.708956824886028159e+01 9.315883614910163146e+01
2.106348082595870324e+02 3.695234647358541480e+01 9.310642263341378566e+01
2.108497050147492757e+02 3.698807991418610897e+01 9.325693215339232722e+01
2.109043845534995967e+02 3.713944757307589128e+01 9.336539286672029903e+01
2.109271252346473489e+02 3.717472512737999324e+01 9.337786269777420500e+01
2.109470099222311603e+02 3.726810136765889325e+01 9.347290158219361444e+01
2.109578171091445427e+02 3.737976669348351066e+01 9.340054974524001352e+01
2.109270716009654052e+02 3.731289890050952351e+01 9.338813354786806542e+01
2.108427460445159625e+02 3.725907750067042201e+01 9.335323142933762597e+01
2.107683561276481612e+02 3.722095736122285103e+01 9.330624832394744317e+01
2.107943148297130733e+02 3.717453740949316199e+01 9.316508447304907747e+01
2.108325824617859894e+02 3.712437650844730541e+01 9.318698042370608903e+01
2.108436310002681751e+02 3.714958433896487122e+01 9.321669348350764039e+01
2.108441941539286688e+02 3.722256637168141680e+01 9.325280235988201127e+01
2.107500536336819437e+02 3.740689192813086805e+01 9.336753821399838671e+01
2.106877983373558720e+02 3.753207294180745635e+01 9.336436041834271293e+01
2.107410834003754303e+02 3.763382944489138993e+01 9.337239206221507004e+01
2.107720300348618991e+02 3.777638777152051830e+01 9.356877178868329281e+01
2.108140386162509969e+02 3.780288281040493104e+01 9.363412443014212272e+01
