2.201786629098360777e+02 4.771996670081967551e+01 1.078155951161202211e+02
2.198935280054644750e+02 4.747748036202185773e+01 1.074574154713114780e+02
2.198621072404371546e+02 4.746580430327868783e+01 1.074205515710382457e+02
2.193500683060109395e+02 4.714826673497267961e+01 1.069658043032786878e+02
2.194580344945355250e+02 4.694787397540983420e+01 1.066025017076502763e+02
2.194653346994535639e+02 4.681215846994535212e+01 1.063485314207650276e+02
2.198456924521858014e+02 4.672045765027322517e+01 1.059142759562841576e+02
2.201531762295082046e+02 4.679706711065573899e+01 1.057592426571038260e+02
2.204672984972677625e+02 4.684560706967213406e+01 1.057541623975409806e+02
2.205956497609289499e+02 4.682216956967213406e+01 1.056084571379781352e+02
2.206392161885245855e+02 4.692155481557377072e+01 1.055195739412568372e+02
2.207390496926229559e+02 4.687559767759562845e+01 1.055297131147541023e+02
2.208676571038251382e+02 4.708760245901639507e+01 1.057225068306010911e+02
2.209416410519125691e+02 4.710181864754098058e+01 1.057260502049180388e+02
2.211158640710382599e+02 4.714884306693988947e+01 1.060743041325136602e+02
2.211304004439890605e+02 4.714534238387977894e+01 1.061163123292349724e+02
2.212569800204917954e+02 4.724225153688524870e+01 1.063919270833333286e+02
2.213186048497267677e+02 4.737685706967213406e+01 1.063844561133879836e+02
2.214598488729508290e+02 4.732424009562841860e+01 1.065604935109289642e+02
2.215188908811475414e+02 4.741766991120218933e+01 1.064594219603825138e+02
2.216061731557377072e+02 4.756854081284153324e+01 1.065439506489070993e+02
2.216191512978141986e+02 4.751737534153005527e+01 1.066808828551912569e+02
2.215703765368852487e+02 4.749748121584699589e+01 1.065950734289617543e+02
2.215620303961748618e+02 4.749882599043716169e+01 1.065855746243169335e+02
2.215280908469945302e+02 4.748345713797814227e+01 1.065965889685792405e+02
2.215674308401639223e+02 4.761138148907103584e+01 1.066519381830601105e+02
2.215746883538251382e+02 4.758011014344262435e+01 1.066034195696721270e+02
2.216591103142076520e+02 4.762077356557377072e+01 1.067745474726775967e+02
2.217100836748633981e+02 4.767947404371584952e+01 1.068084870218579283e+02
2.218151895491803316e+02 4.763804217896174720e+01 1.068806139002732181e+02
2.218253714139344197e+02 4.759654627732240328e+01 1.071289916325136602e+02
2.219187585382513532e+02 4.767855618169399179e+01 1.072859673838797789e+02
2.220083034494535639e+02 4.766141564207650561e+01 1.072397114071038260e+02
2.220403005464480941e+02 4.763294057377049029e+01 1.071811816939890747e+02
2.219584827527322375e+02 4.765481984289617401e+01 1.071530268101092958e+02
2.219814719945355250e+02 4.775339395491803174e+01 1.069318434084699447e+02
2.220804730191256908e+02 4.777205003415300411e+01 1.068603355532786878e+02
2.221593878073770441e+02 4.777717298497267961e+01 1.069393143784153040e+02
2.221482667349726796e+02 4.780236082650273488e+01 1.070189762636612016e+02
2.220936005806011053e+02 4.795799180327868783e+01 1.070509733606557319e+02
2.220591700819672099e+02 4.796902749316939918e+01 1.071561859631147513e+02
2.220220286885245855e+02 4.797513234289617401e+01 1.070890326161202211e+02
2.220248036202185915e+02 4.805763319672131217e+01 1.070805157103825138e+02
2.220505891393442539e+02 4.800151553961748618e+01 1.072968536543715885e+02
2.219564122267759672e+02 4.793957052595628454e+01 1.072275657445355250e+02
2.219514173497267677e+02 4.786313183060109111e+01 1.072025273224043787e+02
2.217937585382513532e+02 4.775239071038251382e+01 1.071682035519125691e+02
2.217695525956284257e+02 4.778549778005464788e+01 1.070833973702185773e+02
2.217101690573770441e+02 4.764301571038251382e+01 1.068800375683060082e+02
2.217758922472677625e+02 4.765648480191256908e+01 1.070223488729508148e+02
2.217632769808743092e+02 4.771507855191256908e+01 1.068760245901639365e+02
2.217620389344262435e+02 4.770419228142076662e+01 1.069909067622950829e+02
2.218832821038251382e+02 4.771183401639343913e+01 1.069978654371584668e+02
2.219418971994535639e+02 4.770113985655737565e+01 1.070544526980874309e+02
2.220608563866120164e+02 4.768118169398906758e+01 1.070671106557377072e+02
2.220507599043715743e+02 4.777678876366120164e+01 1.070177382172131217e+02
2.220978483606557461e+02 4.785916154371584952e+01 1.070988302595628454e+02
2.220699069330601105e+02 4.787847933743169193e+01 1.069295380806010911e+02
2.220627134562841434e+02 4.783077185792349439e+01 1.070673668032786878e+02
2.220864071038251382e+02 4.795893101092896416e+01 1.071010075136612016e+02
2.219654414275956356e+02 4.792332650273223749e+01 1.071686304644808700e+02
2.219877903005464361e+02 4.791551400273223749e+01 1.072264771174863398e+02
2.220377604166666572e+02 4.800424778005464788e+01 1.071511910860655803e+02
2.220881360997267677e+02 4.801577441939890889e+01 1.072198386270491852e+02
2.221174649931693921e+02 4.794200392759562845e+01 1.072070312500000000e+02
2.221874146174863256e+02 4.790287739071037976e+01 1.071741376366120164e+02
2.222061987704917954e+02 4.792102117486339097e+01 1.072358265027322375e+02
2.221324496243169335e+02 4.790447831284153324e+01 1.072102330942622928e+02
2.221202399248633981e+02 4.779113302595628454e+01 1.072618468237704974e+02
2.219458674863387841e+02 4.778041752049180246e+01 1.071776169740437155e+02
2.219199112021858014e+02 4.765528944672131217e+01 1.068883837090163951e+02
2.217984332308743092e+02 4.750548582650273488e+01 1.071685664275956213e+02
2.217780481557377072e+02 4.757214822404371546e+01 1.071095457650273204e+02
2.218355319330601105e+02 4.761161629098360493e+01 1.070196593237704974e+02
2.219104764344262435e+02 4.765349641393442681e+01 1.070010886270491852e+02
2.219154286202185915e+02 4.762835126366120164e+01 1.068315616461748618e+02
2.218720329576502763e+02 4.768557889344262435e+01 1.069029627732240471e+02
2.218793331625683152e+02 4.765033726092896416e+01 1.068206753756830665e+02
2.218140155396174862e+02 4.769477885928962024e+01 1.066873505806010911e+02
2.218259690915300553e+02 4.785064463797814227e+01 1.067675674521857871e+02
2.218676357581967125e+02 4.783768784153005527e+01 1.068083162568306079e+02
2.217992443647540881e+02 4.786340932377049029e+01 1.067149291325136602e+02
2.218453509221311606e+02 4.782014173497267961e+01 1.067290385928961740e+02
2.219477032103825138e+02 4.774020235655737565e+01 1.068709229849726796e+02
2.220787440232240328e+02 4.773907103825136744e+01 1.071442110655737707e+02
2.221077954234972651e+02 4.769089395491803174e+01 1.072522839822404421e+02
2.222247481215846960e+02 4.760800887978142271e+01 1.076101434426229559e+02
2.222776639344262435e+02 4.769304986338797647e+01 1.074928278688524586e+02
2.223323514344262435e+02 4.793333760245901942e+01 1.072620602800546408e+02
2.223462047472677625e+02 4.773712858606557319e+01 1.073028731215846960e+02
2.223941043374316848e+02 4.790723189890710643e+01 1.074054388661202211e+02
2.223138020833333428e+02 4.794166239754098058e+01 1.072738003756830665e+02
2.222280780396174862e+02 4.796467298497267961e+01 1.072514728483606490e+02
2.220869193989070993e+02 4.787796704234972367e+01 1.071427382172131217e+02
2.219897327527322375e+02 4.774178193306011053e+01 1.071111466871584668e+02
2.218891521516393368e+02 4.781824197404371546e+01 1.070457863729508148e+02
2.219799778005464361e+02 4.775915727459016580e+01 1.070275145150273204e+02
2.219050759904371546e+02 4.771885672814207879e+01 1.069792733948087431e+02
2.219299223019125691e+02 4.768841786202185773e+01 1.070506958674863398e+02
2.219533384562841434e+02 4.781670508879781067e+01 1.069735527663934391e+02
2.219002732240437297e+02 4.780253159153005527e+01 1.070762679303278730e+02
2.218533341871584810e+02 4.783864839480874309e+01 1.070055712090163951e+02
2.218647967896174862e+02 4.789000597677595294e+01 1.069306480532786878e+02
2.218770064890710501e+02 4.787077356557377072e+01 1.070179730191256766e+02
2.219365821379781494e+02 4.788701758879781067e+01 1.071552894467213122e+02
2.219328253073770441e+02 4.789160689890710643e+01 1.069860399590163951e+02
2.219184383538251382e+02 4.783286372950819754e+01 1.071260672814207595e+02
2.218836663251366019e+02 4.778472933743169193e+01 1.071663037909836049e+02
2.219183529713114638e+02 4.775166495901639507e+01 1.072174265710382457e+02
2.219891350751366019e+02 4.771588968579234802e+01 1.073332906420765056e+02
2.219802552937158566e+02 4.773646687158469604e+01 1.072592640027322375e+02
2.220961407103825138e+02 4.770884562841530396e+01 1.072490607923497237e+02
2.221205601092896131e+02 4.775038422131147797e+01 1.072820611338797789e+02
2.221855362021858014e+02 4.776786629098360493e+01 1.072466914275956213e+02
2.221436774248633981e+02 4.772730959699453734e+01 1.072798198428961740e+02
2.221387892759562703e+02 4.764798924180328044e+01 1.072720500341530112e+02
2.221797942281420717e+02 4.770955003415300411e+01 1.073578594603825138e+02
2.220935365437158566e+02 4.762721994535519343e+01 1.071998804644808700e+02
2.219266137295082046e+02 4.755921277322404706e+01 1.071073685109289642e+02
2.218092981557377072e+02 4.755987448770491710e+01 1.067771729849726796e+02
2.217543545081967125e+02 4.744787397540983420e+01 1.065840590846994473e+02
2.217139472336065467e+02 4.751462175546448208e+01 1.065607283128415332e+02
2.216454064207650276e+02 4.759360058060109111e+01 1.064492187500000000e+02
2.215872822745901658e+02 4.763962175546448208e+01 1.064983136953551934e+02
2.214512892759562703e+02 4.763528859289617401e+01 1.065652749316939918e+02
2.214786543715846960e+02 4.763146772540983420e+01 1.065305455942622928e+02
2.214944287909836191e+02 4.765748804644808700e+01 1.065010672814207595e+02
2.214755165642076520e+02 4.766154371584699589e+01 1.064501366120218648e+02
2.216243596311475414e+02 4.738138234289617401e+01 1.065967170423497237e+02
2.216869663592896131e+02 4.728274419398906758e+01 1.066493767076502763e+02
2.217698300887978178e+02 4.719379696038251382e+01 1.067009690915300553e+02
2.218725879439890605e+02 4.702262636612022106e+01 1.068958333333333286e+02
2.219615778688524586e+02 4.715016649590163667e+01 1.066986637636612016e+02
2.217866931352459119e+02 4.722092725409836333e+01 1.067645577185792405e+02
2.217786885245901658e+02 4.739640966530054556e+01 1.067827655396174862e+02
2.216798796106557461e+02 4.735948172814207879e+01 1.066950350068306079e+02
2.216412867144808843e+02 4.746896345628415048e+01 1.068437926912568372e+02
2.216899547472677625e+02 4.748542093579234802e+01 1.067438738046448066e+02
2.217707906420764914e+02 4.747686133879781067e+01 1.067067964480874309e+02
2.219080216871584810e+02 4.743493852459016580e+01 1.068354678961748618e+02
2.218322233606557461e+02 4.745698855874316990e+01 1.068365992144808700e+02
2.218250085382513532e+02 4.749146174863388126e+01 1.067190061475409806e+02
2.219363046448087573e+02 4.738148907103825280e+01 1.068983094262295026e+02
2.219473830259562703e+02 4.737421021174863256e+01 1.068570483265027349e+02
2.218750426912568230e+02 4.742458589480874309e+01 1.068964950478142129e+02
2.217327527322404421e+02 4.724156847677595294e+01 1.068711791325136602e+02
2.216862192622950829e+02 4.715221567622950971e+01 1.067158256489070993e+02
2.216521089480874309e+02 4.715375256147540739e+01 1.066066214139344197e+02
2.215695013661202211e+02 4.716875853825136744e+01 1.065460638661202211e+02
2.215371627390710501e+02 4.714303705601093242e+01 1.064972891051912569e+02
2.215561176571038118e+02 4.731139002732240328e+01 1.065235655737704974e+02
2.215527877390710501e+02 4.726137721994535212e+01 1.064087474385245855e+02
2.215688396516393368e+02 4.731512551229508290e+01 1.064623249658469888e+02
2.216793032786885362e+02 4.727719433060109111e+01 1.064431779371584668e+02
2.216559938524590052e+02 4.720666837431694063e+01 1.064249914617486326e+02
2.217310237363387841e+02 4.708344006147540739e+01 1.065464694330601105e+02
2.216970414959016296e+02 4.708538251366120164e+01 1.064851434426229559e+02
2.217398608265027349e+02 4.708529713114754145e+01 1.064649931693989089e+02
2.216505720628415190e+02 4.718694501366120164e+01 1.065699709699453592e+02
2.215442281420764914e+02 4.734532957650273488e+01 1.065528944672131217e+02
2.216296533469945302e+02 4.740650614754098058e+01 1.065053790983606490e+02
2.214883239412568230e+02 4.734923582650273488e+01 1.065347720286885220e+02
2.214487278005464361e+02 4.743075478142076662e+01 1.065459357923497237e+02
2.214632855191256908e+02 4.736065573770491710e+01 1.065377390710382457e+02
2.216688866120218506e+02 4.719123548497267961e+01 1.065074923155737707e+02
2.216749274248633981e+02 4.716907872267759672e+01 1.065534707991803316e+02
2.217309170081967125e+02 4.709336577868852203e+01 1.064951758879781352e+02
2.217114924863387841e+02 4.705304388661202353e+01 1.065784024931693921e+02
2.217057291666666572e+02 4.713061390027322517e+01 1.065752006489070993e+02
2.217030396174863256e+02 4.714719945355191300e+01 1.063791837431693921e+02
2.217121115095628454e+02 4.723369193989071135e+01 1.063715846994535497e+02
2.215633751707650276e+02 4.704553022540983420e+01 1.061543929303278730e+02
2.214360911885245855e+02 4.703086577868852203e+01 1.061536458333333286e+02
2.213511996243169335e+02 4.693899419398906758e+01 1.061886526639344197e+02
2.211801997950819612e+02 4.704909494535519343e+01 1.060305669398907042e+02
2.211495261270491710e+02 4.709428364071037976e+01 1.060585937500000000e+02
2.211282872267759672e+02 4.699265710382513817e+01 1.060242486338797789e+02
2.211559725068306079e+02 4.703951075819671956e+01 1.059002518784153040e+02
2.211313823428961882e+02 4.698162141393442681e+01 1.060125298838797789e+02
2.211845543032787020e+02 4.701556096311475130e+01 1.057959571379781352e+02
2.212754012978141986e+02 4.701688439207650561e+01 1.057358905396174862e+02
2.212614199112021822e+02 4.704072745901639507e+01 1.057403517759562845e+02
2.212365309084699447e+02 4.706664105191256908e+01 1.057766820355191300e+02
2.212728398224043644e+02 4.694702015027322517e+01 1.056856642759562845e+02
2.214419185450819612e+02 4.694740437158469604e+01 1.058416154371584668e+02
2.214494748975409948e+02 4.692761697404371546e+01 1.058219134221311464e+02
2.215172045765027349e+02 4.693662482923497237e+01 1.059502860314207595e+02
2.215137038934426243e+02 4.694648650956283831e+01 1.059790172472677625e+02
2.216025657445355250e+02 4.702653261612022106e+01 1.060632470969945302e+02
2.215262764685792263e+02 4.702015027322404706e+01 1.060884562841530112e+02
2.215884349385245855e+02 4.688400785519125691e+01 1.062542264344262293e+02
2.217038080601092815e+02 4.693530140027322517e+01 1.064564762636612016e+02
2.216354593579235086e+02 4.687100836748633981e+01 1.063126921106557319e+02
2.217077570013661330e+02 4.703827271174863256e+01 1.063062884221311464e+02
2.216827399248633981e+02 4.697111936475409522e+01 1.063112832991803316e+02
2.216688012295082046e+02 4.705014088114754145e+01 1.062334571379781352e+02
2.216626963797814085e+02 4.692479935109289357e+01 1.063209742144808700e+02
2.215937713456284257e+02 4.705312926912568372e+01 1.062933102800546408e+02
2.214667862021858014e+02 4.710395321038251382e+01 1.062609716530054698e+02
2.212737149931693921e+02 4.708662056010928865e+01 1.059887721994535497e+02
2.211088200136612159e+02 4.706318306010928865e+01 1.061088627049180388e+02
2.210708034494535639e+02 4.700540044398906758e+01 1.061120432035519059e+02
2.210293502390710501e+02 4.708531847677595294e+01 1.061852160177595579e+02
2.210053364071038118e+02 4.703504952185792121e+01 1.058517332650273204e+02
2.211120218579235086e+02 4.702437670765027633e+01 1.057004354508196684e+02
2.211686945013661330e+02 4.698721396857923338e+01 1.055762679303278730e+02
2.212098061816939776e+02 4.690949453551912285e+01 1.056238900273224033e+02
2.212770449112021822e+02 4.702258367486339097e+01 1.055467469262295026e+02
2.211735613046448066e+02 4.698057547814207879e+01 1.056901895491803316e+02
2.212735442281420717e+02 4.695873890027322517e+01 1.057315360314207595e+02
2.212778346994535639e+02 4.687800973360656087e+01 1.057416538592896131e+02
2.213083802937158566e+02 4.679781420765027633e+01 1.057652834699453592e+02
2.212435322745901658e+02 4.682276724726776251e+01 1.056718109631147513e+02
2.211806693989070993e+02 4.691852373633879836e+01 1.056748420423497237e+02
2.212744407445355250e+02 4.688697489754098058e+01 1.057551442964480941e+02
2.212405652322404421e+02 4.680637380464480657e+01 1.058067153346994473e+02
2.213010800887978178e+02 4.689307974726776251e+01 1.059250981898907042e+02
2.212804175204917954e+02 4.692725409836065609e+01 1.058043032786885220e+02
2.212365949453551934e+02 4.683884050546448208e+01 1.056921533469945302e+02
2.213221909153005527e+02 4.695861082650273488e+01 1.057198813183060082e+02
2.212392418032787020e+02 4.680605362021857729e+01 1.056859204234972651e+02
2.212773650956284257e+02 4.674319074453551792e+01 1.058156804986338813e+02
2.213209101775956356e+02 4.676485655737705116e+01 1.057832991803278730e+02
2.213035348360655803e+02 4.671644467213114638e+01 1.058370901639344197e+02
2.213737832991803316e+02 4.677497438524590478e+01 1.058592469262295026e+02
2.213726306352459119e+02 4.673016991120218933e+01 1.056587901297814227e+02
2.213171960382513532e+02 4.663925887978142271e+01 1.056019467213114780e+02
2.212532018442622928e+02 4.649799351092896416e+01 1.056300802595628454e+02
2.210747523907103869e+02 4.644725495218579425e+01 1.055185493510929007e+02
2.211445099043715743e+02 4.636959955601093242e+01 1.055837389002732181e+02
2.210474726775956356e+02 4.640424351092896416e+01 1.055132769808743234e+02
2.211219475751366019e+02 4.646083077185792121e+01 1.055661927937158424e+02
2.211906164617486468e+02 4.645131062158469604e+01 1.055895449112021822e+02
2.211990479849726796e+02 4.653193306010928865e+01 1.057301912568306079e+02
2.212607368510929007e+02 4.672047899590163667e+01 1.056206668374316990e+02
2.213372182377049171e+02 4.674274248633879836e+01 1.057678449453551934e+02
2.213192452185792263e+02 4.665646345628415048e+01 1.057719006147541023e+02
2.213393101092896131e+02 4.676287141393442681e+01 1.057057505122950829e+02
2.213143357240437297e+02 4.685476434426229275e+01 1.056909153005464503e+02
2.213323941256830665e+02 4.660145577185792121e+01 1.057922003073770441e+02
2.214170508879781494e+02 4.673460980191256908e+01 1.057134349385245855e+02
2.214669569672131217e+02 4.675823941256830807e+01 1.058649675546448066e+02
2.214807889344262435e+02 4.683702612704917811e+01 1.057549735314207595e+02
2.215083461407103869e+02 4.678605276639343913e+01 1.058411244877049171e+02
2.214834571379781494e+02 4.687273736338797647e+01 1.056959955601092958e+02
2.214864241803278730e+02 4.690563097677595294e+01 1.056756958674863398e+02
2.214681309767759672e+02 4.703282957650273488e+01 1.056949709699453592e+02
2.215330003415300553e+02 4.699780140027322517e+01 1.056459400614754145e+02
2.214909281079235086e+02 4.691581284153005527e+01 1.057609289617486326e+02
2.215692238729508290e+02 4.696789617486339097e+01 1.058403346994535497e+02
2.215715932377049171e+02 4.693799094945354966e+01 1.059519082991803316e+02
2.216466444672131217e+02 4.684853142076502763e+01 1.060883709016393510e+02
2.217597976434426243e+02 4.685672814207650561e+01 1.062245560109289642e+02
2.216575307377049171e+02 4.686466871584699589e+01 1.061034836065573757e+02
2.217131787909836191e+02 4.676195355191256908e+01 1.060808572404371546e+02
2.217053449453551934e+02 4.666803278688524870e+01 1.059202527322404421e+02
2.215203637295082046e+02 4.653744023224043502e+01 1.057770235655737707e+02
2.214432846653005527e+02 4.634477459016393652e+01 1.058119877049180388e+02
2.213986936475409948e+02 4.642390283469945444e+01 1.058181992827868783e+02
2.214567110655737565e+02 4.644445867486339097e+01 1.057310877732240471e+02
2.214667008196721270e+02 4.649641393442622928e+01 1.058187329234972651e+02
2.214743425546448066e+02 4.641771260245901942e+01 1.058457351434426243e+02
2.214326545423497237e+02 4.644561133879781067e+01 1.058408469945355250e+02
2.214414702868852487e+02 4.655709955601093242e+01 1.058476562500000000e+02
2.215172899590163809e+02 4.646939036885245855e+01 1.058209955601092958e+02
2.214373932718579283e+02 4.653968152322404706e+01 1.057007129439890747e+02
2.214398480191256908e+02 4.658196721311475130e+01 1.057335211748633839e+02
2.214492827868852487e+02 4.658952356557377072e+01 1.057600324453551934e+02
2.214984844603825138e+02 4.645335980191256908e+01 1.055664916325136602e+02
2.215581028005464361e+02 4.645927254098360493e+01 1.055578893442622928e+02
2.217246413934426243e+02 4.640266393442622928e+01 1.054921448087431628e+02
2.217675674521858014e+02 4.650469603825136744e+01 1.055518271857923480e+02
2.216712986680327901e+02 4.647395833333333570e+01 1.055344091530054698e+02
2.215360741120218506e+02 4.644554730191256908e+01 1.055335766734972651e+02
2.215366290983606632e+02 4.650847421448087715e+01 1.055829277663934391e+02
2.215168630464480941e+02 4.658410177595628454e+01 1.055288592896174862e+02
2.216184042008196684e+02 4.659530823087431628e+01 1.054470841871584668e+02
2.216507428278688394e+02 4.655936219262294884e+01 1.056324496243169335e+02
2.216743510928961882e+02 4.656072831284153324e+01 1.058792050887978178e+02
2.216448941256830665e+02 4.659806181693988947e+01 1.059798924180327901e+02
2.217103611680327901e+02 4.667328381147540739e+01 1.058710297131147513e+02
2.216439976092896131e+02 4.668118169398906758e+01 1.059479166666666714e+02
2.214976092896174862e+02 4.652994791666666430e+01 1.059139130806010911e+02
2.214272754439890605e+02 4.652241290983606348e+01 1.056236765710382457e+02
2.212706198770491710e+02 4.656681181693988947e+01 1.054814293032786878e+02
2.212130080259562703e+02 4.655778261612022106e+01 1.054097293374316990e+02
2.211585339822404421e+02 4.654288336748633981e+01 1.053520534494535497e+02
2.211758239412568230e+02 4.658941683743169193e+01 1.054113089139344197e+02
2.212205430327868783e+02 4.641414788251366019e+01 1.055660433743169335e+02
2.213626195355191157e+02 4.637265198087431628e+01 1.056700392759562845e+02
2.214149590163934533e+02 4.629121840846994473e+01 1.058406548838797789e+02
2.214406164617486468e+02 4.636046362704917811e+01 1.059148522882513674e+02
2.215036714480874309e+02 4.645886697404371546e+01 1.059378628756830665e+02
2.215058273565573757e+02 4.646168459699453734e+01 1.057890411543715885e+02
2.214978867827868783e+02 4.652845372267759672e+01 1.057075008538251382e+02
2.215195312500000000e+02 4.649103483606557319e+01 1.058879781420765056e+02
2.214764557718579283e+02 4.649184596994535212e+01 1.058627476092896131e+02
2.215620944330601105e+02 4.639177766393442681e+01 1.057570440573770441e+02
2.215826289275956356e+02 4.644373292349726512e+01 1.058649248633879836e+02
2.215503329918032875e+02 4.651135587431694063e+01 1.058518613387978178e+02
2.216279883879781494e+02 4.649180327868852203e+01 1.059133367486338813e+02
2.215911031420764914e+02 4.655481557377049029e+01 1.058878927595628454e+02
2.216400273224043644e+02 4.657165727459016580e+01 1.059710766734972651e+02
2.216247651980874309e+02 4.666895064890710643e+01 1.058294697745901658e+02
2.216680968237704974e+02 4.656504012978142271e+01 1.059595073428961740e+02
2.217023779030054698e+02 4.655146431010928865e+01 1.060051016051912569e+02
2.217561048497267677e+02 4.666145833333333570e+01 1.060724897540983562e+02
2.217531378073770441e+02 4.675072575136611874e+01 1.059092810792349724e+02
2.217193690232240328e+02 4.666301656420765198e+01 1.056458546789617543e+02
2.216241675204917954e+02 4.652339480874316990e+01 1.056470286885245855e+02
2.215553065232240328e+02 4.647698941256830807e+01 1.055639941939890747e+02
2.215828423838797789e+02 4.640195952868852203e+01 1.054235613046448066e+02
2.215392332650273204e+02 4.640548155737705116e+01 1.054051400273224033e+02
2.215072575136612159e+02 4.650117400956283831e+01 1.056287354849726796e+02
2.214759648224043644e+02 4.645077698087431628e+01 1.056760160519125691e+02
2.214507983265027349e+02 4.642680584016393652e+01 1.055512081625683010e+02
2.215288379439890605e+02 4.646386185109289357e+01 1.056012423155737707e+02
2.215058273565573757e+02 4.643978398224043502e+01 1.056584485997267819e+02
2.215351349043715743e+02 4.650531506147540739e+01 1.056489284494535497e+02
2.215797472677595579e+02 4.659193562158469604e+01 1.055835681352458977e+02
2.214996798155737565e+02 4.655372694672131217e+01 1.055111210724043787e+02
2.214309895833333428e+02 4.648860143442622928e+01 1.054888575819672099e+02
2.213992272882513532e+02 4.659148736338797647e+01 1.054751963797814227e+02
2.213213797814207737e+02 4.655189122267759672e+01 1.055649547472677625e+02
2.213156164617486468e+02 4.659078295765027633e+01 1.055284537226775967e+02
2.212827015027322375e+02 4.655108008879781067e+01 1.057563396516393510e+02
2.212990735997267677e+02 4.654745133196720985e+01 1.057554431352458977e+02
2.214502433401639223e+02 4.668280396174863256e+01 1.059120560109289642e+02
2.215673241120218506e+02 4.660918288934426101e+01 1.059311603483606490e+02
2.215681352459016296e+02 4.653750426912568372e+01 1.058488089139344197e+02
2.216255549863387841e+02 4.646266649590163667e+01 1.059013618510929007e+02
2.217186646174863256e+02 4.649865522540983420e+01 1.059563054986338813e+02
2.218553833674863256e+02 4.647254952185792121e+01 1.059931267076502763e+02
2.216658128415300553e+02 4.651714053961748618e+01 1.058615735997267819e+02
2.215713584357923480e+02 4.643611253415300411e+01 1.056993468237704974e+02
2.214579918032787020e+02 4.650467469262294884e+01 1.056342853483606490e+02
2.214091530054644750e+02 4.649398053278688536e+01 1.055001280737704974e+02
2.214395491803278730e+02 4.650113131830600821e+01 1.054060151980874309e+02
2.213981813524590052e+02 4.645139600409836333e+01 1.054090462773224033e+02
2.213466316598360777e+02 4.646588968579234802e+01 1.055464907786885220e+02
2.214398266734972651e+02 4.648815317622950971e+01 1.056584059084699447e+02
2.214276169740437297e+02 4.658730362021857729e+01 1.058349982923497237e+02
2.213739754098360777e+02 4.656740949453551792e+01 1.058075905054644750e+02
2.214590163934426243e+02 4.659398480191256908e+01 1.057153987363387984e+02
2.215521046789617401e+02 4.666696550546448208e+01 1.057819757513661187e+02
2.215696080942622928e+02 4.656518954918032449e+01 1.058001622267759529e+02
2.215737491461748618e+02 4.658064378415300411e+01 1.058108350409836049e+02
2.215126793032787020e+02 4.654523138661202353e+01 1.058178577527322375e+02
2.215838883196721270e+02 4.651428022540983420e+01 1.057387508538251382e+02
2.216452570013661330e+02 4.658350409836065609e+01 1.056779371584699447e+02
2.217122822745901658e+02 4.653212517076502763e+01 1.059013191598360635e+02
2.217055157103825138e+02 4.654077015027322517e+01 1.059903090846994473e+02
2.218136099726775967e+02 4.652943562158469604e+01 1.059496029713114780e+02
2.218279755806011053e+02 4.663484033469945444e+01 1.058798027663934391e+02
2.217971738387978178e+02 4.677890198087431628e+01 1.058758111338797789e+02
2.217949112021858014e+02 4.672664788251366019e+01 1.060353056693989089e+02
2.219012551229508290e+02 4.675501622267759672e+01 1.060067238729508148e+02
2.218963669740437297e+02 4.674077868852459261e+01 1.060278346994535497e+02
2.218400358606557461e+02 4.694695611338797647e+01 1.058313481898907042e+02
2.217450264685792263e+02 4.684199965846994473e+01 1.058022114071038260e+02
2.216123847336065467e+02 4.679192281420765198e+01 1.055714651639344197e+02
2.214899035177595579e+02 4.673956198770491710e+01 1.055024547472677625e+02
2.214298155737704974e+02 4.673356386612022106e+01 1.053975836748633839e+02
2.214537653688524586e+02 4.669919740437158140e+01 1.054622609289617543e+02
2.214729764344262435e+02 4.658412312158469604e+01 1.055217085040983562e+02
2.214527407786885362e+02 4.665413678278688536e+01 1.056006019467213122e+02
2.214538507513661330e+02 4.668323087431694063e+01 1.055546448087431628e+02
2.215453381147540881e+02 4.655029030054645034e+01 1.057186646174863398e+02
2.215935365437158566e+02 4.648909238387977894e+01 1.057276511270491852e+02
2.215207906420764914e+02 4.644723360655737565e+01 1.057378756830601105e+02
2.215389344262295026e+02 4.651963797814207879e+01 1.057137124316939918e+02
2.215528090846994473e+02 4.651408811475409522e+01 1.057336919398907042e+02
2.215379738729508290e+02 4.642968750000000000e+01 1.058217640027322375e+02
2.215176528346994473e+02 4.649792947404371546e+01 1.056842341188524586e+02
2.216306779371584810e+02 4.649193135245901942e+01 1.057492742486338813e+02
2.215925973360655803e+02 4.651908299180328044e+01 1.057401383196721270e+02
2.216177851775956356e+02 4.643846055327868783e+01 1.057943348702185773e+02
2.216949282786885362e+02 4.644648650956283831e+01 1.057261142418032733e+02
2.216921746926229559e+02 4.638714566256830807e+01 1.059115650614754145e+02
2.216924948770491710e+02 4.650593408469945444e+01 1.059998719262295026e+02
2.217453253073770441e+02 4.663962175546448208e+01 1.059543417008196684e+02
2.217657744193988947e+02 4.659249060792349439e+01 1.059935322745901658e+02
2.219353440915300553e+02 4.660758196721311464e+01 1.061891222677595579e+02
2.220234588456284257e+02 4.661599214480874309e+01 1.062594347677595579e+02
2.220343451161202211e+02 4.661932206284153324e+01 1.062533726092896131e+02
2.219258239412568230e+02 4.654856130464480657e+01 1.060091999658469888e+02
2.218046234631147513e+02 4.644008282103825280e+01 1.060294783128415332e+02
2.216632940573770441e+02 4.635657872267759672e+01 1.058023608265027349e+02
2.215315915300546408e+02 4.649995730874316990e+01 1.057560194672131217e+02
2.214368169398907185e+02 4.666508709016393652e+01 1.056101861338797789e+02
2.212704704576502763e+02 4.674741717896174720e+01 1.055064677254098342e+02
2.213323300887978178e+02 4.681536031420765198e+01 1.055254012978142129e+02
2.213209315232240328e+02 4.680656591530054556e+01 1.055037995218579283e+02
2.213811048497267677e+02 4.675905054644808700e+01 1.055571209016393510e+02
2.215035860655737565e+02 4.674652066256830807e+01 1.054957522199453592e+02
2.214680029030054698e+02 4.669520577185792121e+01 1.055685835040983562e+02
2.215117187500000000e+02 4.664487278005464788e+01 1.055449752390710358e+02
2.216007086748633981e+02 4.673819586748633981e+01 1.056491419057377072e+02
2.216348616803278730e+02 4.664363473360656087e+01 1.057246627390710358e+02
2.216820568647540881e+02 4.648407616120218933e+01 1.056600495218579283e+02
2.217942708333333428e+02 4.640810706967213406e+01 1.058645619877049171e+02
2.217785604508196684e+02 4.648825990437158140e+01 1.059231130464480941e+02
2.218947233606557461e+02 4.649440744535519343e+01 1.059805754781420717e+02
2.219127390710382599e+02 4.662047472677595294e+01 1.060270662568306079e+02
2.220001707650273204e+02 4.648364924863388126e+01 1.061184682377049171e+02
2.221295893101092815e+02 4.660378244535519343e+01 1.060639941939890747e+02
2.223705174180327901e+02 4.657665215163934391e+01 1.061556309767759529e+02
2.224853995901639223e+02 4.669601690573770725e+01 1.063648181352458977e+02
2.226385758196721270e+02 4.680502903005464788e+01 1.064836492486338813e+02
2.225540684767759672e+02 4.665768015710382599e+01 1.064769253756830665e+02
2.224546832308743092e+02 4.656049351092896416e+01 1.065262551229508148e+02
2.224334656762295026e+02 4.655524248633879836e+01 1.065015368852458977e+02
2.224833717554644750e+02 4.649876195355191300e+01 1.064482155054644750e+02
2.224591871584699447e+02 4.663528859289617401e+01 1.063789702868852487e+02
2.224570525956284257e+02 4.668777749316939918e+01 1.061293758538251382e+02
2.224270406420764914e+02 4.656890368852459261e+01 1.061290129781420717e+02
2.224882172131147513e+02 4.661789190573770725e+01 1.061514472336065609e+02
2.225251451502732323e+02 4.667443647540983420e+01 1.062360826502732181e+02
2.224953893442622928e+02 4.677010758196720985e+01 1.061480959699453592e+02
2.225126793032787020e+02 4.675367144808743092e+01 1.061886953551912569e+02
2.225303748292349724e+02 4.675552851775956498e+01 1.061613516051912569e+02
2.224791026297814085e+02 4.665456369535519343e+01 1.062373847336065609e+02
2.224433060109289499e+02 4.664918459699453734e+01 1.061058102800546408e+02
2.223879567964480941e+02 4.675979764344262435e+01 1.062253031079234944e+02
2.223142930327868783e+02 4.673320099043716169e+01 1.063526511270491852e+02
2.223698770491803316e+02 4.673595457650273488e+01 1.063402066256830665e+02
2.222909409153005527e+02 4.668624060792349439e+01 1.063138020833333286e+02
2.223079533811475414e+02 4.682731386612022106e+01 1.062786458333333286e+02
2.223501536885245855e+02 4.684607667349726512e+01 1.063051784494535497e+02
2.223702826161202211e+02 4.690195952868852203e+01 1.063073557035519059e+02
2.223395449112021822e+02 4.683117742486339097e+01 1.063883837090163951e+02
2.224634135928961882e+02 4.694554730191256908e+01 1.064121627390710358e+02
2.224554730191256908e+02 4.694637978142076662e+01 1.065640368852458977e+02
2.224445867486338670e+02 4.694909067622950971e+01 1.063612320696721270e+02
2.222860954576502763e+02 4.693154456967213406e+01 1.061416709357923480e+02
2.222152066256830665e+02 4.692202441939890889e+01 1.060154328893442681e+02
2.222823813183060224e+02 4.680020491803279015e+01 1.060669398907103869e+02
2.221873078893442539e+02 4.679032189207650561e+01 1.058781804986338813e+02
2.221865181010929007e+02 4.660359033469945444e+01 1.060400657445355250e+02
2.222077570013661330e+02 4.666577015027322517e+01 1.060184853142076520e+02
2.222291026297814085e+02 4.656435706967213406e+01 1.060820312500000000e+02
2.222377262636612159e+02 4.653624487704917811e+01 1.061339224726775967e+02
2.222679303278688394e+02 4.651818647540983420e+01 1.062378756830601105e+02
2.222469262295082046e+02 4.671262380464480657e+01 1.060725110997267819e+02
2.221923241120218506e+02 4.682334357923497237e+01 1.059837773224043787e+02
2.221570397882513532e+02 4.695017930327868783e+01 1.060429900956284115e+02
2.222127945696721270e+02 4.687990949453551792e+01 1.060423924180327901e+02
2.221596866461748618e+02 4.701003244535519343e+01 1.060955857240437155e+02
2.222611851092896131e+02 4.694898394808743092e+01 1.062801827185792405e+02
2.223579021516393368e+02 4.667375341530054556e+01 1.061869877049180388e+02
2.225004696038251382e+02 4.663957906420765198e+01 1.062681651297814227e+02
2.225787013319672099e+02 4.661372950819671956e+01 1.064749829234972651e+02
2.226346268784153040e+02 4.663686816939890889e+01 1.064773736338797789e+02
2.226627604166666572e+02 4.678583931010928865e+01 1.063859076161202211e+02
2.226259605532787020e+02 4.689551314890710643e+01 1.063296832308743234e+02
2.226027151639344197e+02 4.693649675546448208e+01 1.065829277663934391e+02
2.226138362363387841e+02 4.707716444672131217e+01 1.064548966871584668e+02
2.225927681010929007e+02 4.700996840846994473e+01 1.065845073428961740e+02
2.226555669398907185e+02 4.695722336065573899e+01 1.067896174863387984e+02
2.225758837090163809e+02 4.688977117486339097e+01 1.066530908469945302e+02
2.225189976092896131e+02 4.679341700819671956e+01 1.065201075819672099e+02
2.223686176571038118e+02 4.674987192622950971e+01 1.064467640027322375e+02
2.223655652322404421e+02 4.673221909153005527e+01 1.063158085724043787e+02
2.223610186133879836e+02 4.685335553278688536e+01 1.062685706967213122e+02
2.223196080942622928e+02 4.697363814890710643e+01 1.061069202527322375e+02
2.222581753756830665e+02 4.700828210382513817e+01 1.061156933060109253e+02
2.222801827185792263e+02 4.703338456284153324e+01 1.060834187158469888e+02
2.222606087773224033e+02 4.708747438524590478e+01 1.060860228825136602e+02
2.222891051912568230e+02 4.702557206284153324e+01 1.062739497950819612e+02
2.223103440915300553e+02 4.702202868852459261e+01 1.062371072404371546e+02
2.223795893101092815e+02 4.707673753415300411e+01 1.062368297472677625e+02
2.223189463797814085e+02 4.700725751366120164e+01 1.061338797814207595e+02
2.222860954576502763e+02 4.697613558743169193e+01 1.061189805327868783e+02
2.222596268784153040e+02 4.706514685792349439e+01 1.060083674863387984e+02
2.222391991120218506e+02 4.701923241120218933e+01 1.061339011270491852e+02
2.223031719603825138e+02 4.705620303961748618e+01 1.062084400614754145e+02
2.223009733606557461e+02 4.700576331967213406e+01 1.061580857240437155e+02
2.223496413934426243e+02 4.704363046448087715e+01 1.061963797814207595e+02
2.224150017076502763e+02 4.700104593579234802e+01 1.063731429303278730e+02
2.223860570355191157e+02 4.701908299180328044e+01 1.064478739754098342e+02
2.225613046448087573e+02 4.696375512295082189e+01 1.063764941939890747e+02
2.224951331967212980e+02 4.694772455601093242e+01 1.064088755122950829e+02
2.224881745218579283e+02 4.705432462431694063e+01 1.062858820013661187e+02
2.224713328210382599e+02 4.699940232240437155e+01 1.063005464480874309e+02
2.224478312841530112e+02 4.717176827185792121e+01 1.062548454576502763e+02
2.224199325478141986e+02 4.716530054644808700e+01 1.064060792349726796e+02
2.223024248633879836e+02 4.701677766393442681e+01 1.061251280737704974e+02
2.222862021857923480e+02 4.693711577868852203e+01 1.060977202868852487e+02
2.222114711407103869e+02 4.680974641393442681e+01 1.059613003756830665e+02
2.221254269125683152e+02 4.692008196721311464e+01 1.059058230874316990e+02
2.221975964822404421e+02 4.679495389344262435e+01 1.059929559426229559e+02
2.222118126707650276e+02 4.683781591530054556e+01 1.061450221994535497e+02
2.222602885928961882e+02 4.688560877732240328e+01 1.061401340505464503e+02
2.222495517418032875e+02 4.685606642759562845e+01 1.062062201161202211e+02
2.222127518784153040e+02 4.683525443989071135e+01 1.062527749316939918e+02
2.222806096311475414e+02 4.698881489071037976e+01 1.060544740437158424e+02
2.222534366461748618e+02 4.692770235655737565e+01 1.061344988046448066e+02
2.222304900956284257e+02 4.695248463114754145e+01 1.060479422814207595e+02
2.222957009904371546e+02 4.697701075819671956e+01 1.061204533811475414e+02
2.223077826161202211e+02 4.677947831284153324e+01 1.062997139685792405e+02
2.223054559426229559e+02 4.685373975409836333e+01 1.062112363387978178e+02
2.222393485314207737e+02 4.691803278688524870e+01 1.063738046448087431e+02
2.222714096653005527e+02 4.682887209699453734e+01 1.062694458674863398e+02
2.223566000683060224e+02 4.676617998633879836e+01 1.063865693306010911e+02
2.223038977117486468e+02 4.682481642759562845e+01 1.063214865095628454e+02
2.222899803620218506e+02 4.674457821038251382e+01 1.062532018442622928e+02
2.222373633879781494e+02 4.682622523907103584e+01 1.062048966871584668e+02
2.222852843237704974e+02 4.688189463797814227e+01 1.064169868510929007e+02
2.222320269808743092e+02 4.687335638661202353e+01 1.062486979166666714e+02
2.222771302937158566e+02 4.687141393442622928e+01 1.062207137978142129e+02
2.222115565232240328e+02 4.682462431693988947e+01 1.062062841530054698e+02
2.221273480191256908e+02 4.686409238387977894e+01 1.061338157445355250e+02
2.222136057035519059e+02 4.692134135928962024e+01 1.060622225068306079e+02
2.220197873975409948e+02 4.677975580601093242e+01 1.059039019808743234e+02
2.219677467554644750e+02 4.665484118852459261e+01 1.060509306693989089e+02
2.219570525956284257e+02 4.665708247950819754e+01 1.060337901297814227e+02
2.220247822745901658e+02 4.669309255464480657e+01 1.060052510245901658e+02
2.219789532103825138e+02 4.664559853142076662e+01 1.060970158811475414e+02
2.220792563183060224e+02 4.665870474726776251e+01 1.059177552937158424e+02
2.221064079576502763e+02 4.669830088797814227e+01 1.058672728825136602e+02
2.221156079234972651e+02 4.669830088797814227e+01 1.059078295765027349e+02
2.220990223702185915e+02 4.673757684426229275e+01 1.058554047131147513e+02
2.221144552595628454e+02 4.672882513661202353e+01 1.059095799180327901e+02
2.221645107581967125e+02 4.657631062158469604e+01 1.060279841188524586e+02
2.221509989754098342e+02 4.631698258196720985e+01 1.061358862704918096e+02
2.221783640710382599e+02 4.634135928961748618e+01 1.061091188524590194e+02
2.222172344603825138e+02 4.621322148224043502e+01 1.060325520833333286e+02
2.221882044057377072e+02 4.634639685792349439e+01 1.060130635245901658e+02
2.218841145833333428e+02 4.640289873633879836e+01 1.058555968237704974e+02
2.217217810792349724e+02 4.640076417349726512e+01 1.056158427254098342e+02
2.213350836748633981e+02 4.638985655737705116e+01 1.052398394808743234e+02
2.211476263661202211e+02 4.632007769808743092e+01 1.052877177254098342e+02
2.210121883538251382e+02 4.635327015027322517e+01 1.053249231557377072e+02
2.209235826502732323e+02 4.651857069672131217e+01 1.050135331284153040e+02
2.208866547131147513e+02 4.649041581284153324e+01 1.048964950478142129e+02
2.207111082650273204e+02 4.650794057377049029e+01 1.049321209016393510e+02
2.206169100068306079e+02 4.650433316256830807e+01 1.048744663592896131e+02
2.204900102459016296e+02 4.643560023907103584e+01 1.047548454576502763e+02
2.203693007172131217e+02 4.633309853142076662e+01 1.046566982581967267e+02
2.202704277663934533e+02 4.615782957650273488e+01 1.045497353142076520e+02
2.201985783811475414e+02 4.614177766393442681e+01 1.045362448770491852e+02
2.201793886612021822e+02 4.609039873633879836e+01 1.044432846653005527e+02
2.201069629439890605e+02 4.618201417349726512e+01 1.044420039275956213e+02
2.201311475409836191e+02 4.621063866120218933e+01 1.045070867486338813e+02
2.201687371926229559e+02 4.625198514344262435e+01 1.045013874658469888e+02
2.201462175546448066e+02 4.632214822404371546e+01 1.045921277322404421e+02
2.201159067622950829e+02 4.629785689890710643e+01 1.045893528005464503e+02
2.201544356215846960e+02 4.640678364071037976e+01 1.045776340505464503e+02
2.201961236338797789e+02 4.625629696038251382e+01 1.047771302937158424e+02
2.203521815232240328e+02 4.623243254781420575e+01 1.048459059084699447e+02
2.203013148907103869e+02 4.622062841530054556e+01 1.048522028688524586e+02
2.203591401980874309e+02 4.621597506830600821e+01 1.050341103142076520e+02
2.205054858265027349e+02 4.608420850409836333e+01 1.051559298155737707e+02
2.206706582991803316e+02 4.615802168715846676e+01 1.050629055669398895e+02
2.207255806010929007e+02 4.612265198087431628e+01 1.050315488387978178e+02
2.207974299863387841e+02 4.609172216530054556e+01 1.050289660177595579e+02
2.208582863729508290e+02 4.606508282103825280e+01 1.050873676571038260e+02
2.209287482923497237e+02 4.600298838797814227e+01 1.050042691256830665e+02
2.208481685450819612e+02 4.612303620218579425e+01 1.050332137978142129e+02
2.208416794740437297e+02 4.616666666666666430e+01 1.049334870218579283e+02
2.208229380122950829e+02 4.627354422814207879e+01 1.049197190915300553e+02
2.207875256147540881e+02 4.631804986338797647e+01 1.050235655737704974e+02
2.207895747950819612e+02 4.639640966530054556e+01 1.050378884904371546e+02
2.208172173838797789e+02 4.636042093579234802e+01 1.051757385587431628e+02
2.208477629781420717e+02 4.632086748633879836e+01 1.051384904371584668e+02
2.207806096311475414e+02 4.634863814890710643e+01 1.050952228483606490e+02
2.206497822745901658e+02 4.633326929644808700e+01 1.050486893784153040e+02
2.205149846311475414e+02 4.614647370218579425e+01 1.050365010245901658e+02
2.203668032786885362e+02 4.615827783469945444e+01 1.049001664959016438e+02
2.203268015710382599e+02 4.622489754098360493e+01 1.047599043715846960e+02
2.202730746243169335e+02 4.620901639344262435e+01 1.046080942622950829e+02
2.202208845628415190e+02 4.613311133879781067e+01 1.046768271857923480e+02
2.202129653346994473e+02 4.610222421448087715e+01 1.046761654713114780e+02
2.201774248633879836e+02 4.617155481557377072e+01 1.044149803620218648e+02
2.201862192622950829e+02 4.628835809426229275e+01 1.043983307718579283e+02
2.201226306352459119e+02 4.638575819672131217e+01 1.042684426229508148e+02
2.201123847336065467e+02 4.630383367486339097e+01 1.041422045765027349e+02
2.200732581967212980e+02 4.630904200819671956e+01 1.042208418715846960e+02
2.201339438183060224e+02 4.632293801229508290e+01 1.043371115095628454e+02
2.200878372609289499e+02 4.634693049863388126e+01 1.043759605532786878e+02
2.200739412568306079e+02 4.638262038934426101e+01 1.044388874658469888e+02
2.201073685109289499e+02 4.641869450136611874e+01 1.044426016051912569e+02
2.200490095628415190e+02 4.644383965163934391e+01 1.045163294057377072e+02
2.199668288934426243e+02 4.647696806693988947e+01 1.044231770833333286e+02
2.199514600409836191e+02 4.639862961065573899e+01 1.045746883538251382e+02
2.198668673155737565e+02 4.643519467213114638e+01 1.045713797814207595e+02
2.198809767759562703e+02 4.629723787568305937e+01 1.045237576844262293e+02
2.198205686475409948e+02 4.632635331284153324e+01 1.044738089139344197e+02
2.197555285177595579e+02 4.643489583333333570e+01 1.043038336748633839e+02
2.196007086748633981e+02 4.659797643442622928e+01 1.040966956967213122e+02
2.194977800546448066e+02 4.661537312158469604e+01 1.041378287226775967e+02
2.194426442964480941e+02 4.662060280054645034e+01 1.039979081284153040e+02
2.194319928278688394e+02 4.661605618169399179e+01 1.040398095969945302e+02
2.194535946038251382e+02 4.632509392076502763e+01 1.041052339480874309e+02
2.195764600409836191e+02 4.615400870901639507e+01 1.043844561133879836e+02
2.196034622609289499e+02 4.597771516393442681e+01 1.041883538251366161e+02
2.195970372267759672e+02 4.582330088797814227e+01 1.042804388661202211e+02
2.196133452868852487e+02 4.571542008196720985e+01 1.042717725409836049e+02
