2.181610013949049289e+02 4.798697599295206118e+01 1.071140298069157950e+02
2.179203729535276466e+02 4.780011746567799946e+01 1.068251229718816546e+02
2.177162616547977336e+02 4.768140371485206686e+01 1.066588062550473524e+02
2.173677263049702617e+02 4.742230379560972153e+01 1.062777182292049076e+02
2.171254973937302566e+02 4.730475001835401372e+01 1.059190955142794195e+02
2.170866015711034436e+02 4.716468688055208958e+01 1.054454298509654251e+02
2.169034725791057951e+02 4.710052125394611267e+01 1.045801336172087161e+02
2.168945745539975007e+02 4.713048968504514846e+01 1.044365171426473893e+02
2.170257837163203760e+02 4.711997650686440409e+01 1.043848028779091095e+02
2.170418177813670013e+02 4.716301299464063135e+01 1.043925996622861732e+02
2.171162469715879979e+02 4.718834153145877508e+01 1.044257396666911433e+02
2.171274062109977194e+02 4.718500844284560714e+01 1.044763820571176893e+02
2.171221789883268514e+02 4.720139490492621803e+01 1.044952940312752361e+02
2.171478892885984919e+02 4.716349754056236776e+01 1.045578004551795033e+02
2.171439248219660954e+02 4.708695396813743628e+01 1.046186329931723122e+02
2.171667718963365417e+02 4.706724910065340595e+01 1.046230085896777098e+02
2.171963438807723321e+02 4.702090889068350066e+01 1.046542838264444555e+02
2.171839659349533918e+02 4.705808677776961702e+01 1.046115263196534784e+02
2.172713897658028088e+02 4.713655385067175985e+01 1.045012260480140895e+02
2.172520226121430085e+02 4.706303501945525625e+01 1.044582776594963605e+02
2.172243888113941637e+02 4.708783496072241093e+01 1.043735702224506241e+02
2.172010865575214780e+02 4.712908009690918476e+01 1.044352543866089178e+02
2.171919976506864316e+02 4.701167315175097627e+01 1.044824462227442865e+02
2.171242786873210378e+02 4.710830335511342781e+01 1.044294838851773051e+02
2.170880845752881498e+02 4.718393656853388052e+01 1.044695249981646015e+02
2.170201306805667798e+02 4.722945451875779810e+01 1.044301446296160378e+02
2.170027310770134363e+02 4.717415755084061146e+01 1.044566625064239105e+02
2.167568019969165221e+02 4.706526686733720055e+01 1.043300051391234149e+02
2.167495191248806918e+02 4.690237133837457151e+01 1.041317230746641229e+02
2.167111518978048537e+02 4.682791278173408500e+01 1.041159533073929992e+02
2.167298142573966686e+02 4.696650759856104429e+01 1.039817194038616890e+02
2.167026650025695744e+02 4.688485426914323284e+01 1.040022758975111969e+02
2.167266280008809929e+02 4.694978342265618920e+01 1.040945305043682509e+02
2.167437633066588489e+02 4.692024080463989577e+01 1.039790911093164993e+02
2.167835694882901407e+02 4.697613978415681402e+01 1.039367887820277474e+02
2.167020776741795771e+02 4.699622641509434118e+01 1.037360693047500177e+02
2.167607664635489186e+02 4.697330592467513100e+01 1.038037735849056560e+02
2.167086117025181693e+02 4.704741208428162480e+01 1.037916893032817001e+02
2.166894501137948623e+02 4.695675794728727936e+01 1.039382571030027123e+02
2.166856618456794763e+02 4.698421554951912782e+01 1.039557594890243024e+02
2.166953233976947502e+02 4.703244989354672612e+01 1.040177373173775806e+02
2.167274649438367362e+02 4.705639820864841028e+01 1.038893913809558711e+02
2.166719330445635308e+02 4.709996329197562659e+01 1.039242052712722995e+02
2.166458703472578975e+02 4.701872109243080189e+01 1.038908009690918419e+02
2.166204537111812556e+02 4.703753028412010906e+01 1.040723001248072848e+02
2.166104103957125062e+02 4.709438367227075872e+01 1.040667205051024098e+02
2.166494677336465884e+02 4.700425813082740234e+01 1.041144115703692847e+02
2.166782908743851408e+02 4.711129872990235867e+01 1.040697452463108448e+02
2.167076719770941793e+02 4.714299977975185385e+01 1.039779605021657716e+02
2.167243080537405433e+02 4.710827398869393079e+01 1.040276338007488448e+02
2.167336172087218245e+02 4.713918214521694239e+01 1.040262682622421266e+02
2.166818148447250678e+02 4.708221129138829752e+01 1.038745613391087232e+02
2.165590632112179605e+02 4.701519712209088908e+01 1.038969091843476917e+02
2.165091990309081496e+02 4.682682622421260987e+01 1.038319359812054898e+02
2.164215696351222391e+02 4.676377652154761222e+01 1.038418030981572571e+02
2.163982233316203008e+02 4.679010351662873290e+01 1.038673959327508953e+02
2.164115850524924838e+02 4.677004625211070987e+01 1.039023419719550674e+02
2.163700462521107113e+02 4.675573012260480255e+01 1.039525438660891297e+02
2.163499596211731841e+02 4.682757506790984792e+01 1.039486234490859715e+02
2.163918948682182020e+02 4.688745319726892546e+01 1.039398428896556794e+02
2.163299904559136735e+02 4.703998238014830235e+01 1.038103957125027534e+02
2.163039718082372929e+02 4.701076279274649750e+01 1.037493282431539541e+02
2.163549225460685648e+02 4.706064165626605700e+01 1.038537699141032249e+02
2.163575214741942716e+02 4.695806475295499638e+01 1.037988253432200310e+02
2.163240290727553088e+02 4.694957785771969583e+01 1.037078188091916928e+02
2.163066882020409594e+02 4.693107701343513583e+01 1.037365391674620128e+02
2.163291535129579302e+02 4.689640995521620681e+01 1.036751486674987177e+02
2.163487555979737067e+02 4.687136039938330612e+01 1.037447177152925661e+02
2.164168416415828631e+02 4.692395565670655344e+01 1.037871668746788032e+02
2.164443286102342086e+02 4.699591806768959401e+01 1.036391894868218202e+02
2.165021070405990713e+02 4.697202848542691100e+01 1.036778503780926570e+02
2.164237867997944420e+02 4.702093825710300479e+01 1.036317304162689936e+02
2.164422435944497352e+02 4.707585346156670170e+01 1.036608619044123003e+02
2.164133029880331947e+02 4.702645914396887150e+01 1.038182512297188111e+02
2.165107701343513611e+02 4.699252624623742491e+01 1.038411129872990273e+02
2.165131928639600574e+02 4.696305704426987404e+01 1.039282137875339487e+02
2.163403421187871629e+02 4.685973129726158248e+01 1.038325379928052286e+02
2.161571397107407790e+02 4.674780118933998807e+01 1.036948535349827409e+02
2.161027090521988043e+02 4.675251449966962980e+01 1.036628881873577512e+02
2.160752074003377174e+02 4.683281697379047159e+01 1.034973056310109456e+02
2.159030761324425498e+02 4.679919242346377217e+01 1.036038470009544028e+02
2.159355553924087872e+02 4.688523603259672257e+01 1.034212759709272405e+02
2.159015784450480737e+02 4.685840980838410985e+01 1.034250201894134022e+02
2.159180383231774556e+02 4.675136920930915352e+01 1.035162322883782338e+02
2.160005285955509748e+02 4.670689376697745843e+01 1.035395051758314366e+02
2.161010204830776047e+02 4.657882681154100624e+01 1.035971514573085699e+02
2.161751560091036026e+02 4.657694736069304753e+01 1.035849350267968561e+02
2.162433448351809773e+02 4.648426694075325116e+01 1.036572351516041408e+02
2.162044783789736471e+02 4.655132515967990514e+01 1.037676088392922651e+02
2.161550840613758169e+02 4.660938257103002513e+01 1.037184200866309425e+02
2.160806401879450789e+02 4.662805961383158149e+01 1.035651567432640832e+02
2.160011599735702248e+02 4.671946259452316497e+01 1.035213273621613723e+02
2.159503267014169410e+02 4.658669701196681245e+01 1.036440789956684512e+02
2.159708244622274549e+02 4.673510021290653782e+01 1.035527641142353730e+02
2.159478011893399980e+02 4.676810806842375712e+01 1.034625211071140143e+02
2.159038396593495293e+02 4.677976653696497777e+01 1.034931209162322858e+02
2.159733499743043694e+02 4.685142060054327828e+01 1.034769693855076724e+02
2.160599662286175828e+02 4.684839585933485040e+01 1.034933558475882762e+02
2.161276411423537240e+02 4.677174950444167223e+01 1.035917039864914528e+02
2.161981499155715483e+02 4.679133690624770736e+01 1.037334556934145837e+02
2.162081638646208148e+02 4.681055722781000128e+01 1.037548491300198208e+02
2.162530063871962511e+02 4.667409147639673961e+01 1.037772263416782863e+02
2.162041112987299130e+02 4.660190881726745715e+01 1.037491814110564547e+02
2.160925776374715497e+02 4.655082593054842022e+01 1.033182438881139404e+02
2.161046031862565258e+02 4.642660597606636941e+01 1.034341531458776871e+02
2.161081418398061942e+02 4.638514059173335369e+01 1.032289699728360688e+02
2.161548491300198123e+02 4.640463989428089064e+01 1.032795683136333622e+02
2.162028485426914415e+02 4.647247632332427969e+01 1.033279348065487113e+02
2.161259672564422658e+02 4.645917333529109783e+01 1.034154761030761307e+02
2.161844504808751140e+02 4.652903604727993780e+01 1.034221129138829696e+02
2.162610821525585436e+02 4.646874678804786640e+01 1.035613684751486687e+02
2.163524851332501271e+02 4.651489611629101972e+01 1.035804419646134704e+02
2.164057264518023658e+02 4.660399383305190213e+01 1.035467293150282586e+02
2.164233022538726914e+02 4.662193671536597606e+01 1.034931355994420414e+02
2.163948021437486204e+02 4.653869759929520455e+01 1.036067983261140881e+02
2.164155642023346218e+02 4.658257103002716093e+01 1.038421114455619971e+02
2.163386682328757047e+02 4.658334924014389600e+01 1.037457161735555360e+02
2.162943396226415018e+02 4.660800234931355845e+01 1.036376917994273583e+02
2.163231921297995655e+02 4.663816166213934622e+01 1.037592100433154627e+02
2.163734674399823916e+02 4.673178180750311839e+01 1.038136847514866759e+02
2.163429263637030999e+02 4.679624109830408685e+01 1.037992071066735207e+02
2.163108141839806251e+02 4.688736509801042729e+01 1.038284560604948297e+02
2.163574480581455077e+02 4.681135012113647775e+01 1.038896116291021201e+02
2.164005873283899746e+02 4.683691358931062609e+01 1.038707730709933230e+02
2.164677483297848823e+02 4.677515600910358984e+01 1.038577931135746297e+02
2.165119594743410971e+02 4.671795022391894747e+01 1.036722707583877821e+02
2.165506790984509280e+02 4.670781880919169282e+01 1.036319653476249840e+02
2.163907348946479772e+02 4.668476616988473893e+01 1.035710887600029366e+02
2.162361647456133937e+02 4.662146685265398816e+01 1.034279421481535906e+02
2.161484619337787194e+02 4.663920417003156871e+01 1.033717054548124281e+02
2.160023786799794436e+02 4.649254827105205123e+01 1.032490125541443291e+02
2.160662800088099118e+02 4.656045811614418994e+01 1.032886865868878914e+02
2.160182952793480524e+02 4.654159019161588873e+01 1.032837970780412604e+02
2.161166727846707261e+02 4.644137728507451612e+01 1.033603259672564434e+02
2.161151457308567672e+02 4.652097496512737962e+01 1.032763673739079309e+02
2.161561999853167890e+02 4.645810146097937121e+01 1.034369870053593701e+02
2.161761691505763281e+02 4.650479406798326210e+01 1.035119594743410971e+02
2.161500330372219310e+02 4.653162029219587481e+01 1.035840393510021329e+02
2.161851112253138467e+02 4.651984435797665185e+01 1.034378239483150992e+02
2.161589016959107141e+02 4.651460245209602817e+01 1.034776301299464052e+02
2.161218119080831173e+02 4.654702297922325727e+01 1.035233830115263203e+02
2.161200939725424064e+02 4.648185889435430340e+01 1.034148153586373979e+02
2.161777108876000284e+02 4.640616694809485665e+01 1.034813156155935729e+02
2.161282872035827154e+02 4.650558696130974567e+01 1.035346303501945471e+02
2.160484692753836100e+02 4.658191028558842817e+01 1.036346817414286789e+02
2.160583363923353772e+02 4.664150943396226268e+01 1.035566404816092785e+02
2.161110491153366127e+02 4.675009177006093353e+01 1.036177079509580778e+02
2.160389986050950597e+02 4.672508626385727837e+01 1.035579326040672470e+02
2.160109683576829980e+02 4.665939358343734256e+01 1.034780999926584002e+02
2.160263857279201147e+02 4.675981205491520143e+01 1.032920196755010664e+02
2.160363849937596399e+02 4.667033257470082930e+01 1.033474928419352494e+02
2.159215182438881016e+02 4.660854562807429602e+01 1.031306218339328922e+02
2.158126569268042090e+02 4.651423537185228696e+01 1.029644078995668508e+02
2.156162396299831130e+02 4.647043535716908025e+01 1.029331473460098323e+02
2.155373320607884864e+02 4.644528301886792576e+01 1.029136039938330498e+02
2.153666103810292896e+02 4.659549225460686017e+01 1.029512517436311612e+02
2.153442919022098181e+02 4.668147713090081652e+01 1.029359665222817739e+02
2.153567726304970336e+02 4.672875706629469050e+01 1.029785918801850073e+02
2.153482123192129905e+02 4.660741502092357536e+01 1.029563027677850329e+02
2.154226121430144758e+02 4.656740327435577598e+01 1.030333162029219523e+02
2.154874678804786754e+02 4.652924161221643118e+01 1.029910726084722086e+02
2.155169223992364778e+02 4.645307980324498942e+01 1.030077380515380696e+02
2.154697746127303333e+02 4.646730783349239857e+01 1.030374421848616038e+02
2.152611262021877963e+02 4.664634020996989960e+01 1.027144849864180287e+02
2.147407385654504139e+02 4.685472432273694920e+01 1.025440716540635719e+02
2.144000146832097471e+02 4.698970706996549751e+01 1.024566918728434075e+02
2.143245429850965422e+02 4.703096688936201275e+01 1.023596945892372077e+02
2.143190514646501583e+02 4.701441891197415401e+01 1.024434476176492126e+02
2.143514719917774016e+02 4.677126495851993582e+01 1.023706042140811974e+02
2.144247118420086622e+02 4.669551427942148081e+01 1.023783863152485196e+02
2.145103736876881158e+02 4.667572131267895230e+01 1.024107481095367405e+02
2.144896703619411085e+02 4.671518978048601412e+01 1.023533808090448503e+02
2.145232214962190653e+02 4.672148887746861590e+01 1.024814918141105693e+02
2.144785258057411284e+02 4.671714264738271538e+01 1.024112767050877295e+02
2.144903164231700998e+02 4.670601277439248378e+01 1.025136774098817938e+02
2.144997283606196277e+02 4.668714484986418256e+01 1.024007782101167265e+02
2.144274135526025873e+02 4.665014316129506255e+01 1.024366639747448744e+02
2.142741061596065038e+02 4.654225093605462149e+01 1.021237941413993155e+02
2.140846633874164979e+02 4.646459143968871786e+01 1.020747669040452195e+02
2.140705528228470769e+02 4.635161882387490095e+01 1.021040745907055225e+02
2.140359004478378893e+02 4.636859261434549495e+01 1.020151824388811406e+02
2.140414360179135258e+02 4.632300124807282771e+01 1.022087511930107979e+02
2.140745613391087261e+02 4.627332794948976158e+01 1.020700682769253405e+02
2.142159312825783672e+02 4.627340136553850414e+01 1.021558035386535437e+02
2.144086043609133014e+02 4.614712576169150537e+01 1.021256148594082731e+02
2.145057778430364976e+02 4.618169003744218770e+01 1.022593054841788387e+02
2.146141105645694154e+02 4.618656486307907016e+01 1.023118566918728476e+02
2.147173188458997117e+02 4.610593935834373269e+01 1.023338961897070760e+02
2.147024888040525639e+02 4.617985463622348163e+01 1.024535349827472288e+02
2.146413038690257622e+02 4.622058586006900782e+01 1.025344394684678093e+02
2.146224065780779711e+02 4.626655898979517190e+01 1.027063651714264694e+02
2.145645987812935971e+02 4.630394244181778163e+01 1.026986418030981554e+02
2.146650025695616932e+02 4.623327215329270956e+01 1.025768445782247937e+02
2.147607664635489186e+02 4.620334777182291930e+01 1.025029880331840531e+02
2.148944570883195126e+02 4.620315689009617444e+01 1.025418838558108803e+02
2.149162029219587282e+02 4.618649144703032050e+01 1.024407605902650289e+02
2.148761618089714318e+02 4.624604654577490948e+01 1.024560604948241718e+02
2.148869539681374476e+02 4.621378753395492112e+01 1.024983628221129095e+02
2.149764921811908209e+02 4.625089200499228781e+01 1.026434476176492154e+02
2.150467660230526405e+02 4.623550400117465387e+01 1.027335731590925718e+02
2.151290947801189475e+02 4.635100212906541373e+01 1.026660010278246773e+02
2.151285955509874555e+02 4.632399970633580466e+01 1.026954995962117323e+02
2.150298803318405305e+02 4.621568166801262834e+01 1.026095000367080274e+02
2.148817561118860624e+02 4.621690037442184718e+01 1.024488216724175942e+02
2.147667865795462774e+02 4.609511783275824115e+01 1.023537332060788430e+02
2.147092724469569021e+02 4.612734747815872538e+01 1.022882314073856520e+02
2.147449379634388151e+02 4.611821452169444058e+01 1.023972689229865694e+02
2.147136627266720552e+02 4.617404008516261626e+01 1.023006827692533562e+02
2.147023272887453231e+02 4.623493135599441928e+01 1.023045150869980233e+02
2.147366125835107482e+02 4.615396813743484472e+01 1.021941560825196404e+02
2.147696644886572130e+02 4.615370383965935019e+01 1.021977975185375556e+02
2.148224653109169537e+02 4.612700976433448119e+01 1.023281844211144573e+02
2.147947727773291149e+02 4.613803685485647321e+01 1.025448645473900626e+02
2.149055869613097514e+02 4.613468908303354965e+01 1.025755524557668252e+02
2.149088025842449099e+02 4.612885984876294287e+01 1.025380955876954658e+02
2.148680566771896281e+02 4.606620659276117635e+01 1.025599588870126979e+02
2.148609353204610386e+02 4.607867263783862910e+01 1.026117759342192244e+02
2.148441377285074623e+02 4.614897584611995995e+01 1.026200572645180245e+02
2.148062109977240937e+02 4.618834153145877508e+01 1.026775420306879028e+02
2.147680493355847489e+02 4.620402319947140768e+01 1.026005432787607390e+02
2.147124440202628364e+02 4.623253799280522713e+01 1.027143968871595376e+02
2.147652595257323185e+02 4.633430731958006277e+01 1.026474855003303759e+02
2.148484692753835930e+02 4.629370824462227318e+01 1.026070038910505815e+02
2.149843036487776260e+02 4.618055943029145993e+01 1.027890756919462660e+02
2.151670655605315403e+02 4.609090375156009145e+01 1.028395272006460601e+02
2.151752294251523381e+02 4.611106379854636117e+01 1.028097349680640207e+02
2.151898098524337399e+02 4.597806328463401826e+01 1.029139270244475455e+02
2.150371044710373667e+02 4.589978709345862740e+01 1.027410175464356570e+02
2.148447103736876898e+02 4.583755965053961035e+01 1.026781293590779001e+02
2.148206152264885134e+02 4.580638719624109712e+01 1.025891931576242513e+02
2.148024520960281905e+02 4.580088099258497891e+01 1.025592834593642237e+02
2.147812935907789438e+02 4.577180823728066628e+01 1.026494677336465742e+02
2.148484545921738516e+02 4.583839659349533946e+01 1.026396152999045626e+02
2.148871742162836824e+02 4.600873650980103946e+01 1.025862124660450831e+02
2.149181411056457023e+02 4.618881139417076298e+01 1.025786359298142543e+02
2.149780486014242626e+02 4.621190808310696951e+01 1.026300124807282828e+02
2.150949416342412519e+02 4.633439541883856094e+01 1.026987886351956547e+02
2.150915204463695716e+02 4.624186183099625680e+01 1.027371999119007455e+02
2.151007561853021173e+02 4.628431099038250096e+01 1.027022979223258261e+02
2.151015784450480908e+02 4.630633580500697377e+01 1.026615079656412917e+02
2.150880698920784084e+02 4.627287276998752219e+01 1.025684751486675026e+02
2.150259305484178753e+02 4.623531311944790900e+01 1.025341458042728107e+02
2.150924014389545675e+02 4.632093091549813124e+01 1.025776815211805371e+02
2.151238235078187984e+02 4.622798619778283324e+01 1.025770941927905398e+02
2.152591292856618566e+02 4.621873577564055324e+01 1.025671096101607844e+02
2.152765582556346828e+02 4.623895455546582411e+01 1.027705601644519504e+02
2.153096835768298831e+02 4.629768739446443249e+01 1.026984362381616620e+02
2.153030908156522969e+02 4.625387269657147016e+01 1.026481902943983613e+02
2.153705895308714560e+02 4.635012113648043197e+01 1.028367080243741327e+02
2.153163938036854859e+02 4.642449159386242030e+01 1.029433815432053478e+02
2.152562807429704037e+02 4.638471477865061132e+01 1.029220027898098522e+02
2.151394758094119481e+02 4.641623962998311725e+01 1.028443726598634527e+02
2.151074517289479502e+02 4.622706115556860595e+01 1.026528448718890019e+02
2.149770060935320544e+02 4.621274502606269863e+01 1.025666691138682864e+02
2.149354819763600233e+02 4.620362675280816234e+01 1.023533367594156118e+02
2.148453858013361639e+02 4.632937376110417915e+01 1.022741942588649948e+02
2.148474561339108675e+02 4.627479627046472643e+01 1.021652007928933301e+02
2.149532192937376180e+02 4.637031054988620582e+01 1.022960135085529743e+02
2.150342412451362009e+02 4.631163644372659860e+01 1.025456868071360361e+02
2.151905733793407194e+02 4.626137581675354227e+01 1.025957418691725991e+02
2.152581748770281251e+02 4.624940900080757444e+01 1.027206225680933898e+02
2.153386975992952159e+02 4.622623889582262535e+01 1.027171720138022124e+02
2.154555906321121768e+02 4.622779531605608838e+01 1.027606636810806862e+02
2.154905660377358458e+02 4.619953013728800784e+01 1.028875706629469136e+02
2.154100873650980077e+02 4.621057191101974837e+01 1.028877468614639099e+02
2.154641362601864785e+02 4.631551281110050411e+01 1.028864106893767030e+02
2.154449893546729413e+02 4.634128184421114582e+01 1.029706188972909473e+02
2.155106526686733730e+02 4.634255928345936582e+01 1.030556346817414237e+02
2.155872696571470613e+02 4.631154834446810042e+01 1.030280889802510842e+02
2.156801262756038398e+02 4.622196608178548161e+01 1.032591733352910950e+02
2.157011379487555871e+02 4.621485940826664773e+01 1.033680052859555047e+02
2.157602819176271964e+02 4.620914763967403616e+01 1.033708097790176907e+02
2.158124660450774570e+02 4.629582262682622229e+01 1.034304382938110223e+02
2.158334483518096931e+02 4.637192570295867000e+01 1.033101681227516337e+02
2.158484399089641101e+02 4.640052859555098763e+01 1.033409441303869016e+02
2.157636590558696241e+02 4.657151457308567899e+01 1.033440863372733247e+02
2.156900521253946010e+02 4.651203289038983968e+01 1.032982600396446600e+02
2.155706482637104386e+02 4.639030908156522770e+01 1.030773070993319180e+02
2.154164892445488704e+02 4.637669774612730578e+01 1.028352543866089093e+02
2.154001615153072464e+02 4.637796050216577015e+01 1.027399309889141819e+02
2.154328316570002073e+02 4.632645180236399796e+01 1.028334630350194487e+02
2.155243814697892901e+02 4.634114969532339501e+01 1.027754496732985814e+02
2.155593862418324704e+02 4.634219220321562460e+01 1.027593128257837094e+02
2.155841127670508683e+02 4.640903017399603669e+01 1.029376550914029878e+02
2.155824241979296687e+02 4.651398575728654095e+01 1.030519785625137672e+02
2.156714925482710612e+02 4.652322149621907243e+01 1.030344908597019327e+02
2.157363629689450022e+02 4.663043829381102512e+01 1.030521988106600162e+02
2.157624109830408941e+02 4.666503193598120447e+01 1.031571837603700175e+02
2.157736876881286321e+02 4.652446956904779540e+01 1.032470743704573835e+02
2.157693855076719842e+02 4.649431025622200764e+01 1.033612363262609222e+02
2.158890096175023814e+02 4.636844578224800273e+01 1.035380074884369748e+02
2.158526686733719941e+02 4.642043902797151134e+01 1.033953307392996095e+02
2.158790544012921089e+02 4.644479847294618935e+01 1.034773658321709178e+02
2.158988326848248960e+02 4.643294912267821672e+01 1.033629983114308857e+02
2.159086704353571804e+02 4.650765729388444214e+01 1.034222891123999659e+02
2.159501211364804476e+02 4.654521694442404822e+01 1.033676969385507647e+02
2.159825710300271737e+02 4.663221496219073714e+01 1.033623669334116499e+02
2.160574407165406399e+02 4.670121136480434387e+01 1.034387636737390750e+02
2.160997136774098806e+02 4.670524924748549722e+01 1.033706482637104500e+02
2.161543792673078315e+02 4.673119447911313529e+01 1.033402099698994192e+02
2.161885617796050099e+02 4.682913148814331095e+01 1.034816826958373071e+02
2.160976727112546882e+02 4.682722267087585521e+01 1.034842082079142500e+02
2.160487188899493560e+02 4.674213347037662203e+01 1.032349754056236719e+02
2.158857646281477116e+02 4.659947140444901237e+01 1.031760370016885702e+02
2.157911019748917170e+02 4.648555906321121967e+01 1.032477204316863606e+02
2.157563615006240241e+02 4.648366492915351245e+01 1.030685265399016259e+02
2.156964833712649465e+02 4.645846854122311242e+01 1.031249247485500291e+02
2.157003891050583775e+02 4.635575948902430099e+01 1.032622568093385240e+02
2.157714411570369180e+02 4.646025989281256585e+01 1.031595771235592167e+02
2.158229792232582156e+02 4.640533000513912043e+01 1.031516335070846537e+02
2.158270758387783701e+02 4.652078408340063476e+01 1.031587254973937320e+02
2.158969385507672030e+02 4.654085603112840630e+01 1.031433228103663424e+02
2.158808604360913250e+02 4.651884589971367490e+01 1.031548784964393235e+02
2.158690551354526121e+02 4.658205711768592749e+01 1.032536964980544809e+02
2.158893766977461155e+02 4.662626826224212806e+01 1.033007121356728533e+02
2.159652007928933131e+02 4.655358637398135357e+01 1.033429116804933585e+02
2.160040966155201545e+02 4.663722193671536331e+01 1.033674620071947743e+02
2.160054915204463555e+02 4.662540195286689482e+01 1.034979663754496784e+02
2.160233903531311910e+02 4.653557007561852998e+01 1.034377945818956022e+02
2.161527200646061146e+02 4.654308787901035060e+01 1.035047793847735136e+02
2.161745980471331166e+02 4.665046619190955113e+01 1.034705821892665796e+02
2.161527934806548785e+02 4.660927978856177845e+01 1.034112767050877295e+02
2.162200278980985217e+02 4.672140077821011772e+01 1.034019381836869513e+02
2.162600983775053294e+02 4.668528008222597236e+01 1.035077160267234433e+02
2.163259966228617657e+02 4.670658541957271837e+01 1.035685779311357493e+02
2.164183540121870521e+02 4.670994787460539044e+01 1.035652448425225742e+02
2.164108215255855043e+02 4.671990309081565584e+01 1.035271859628514761e+02
2.164621393436605103e+02 4.671792085749945045e+01 1.035396813743484330e+02
2.164779531605609009e+02 4.667824682475588816e+01 1.037199911900741540e+02
2.164227149254827225e+02 4.661499155715439713e+01 1.036606563394758069e+02
2.163087438514059215e+02 4.655703692827252382e+01 1.035609132956464293e+02
2.161744512150356172e+02 4.638916379120475852e+01 1.034399236473092998e+02
2.160745907055282373e+02 4.635888701270097556e+01 1.034200132148887690e+02
2.161046766023052612e+02 4.635921004331547124e+01 1.034515967990602689e+02
2.161691799427354681e+02 4.634781587254973800e+01 1.034569268041993979e+02
2.161864473974010821e+02 4.629339989721753312e+01 1.036007341604874767e+02
2.163145877688862697e+02 4.631325159679906278e+01 1.036385434255928288e+02
2.163679318699067551e+02 4.636229351736289317e+01 1.036761324425519462e+02
2.164000146832097471e+02 4.656502459437633235e+01 1.037894721386094972e+02
2.164971147492841794e+02 4.659503707510462078e+01 1.038195433521767796e+02
2.164312018207180017e+02 4.660976433448351486e+01 1.038230232728874540e+02
2.164710226855590633e+02 4.668180016151530509e+01 1.037491960942662104e+02
2.164757653623082092e+02 4.671966815945965834e+01 1.037681521180530098e+02
2.163950370751046250e+02 4.672335364510681899e+01 1.037027090521988129e+02
2.164557961970486701e+02 4.669588135966522202e+01 1.039111078481756181e+02
2.164046986271198989e+02 4.666230085896776814e+01 1.038808457528815836e+02
2.163019014756625893e+02 4.659436164745613240e+01 1.036665149401659249e+02
2.163649805447470840e+02 4.662858820938257054e+01 1.038030834740474262e+02
2.164504368254900442e+02 4.662308200572645234e+01 1.039634975405623720e+02
2.166588649878863464e+02 4.663143675207400207e+01 1.041010938991263544e+02
2.167742456500991182e+02 4.681625431319286434e+01 1.040901255414433564e+02
2.168779237941413953e+02 4.689312091623229151e+01 1.041368915644959969e+02
2.169401365538506639e+02 4.688525071580647818e+01 1.044202187798252766e+02
2.170358417149988952e+02 4.679792966742530069e+01 1.043056750605682339e+02
2.170423463769180046e+02 4.674037148520666562e+01 1.041478892885984919e+02
2.169538653549666094e+02 4.648798179281990883e+01 1.039929080096909217e+02
2.168023639967696852e+02 4.625929080096909018e+01 1.038507451728947899e+02
2.166984656045811732e+02 4.627161001394905071e+01 1.036670141692974028e+02
2.166742383084942389e+02 4.643338961897070760e+01 1.035676822553410119e+02
2.167618970706996606e+02 4.655672858086777666e+01 1.036439908964099601e+02
2.168337126495852090e+02 4.673374935760957527e+01 1.038131561559356868e+02
2.169659202701710683e+02 4.682074737537625708e+01 1.039630864106893711e+02
2.170484692753836100e+02 4.690849423684016983e+01 1.040653990162249443e+02
2.171693120916232260e+02 4.696712429337053152e+01 1.040818295279348007e+02
2.173554217752000568e+02 4.700323030614492126e+01 1.043336906247705684e+02
2.174455032670141748e+02 4.706161074810953693e+01 1.044436972322149586e+02
2.175606343146611721e+02 4.708202040966155266e+01 1.045260406724910069e+02
2.175446883488730521e+02 4.702562220101314239e+01 1.045769473606930404e+02
2.176792305998091308e+02 4.711367740988180230e+01 1.045851846413626021e+02
2.177511930107921501e+02 4.708805520886865992e+01 1.047002275897511225e+02
2.178504221422803084e+02 4.706001027824682126e+01 1.047750238602158390e+02
2.180281036634608256e+02 4.706503193598120305e+01 1.048950737831289928e+02
2.181790617428970052e+02 4.709381102709052414e+01 1.049177593421921983e+02
2.181272153292709675e+02 4.716454004845459025e+01 1.050988180016151574e+02
2.181252477791645390e+02 4.714338154320534358e+01 1.052300858967770409e+02
2.181838631524851451e+02 4.720016151530724358e+01 1.054150209235738913e+02
2.182326407752734667e+02 4.726783642904339189e+01 1.053318992731811221e+02
2.182418030981572485e+02 4.732169444240511069e+01 1.053122531385360787e+02
2.181984435797665469e+02 4.740596138315835617e+01 1.052319066147859985e+02
2.181959180676896040e+02 4.740230526393069255e+01 1.052757506790984507e+02
2.180762499082299257e+02 4.731438220394978345e+01 1.052262682622421295e+02
2.179175684604654464e+02 4.705393142941046847e+01 1.052153439541883841e+02
2.178166801262755996e+02 4.702136407018574005e+01 1.050644152411717158e+02
2.177454078261507959e+02 4.710517583143675324e+01 1.047083474047426819e+02
2.176889802510828815e+02 4.714286763086411014e+01 1.045583143675207367e+02
2.176885250715806421e+02 4.720904485720578236e+01 1.045453197268923020e+02
2.176413919682842675e+02 4.719295205932017012e+01 1.045409441303869045e+02
2.176428309228397211e+02 4.721159973570222235e+01 1.045362161368475142e+02
2.176175904852800898e+02 4.726268262242125928e+01 1.046010425078922310e+02
2.176104103957125062e+02 4.717641876514205990e+01 1.046403788268115420e+02
2.176240804639894293e+02 4.723161295059099984e+01 1.045739666691138723e+02
2.175609426620659406e+02 4.725337346743998523e+01 1.045878276191175331e+02
2.175689303281697278e+02 4.726068570589530538e+01 1.046872623155421707e+02
2.175622788341531475e+02 4.725934953380809134e+01 1.046469569047793868e+02
2.176271492548271169e+02 4.723343366859995740e+01 1.046397474487923063e+02
2.176702738418618424e+02 4.725425446002495988e+01 1.046434476176492154e+02
2.176708905366713225e+02 4.727691065266867554e+01 1.046822847074370486e+02
2.176665736730049048e+02 4.730442698773951804e+01 1.046333015197122052e+02
2.177816313046031951e+02 4.724200866309374902e+01 1.047609132956464322e+02
2.178613758167535366e+02 4.732022612143014584e+01 1.047037221936715383e+02
2.178800675427648343e+02 4.731006534028338706e+01 1.047327655825563397e+02
2.179364217017840133e+02 4.732784670729021315e+01 1.048511856691872879e+02
2.179257910579252666e+02 4.728087511930107922e+01 1.049913369062477102e+02
2.179393289773144318e+02 4.733976947360692833e+01 1.050150062403641442e+02
2.178154761030761222e+02 4.729232802290580651e+01 1.047261875045885091e+02
2.177333675941560784e+02 4.722424197929667145e+01 1.046201306805667741e+02
2.175427942148153591e+02 4.710132883048234476e+01 1.046014095881359651e+02
2.174858820938257224e+02 4.699950077086851508e+01 1.044751486674987149e+02
2.175064385874752304e+02 4.709705601644519390e+01 1.045023126055355647e+02
2.175895602378679996e+02 4.718875266133176893e+01 1.045812054915204499e+02
2.175862124660450831e+02 4.725285955509874469e+01 1.045389912634902032e+02
2.176316716834299996e+02 4.734122311137214467e+01 1.046725056897437725e+02
2.177059246751339856e+02 4.735156009103589980e+01 1.047379928052272220e+02
2.178160340650466082e+02 4.736130974230967183e+01 1.048020115997357067e+02
2.178282064459290837e+02 4.736492181190808282e+01 1.046716393803685463e+02
2.179445268335658170e+02 4.736790250348726516e+01 1.045749798105865978e+02
2.179700903017399582e+02 4.742720798766610102e+01 1.045937009030173925e+02
2.180095147199177745e+02 4.746281477130900583e+01 1.045839365685338862e+02
2.179327215329271041e+02 4.750723148080169977e+01 1.045887379781220119e+02
2.179605462154027009e+02 4.733113574627413556e+01 1.045773584905660414e+02
2.181478011893399866e+02 4.741431612950591301e+01 1.046438587475222022e+02
2.182499816459878161e+02 4.749799574186917539e+01 1.048524924748549978e+02
2.184096468688055097e+02 4.749410469128551426e+01 1.051027531018280570e+02
2.184149621907348831e+02 4.750104984949710030e+01 1.051185962851479303e+02
2.184769106526686642e+02 4.746440055796197299e+01 1.052571764187651411e+02
2.185074370457381860e+02 4.746002496145657545e+01 1.053909110931649593e+02
2.184759856104544440e+02 4.747809999265839309e+01 1.055059246751339828e+02
2.183983554805080303e+02 4.740856031128404879e+01 1.055594009250422118e+02
2.182394831510167990e+02 4.735291094633286946e+01 1.053161882387489925e+02
2.179904559136627142e+02 4.731928639600617004e+01 1.049690477938477358e+02
2.178590705528228568e+02 4.724714778650613312e+01 1.049080684237574275e+02
2.177816166213934252e+02 4.726854122311137019e+01 1.047827325453344116e+02
2.177370824462227574e+02 4.726193377872402834e+01 1.048530944864547365e+02
2.176906247705748569e+02 4.723391821452169381e+01 1.047025622201013135e+02
2.177311357462741341e+02 4.711890463255267747e+01 1.047119301079215887e+02
2.177567873137067807e+02 4.712705381396373383e+01 1.047569928786432740e+02
2.177821305337346871e+02 4.711715733059246958e+01 1.047483297848909842e+02
2.177639527200645944e+02 4.713570222450627512e+01 1.047045885030467645e+02
2.177082299390646654e+02 4.727859922178988228e+01 1.046582189266573693e+02
2.176327729241612303e+02 4.740672491006534273e+01 1.045651567432640832e+02
2.175663314000440494e+02 4.749660083694295309e+01 1.044752220835474645e+02
2.175140738565450533e+02 4.749219587401805853e+01 1.044402466779237955e+02
2.174613464503340481e+02 4.751065266867337300e+01 1.043976213200205621e+02
2.174697011966815978e+02 4.735947434109096577e+01 1.045581381690037404e+02
2.175439248219660726e+02 4.728227002422729441e+01 1.045907055282284688e+02
2.175601791351589327e+02 4.726603039424418284e+01 1.047067909845092117e+02
2.176149328243153889e+02 4.720942662065927919e+01 1.048158138169003735e+02
2.176293811027090612e+02 4.722152558549299073e+01 1.048520519785625140e+02
2.175569341458042629e+02 4.735205932016739183e+01 1.049018280596138339e+02
2.174865868878936794e+02 4.749317964907128697e+01 1.048197048674840346e+02
2.173675794728727624e+02 4.757116217605168629e+01 1.047415461419866318e+02
2.173807649952279633e+02 4.755153072461639852e+01 1.047106379854636202e+02
2.172418177813670184e+02 4.751212098964833785e+01 1.044911827325453402e+02
2.170589530871448574e+02 4.747899566845312336e+01 1.044336832831657063e+02
2.169947287276998793e+02 4.733166434182512461e+01 1.044127743924821914e+02
2.168989354672931427e+02 4.732408780559430284e+01 1.041944350635048835e+02
2.168135232361794351e+02 4.728392922692900413e+01 1.041819102855884296e+02
2.168483664929153463e+02 4.739770941927905312e+01 1.042863519565377004e+02
2.168863225901181977e+02 4.725064239042654890e+01 1.043361280375890203e+02
2.169185081858894364e+02 4.736420233463034890e+01 1.043498421554951960e+02
2.169553483591513157e+02 4.739418544893914031e+01 1.043812642243594411e+02
2.169980177666838017e+02 4.741675354232435069e+01 1.043273327949489726e+02
2.169082739886939351e+02 4.743515160414066401e+01 1.043042361060127803e+02
2.168648410542544696e+02 4.742452096028191733e+01 1.043086410689376748e+02
2.169054254460024822e+02 4.743080537405477060e+01 1.043115777108876046e+02
2.168361794288231295e+02 4.746056824021731302e+01 1.043413699434696440e+02
2.168052419058806208e+02 4.747995007708684767e+01 1.042628000880992545e+02
2.167845532633433550e+02 4.749226929006680820e+01 1.042689964026136096e+02
2.168226708758534755e+02 4.747268188826077306e+01 1.043237941413993042e+02
2.168266793921151248e+02 4.746672050510241547e+01 1.044488363556273356e+02
2.168807136039938257e+02 4.745400484545921671e+01 1.044832684824902742e+02
2.170036120695984039e+02 4.752370604214080885e+01 1.046452389692386760e+02
2.169730269436898880e+02 4.744090742236252822e+01 1.045736876881286292e+02
2.170521547610307493e+02 4.745927611775934452e+01 1.046101020483077662e+02
2.170567946553116485e+02 4.754263269950811122e+01 1.045420013214888826e+02
2.170753248660157055e+02 4.751341311210630636e+01 1.045787387122825010e+02
2.170460024961456611e+02 4.746986271198883856e+01 1.045230306144923276e+02
2.169558035386535551e+02 4.738725497393730279e+01 1.044417296821085159e+02
2.167940826664708993e+02 4.737776962043902529e+01 1.042545040745906988e+02
2.166990382497614007e+02 4.730038910505836469e+01 1.040878936935614121e+02
2.167060568240217435e+02 4.726431245870347198e+01 1.039857426033330938e+02
2.167209162322883742e+02 4.729623375669921614e+01 1.039881946993612871e+02
2.167507231480801693e+02 4.731091696644886468e+01 1.040813890316423169e+02
2.167799574186917368e+02 4.737872402907275671e+01 1.041172013802217151e+02
2.167317964907128669e+02 4.741528522134938584e+01 1.041039571250275344e+02
2.166945158211585181e+02 4.745234564275750699e+01 1.041472432273695006e+02
2.167577564055502535e+02 4.750776007635268883e+01 1.041856838704940884e+02
2.167753615740400903e+02 4.759483151016812030e+01 1.041697379047059684e+02
2.167412524777916474e+02 4.759164525365245169e+01 1.042391160707730648e+02
2.166099992658395195e+02 4.761320020556493660e+01 1.042141546141986623e+02
2.165383598854709533e+02 4.750169591072608455e+01 1.043232214962190767e+02
2.165248660157110407e+02 4.752377945818955851e+01 1.043024153880038227e+02
2.164649732031421934e+02 4.768229939064679712e+01 1.042580574113501228e+02
2.165234564275750699e+02 4.763061449232802147e+01 1.042926804199397992e+02
2.166478085309448716e+02 4.761098304089274080e+01 1.042986711695176609e+02
2.166625357903237727e+02 4.758869392849276636e+01 1.044121576976727113e+02
2.167262168710080061e+02 4.758314367520740262e+01 1.043234270611555701e+02
2.168208795242640008e+02 4.753680346523750444e+01 1.044655017986931966e+02
2.168841641582849888e+02 4.752800822259745672e+01 1.044124807282872069e+02
2.168876734454151745e+02 4.756310109389912810e+01 1.043618089714411639e+02
2.167824976139784212e+02 4.754843256735922807e+01 1.043274355774172193e+02
2.166782908743851408e+02 4.750677630129946749e+01 1.041311357462741398e+02
2.166447103736877011e+02 4.739911900741502393e+01 1.039945378459731273e+02
2.166702738418618424e+02 4.731461713530578095e+01 1.042098524337420145e+02
2.167221643051171043e+02 4.726175758020703199e+01 1.043484178841494696e+02
2.168326260920637196e+02 4.744526833565817725e+01 1.044157404008516323e+02
2.168221422803024723e+02 4.746136113354378949e+01 1.046124513618676986e+02
2.168787166874678860e+02 4.759638793040158333e+01 1.045787533954922566e+02
2.169011526319653456e+02 4.768569121209896622e+01 1.045983407972982917e+02
2.167756405550253191e+02 4.763845532633433777e+01 1.045415461419866432e+02
2.167425152338301189e+02 4.765111225313853538e+01 1.043695910726084719e+02
2.167517362895528947e+02 4.762550473533514150e+01 1.043330298803318357e+02
2.166566478232141435e+02 4.757362895528962810e+01 1.042579839953013732e+02
2.166626238895822496e+02 4.752140077821011488e+01 1.041069818662359552e+02
2.166019088172674572e+02 4.754778650613023672e+01 1.039833345569341390e+02
2.166996843109903921e+02 4.749027237354085429e+01 1.041291681961676829e+02
2.166622568093385155e+02 4.746238895822627057e+01 1.041553630423610599e+02
2.167318405403421195e+02 4.762960135085529600e+01 1.040693634828573551e+02
2.167788268115409949e+02 4.754267674913736386e+01 1.042981278907569163e+02
2.167823214154614107e+02 4.763957125027530992e+01 1.044520372953527669e+02
2.168980104250789225e+02 4.755762425666250692e+01 1.046080023493135656e+02
2.169557594890243024e+02 4.756191175390940629e+01 1.047369796637544965e+02
2.168942515233830193e+02 4.770602745760223229e+01 1.046047426767491402e+02
2.168306144923280101e+02 4.768782027751266384e+01 1.045944497467146306e+02
2.167075985610454438e+02 4.763465237500917482e+01 1.044159165993686287e+02
2.166151530724616521e+02 4.759656412891857968e+01 1.044074737537625737e+02
2.165694295573012198e+02 4.764763233242786811e+01 1.042839292269290041e+02
2.165336318919315772e+02 4.757769620439027847e+01 1.043262902870567501e+02
2.166608325379928033e+02 4.762666470890536630e+01 1.042794948975846125e+02
2.167314294104691328e+02 4.764522428602892745e+01 1.042744145070112296e+02
2.167707363629689326e+02 4.764412304529770381e+01 1.045349680640187984e+02
2.167712649585199358e+02 4.766711695176565655e+01 1.044975552455766774e+02
2.168521547610307607e+02 4.764393216357095895e+01 1.045894574553997529e+02
2.168523603259672541e+02 4.775379193891784979e+01 1.045371852286909871e+02
2.169345422509360617e+02 4.773333822773658142e+01 1.044892885984876330e+02
2.169273034285294841e+02 4.771634975405623891e+01 1.044167388591146022e+02
2.169805006974524701e+02 4.765883562146684937e+01 1.044354012187064029e+02
2.169451582115850385e+02 4.771219440569708325e+01 1.044564422582776615e+02
2.170298803318405305e+02 4.767503120182071541e+01 1.043986344614932875e+02
2.170920049922913222e+02 4.767363629689450022e+01 1.043874605388737962e+02
2.171605608986124309e+02 4.765241905880625239e+01 1.045390646795389529e+02
2.171382424197929595e+02 4.760372953527641471e+01 1.045242052712722938e+02
2.171994273548197611e+02 4.767708685118567047e+01 1.046095147199177688e+02
2.172658101460979481e+02 4.767720431686366567e+01 1.046269290066808537e+02
2.173035166287350535e+02 4.776365905586960992e+01 1.047312678951618778e+02
2.172960722413919541e+02 4.781791351589457406e+01 1.047418251229718749e+02
2.172168856912120987e+02 4.769571984435797418e+01 1.047005065707363656e+02
2.171822626826224223e+02 4.760044049629249230e+01 1.045480214374862413e+02
2.171809558769546982e+02 4.748654283826444811e+01 1.044522722267087573e+02
2.171572131267895145e+02 4.749266573673004643e+01 1.044408927391527726e+02
2.172514206005432698e+02 4.752360325967256216e+01 1.045003156890096108e+02
2.172157404008516153e+02 4.755399750385434032e+01 1.044229351736289573e+02
2.172818735775640562e+02 4.750818588943543119e+01 1.045556126569267974e+02
2.172968651347184448e+02 4.771474928419352324e+01 1.045971367740988143e+02
2.172071800895675722e+02 4.775001835401218386e+01 1.045565083327215348e+02
2.172575434990088752e+02 4.786300565303575638e+01 1.047020483077600801e+02
2.173371852286909984e+02 4.775875486381323043e+01 1.047643491667278397e+02
2.173753322076205734e+02 4.779063211217972196e+01 1.046881726745466494e+02
2.173133837456868207e+02 4.779001541737023473e+01 1.047471991777402565e+02
2.173790323764775110e+02 4.772783202408046321e+01 1.047928492768519249e+02
2.173711328096321722e+02 4.779607958299684611e+01 1.047544820497760867e+02
2.173761985169958280e+02 4.781610748109536502e+01 1.046268555906321183e+02
2.174059613831583704e+02 4.787456133910873035e+01 1.046945598707877565e+02
2.174293517362895614e+02 4.783383011526319706e+01 1.048001468320974965e+02
2.174804639894281024e+02 4.790122604801409523e+01 1.048889655678731430e+02
2.174543278760737053e+02 4.795239703399163034e+01 1.050115556860729811e+02
2.174361794288231522e+02 4.807018574260333565e+01 1.049670655605315375e+02
2.174512150356067934e+02 4.801117392261948424e+01 1.050491300198223286e+02
2.175231187137508186e+02 4.797389325306512120e+01 1.050382497613978359e+02
2.173988547096395223e+02 4.795446736656633391e+01 1.048694956317450959e+02
2.173070993319139461e+02 4.792891858160194118e+01 1.047080977901769359e+02
2.171964172968210960e+02 4.782073269216650857e+01 1.047067175684604621e+02
2.172056236693341305e+02 4.777749063945378794e+01 1.047157477424565002e+02
2.172671463181851550e+02 4.773433668599955837e+01 1.047671389765802843e+02
2.172983481389031510e+02 4.781463916012040016e+01 1.047749651273768450e+02
2.172970706996549382e+02 4.786325526760149529e+01 1.048129799574186904e+02
2.173865942294985700e+02 4.784719183613538007e+01 1.049342192203215660e+02
2.173891491079949958e+02 4.782778063284634129e+01 1.048956170618897232e+02
2.174351956537699095e+02 4.778903164231701339e+01 1.048871154834446742e+02
2.176322149621907442e+02 4.774869686513471834e+01 1.050686146391601170e+02
2.177432053446883629e+02 4.760462521107113787e+01 1.050177520005873220e+02
2.177591072608472302e+02 4.747735114896116215e+01 1.051363629689450079e+02
2.177586373981352210e+02 4.755885764628147427e+01 1.049884002642977805e+02
2.177280229058072223e+02 4.769676235225020378e+01 1.049713971074076824e+02
2.175520152705381349e+02 4.795528962631231451e+01 1.050257396666911376e+02
2.175040305410762755e+02 4.803039424418177816e+01 1.050440496292489598e+02
2.175683429997797589e+02 4.810442698773952230e+01 1.050466926070038909e+02
2.176346376917994405e+02 4.810378092651053805e+01 1.051548197636003295e+02
2.176282211291388364e+02 4.807300491887526306e+01 1.050882167241759078e+02
2.176006607444387271e+02 4.809275383598854603e+01 1.051152485133250138e+02
2.176656339475809432e+02 4.802485867410616294e+01 1.052303648777622840e+02
2.177033697966375314e+02 4.800124807282872297e+01 1.053802804493062126e+02
2.177303134865281606e+02 4.809102121723808665e+01 1.053035459951545363e+02
2.176815652301593218e+02 4.820950003670802175e+01 1.050991703986491501e+02
2.175604434329344485e+02 4.813225167021511197e+01 1.051247338668232914e+02
2.174880698920784141e+02 4.807600029366419392e+01 1.049510461786946678e+02
2.173570956611115150e+02 4.803965934953380668e+01 1.047701637177887051e+02
2.172802437412818506e+02 4.796992878643271752e+01 1.048204390279715170e+02
