2.491781991209908824e+02 6.222076931459082777e-02 9.642693690748609825e+00
2.493930841596745438e+02 8.909956049544150158e-02 1.050266971777269198e+01
2.495270422432893724e+02 1.507028440666884628e-01 1.093389270277142167e+01
2.497040063927935876e+02 2.259634593730703578e-01 1.125157095637644922e+01
2.498158439577203751e+02 2.822273073989320924e-01 1.135578075623842231e+01
2.498714903200029198e+02 3.015873015873015706e-01 1.158991682103810206e+01
2.497972830627292922e+02 3.019868511859358784e-01 1.163746322327557969e+01
2.498078892884384743e+02 3.171697359340379663e-01 1.163492063492063444e+01
2.498000072645381522e+02 3.298100323271948020e-01 1.155846137081834968e+01
2.498466455995060187e+02 3.285387381497221204e-01 1.150310559006211264e+01
2.499151501943264009e+02 3.639170389742472089e-01 1.160691584032545087e+01
2.498903054738294998e+02 3.532744905742617458e-01 1.162246195198140342e+01
2.498961171043550848e+02 3.702735098616105613e-01 1.162907268170426001e+01
2.499053793905052601e+02 3.672224038356761699e-01 1.176459264102284763e+01
2.499139515455304945e+02 3.837492281428208085e-01 1.173909411209182352e+01
2.498656786894773063e+02 3.632632305401183870e-01 1.159514728851113219e+01
2.498909956049544121e+02 3.752860411899313631e-01 1.169390868475536749e+01
2.498994224692165176e+02 3.774654026370273252e-01 1.170124586829392399e+01
2.499564490937488586e+02 4.085939486397152098e-01 1.187530420253532348e+01
2.498876539174021900e+02 3.663506592568377407e-01 1.175958010969452694e+01
2.499730122407467832e+02 4.101558243434673678e-01 1.205030692673713233e+01
2.500284406668845918e+02 4.221423123024953816e-01 1.222356616178126387e+01
2.500898986596927216e+02 4.367803566888235345e-01 1.247491918201300365e+01
2.500219752279248837e+02 3.976244960226653635e-01 1.235062293414696200e+01
2.501637790127492735e+02 4.800043587228942088e-01 1.256855907885656087e+01
2.500940757691329850e+02 4.463332243652609610e-01 1.241821946169772239e+01
2.501148886709527517e+02 4.660201227706948779e-01 1.246082597798844915e+01
2.500436961970142704e+02 4.263557444335476232e-01 1.236231884057971087e+01
2.500480185972176912e+02 4.156768733427772533e-01 1.248614289346554784e+01
2.500836511568776928e+02 4.168391994478951035e-01 1.264919545239911436e+01
2.501347935055028984e+02 4.536340852130325563e-01 1.278300824525080870e+01
2.501600377755984255e+02 4.713232356252951005e-01 1.264923177508989838e+01
2.501139079583015530e+02 4.432094729577567005e-01 1.258079982565108423e+01
2.501416584940612324e+02 4.387781046819948516e-01 1.261080236823943856e+01
2.501268025135302082e+02 4.401583669318223091e-01 1.254073589771530273e+01
2.500818713450292421e+02 4.220333442301405502e-01 1.236976499219062120e+01
2.500304747375685679e+02 4.304602084922450889e-01 1.223213831680650898e+01
2.501613453924666715e+02 4.742653735788747160e-01 1.270487813737241645e+01
2.500837601249500608e+02 4.126257673168428064e-01 1.248403617740002147e+01
2.500813628273582481e+02 4.101558243434673678e-01 1.249057426174131002e+01
2.501253132832080155e+02 4.497475572990446979e-01 1.256837746540263723e+01
2.501027568922305875e+02 4.357633213468453670e-01 1.257647742544767766e+01
2.501407141041008231e+02 4.540336348116668641e-01 1.258573971159783511e+01
2.502341360647996851e+02 5.045584976935091337e-01 1.282096545712106384e+01
2.501552795031055894e+02 4.624604990737714028e-01 1.275315099342559222e+01
2.502287239838727260e+02 5.021612001017035087e-01 1.294144782245468761e+01
2.502011913842577542e+02 4.902473575242454196e-01 1.281264756093131396e+01
2.501275289673459099e+02 4.525080817986996684e-01 1.261359921542987905e+01
2.501365369946605597e+02 4.506193018778831272e-01 1.275474919182012989e+01
2.501989393774290704e+02 4.854890850314191320e-01 1.280443863281391970e+01
2.502107805746249767e+02 4.835276597290327216e-01 1.277894010388289558e+01
2.501228070175438631e+02 4.588282299952780585e-01 1.250078093785187683e+01
2.500739893211289200e+02 4.420471468526388503e-01 1.231153971886237386e+01
2.500726817042606456e+02 4.450982528785732417e-01 1.249685808724710334e+01
2.500499073771385099e+02 4.464785151284006992e-01 1.236874795684864381e+01
2.499613889796956130e+02 4.042352257455232301e-01 1.207740365406269234e+01
2.500135120409719889e+02 4.297700773673313601e-01 1.214470960008717526e+01
2.500259707239112288e+02 4.307871127093095276e-01 1.225836329955323123e+01
2.499917910718826022e+02 4.184373978424321683e-01 1.229682902909447506e+01
2.500184882496095327e+02 4.253387090915695112e-01 1.236202825905342984e+01
2.499119901202280971e+02 3.634085213032581252e-01 1.196073517126148644e+01
2.499928444299153796e+02 4.183647524608622992e-01 1.216421488503868353e+01
2.499973121208819009e+02 4.220696669209255125e-01 1.221822672623587991e+01
2.500335984889760539e+02 4.516000145290763323e-01 1.223301006138534675e+01
2.499206349206349103e+02 3.825505793469179960e-01 1.184094293705277678e+01
2.499349823834949689e+02 3.976608187134502703e-01 1.181054084486578759e+01
2.498761396244233879e+02 3.682394391776542819e-01 1.170622207693145889e+01
2.499316406959427468e+02 4.026733500417710720e-01 1.194725945298027625e+01
2.498784642766336219e+02 3.727071301442010931e-01 1.160379208891794711e+01
2.498021503032944679e+02 3.312629399585921286e-01 1.133046384076132362e+01
2.498232537866405210e+02 3.262504086302713269e-01 1.125574806581671616e+01
2.497530783480440277e+02 3.049653118303004007e-01 1.131473611565144743e+01
2.497462496821764546e+02 3.144818568159529204e-01 1.140982892012640271e+01
2.497442882568740572e+02 3.123388180596418651e-01 1.138244161127456344e+01
2.496708437761069206e+02 2.922886927463586582e-01 1.124100105335803335e+01
2.497032436162870965e+02 3.087428716719334831e-01 1.144026733500417770e+01
2.496797065126584698e+02 2.889470051941447903e-01 1.125269695979078044e+01
2.496883876357560439e+02 2.637390577894010435e-01 1.113018052377320188e+01
2.496919472594529736e+02 2.714031455450219843e-01 1.121546620173622522e+01
2.497426900584795249e+02 2.775416802876757294e-01 1.120395190875739999e+01
2.497421815408085308e+02 2.698049471504849195e-01 1.121513929751916017e+01
2.496818132287239962e+02 2.641386073880352958e-01 1.118702553485162099e+01
2.496830482002106635e+02 2.590534306781446250e-01 1.114757909265918379e+01
2.496828302640659558e+02 2.663906142167011826e-01 1.129381424575932513e+01
2.496814863245069205e+02 2.749264465511604971e-01 1.113955177799571317e+01
2.496574407032072997e+02 2.623951182303584928e-01 1.112930877919436234e+01
2.497034978751225935e+02 2.730739893211289182e-01 1.112487741091860016e+01
2.497784679089026838e+02 3.115760415531582672e-01 1.123871272383858155e+01
2.497230031600740858e+02 2.933420507791217324e-01 1.115099342559296858e+01
2.497216955432058398e+02 2.833533108132650358e-01 1.122349351639969406e+01
2.496765464385601661e+02 2.637753804801859503e-01 1.109393047836983826e+01
2.496915840325451370e+02 2.482655915150194237e-01 1.102724201808869964e+01
2.497623406341941745e+02 2.833533108132650358e-01 1.099041080963277750e+01
2.496748755947840550e+02 2.496821764556318435e-01 1.100014529076313963e+01
2.495897352075841695e+02 2.074752097635392811e-01 1.081686099306236670e+01
2.496242054411390825e+02 2.135410991246231571e-01 1.082532418001525620e+01
2.496154516726599013e+02 2.253459736297264981e-01 1.080807090189241215e+01
2.496228978242708081e+02 2.374777523518942224e-01 1.074287167193345738e+01
2.495925683774653976e+02 2.267625585703388902e-01 1.084780792561112861e+01
2.496931459082488800e+02 2.789945879190730560e-01 1.103999128255421169e+01
2.496768006973956631e+02 2.716210816897315916e-01 1.104725582071119838e+01
2.497496640151102270e+02 3.115760415531582672e-01 1.119327303766663029e+01
2.498164614434637372e+02 3.315535214848716050e-01 1.141654861792161491e+01
2.498447568195852000e+02 3.475355054302422531e-01 1.160902255639097724e+01
2.498779557589626279e+02 3.600305110602593506e-01 1.166328865642366708e+01
2.498207838436671295e+02 3.324979114452798479e-01 1.167411281827757819e+01
2.498890705023428040e+02 3.633721986124732184e-01 1.184214158584867960e+01
2.498543460099524225e+02 3.522211325414986716e-01 1.183284297700773635e+01
2.498941920017434768e+02 3.798263775380480434e-01 1.175376847916893652e+01
2.499121717336820439e+02 3.715084813482982806e-01 1.201423849478769412e+01
2.500005811630525727e+02 4.044894845810177442e-01 1.230765319094838617e+01
2.500984708147179560e+02 4.557044785877737980e-01 1.238302277432712195e+01
2.500531764193091533e+02 4.359812574915549743e-01 1.236823943917765511e+01
2.501291634884312316e+02 4.758998946641967431e-01 1.252086738585594361e+01
2.501766372452871394e+02 4.837455958737423289e-01 1.260509970578620376e+01
2.501828484254113505e+02 4.785514510914968822e-01 1.286498855835240285e+01
2.502545857397115867e+02 5.204678362573099681e-01 1.290127492644655050e+01
2.503126657222767051e+02 5.404089934982383436e-01 1.308067269623333750e+01
2.502477933965348029e+02 5.040863027133050123e-01 1.293509135156732448e+01
2.502181540808543048e+02 4.792052595256256486e-01 1.295594057607787519e+01
2.501774363444843914e+02 4.839272093276669739e-01 1.303305364861429005e+01
2.502517525698303871e+02 5.246086230067923406e-01 1.320834695434237815e+01
2.503426682648650683e+02 5.926047001561876026e-01 1.344251934183284369e+01
2.502695143656242180e+02 5.263521121644691991e-01 1.328509679997094217e+01
2.502339181286549774e+02 5.120046493044204672e-01 1.315811267298681564e+01
2.501977770513239534e+02 5.147288511132904754e-01 1.307046602012277070e+01
2.502080563728160882e+02 5.162180814354727643e-01 1.303621372271257783e+01
2.502249464240310886e+02 5.252987541317061249e-01 1.322055137844611572e+01
2.502462678435218493e+02 5.182158294286440814e-01 1.325276960517235203e+01
2.502594893029675518e+02 5.516327049507827596e-01 1.314677999346191584e+01
2.502085648904870823e+02 5.348152991173585891e-01 1.306280193236714915e+01
2.502981003232719388e+02 5.756783262504086007e-01 1.306647052413642740e+01
2.502735825069921134e+02 5.655806182121971837e-01 1.320293487341542260e+01
2.502440884820747442e+02 5.310014165849405998e-01 1.321397697141404315e+01
2.502210962188079009e+02 5.191602193890523242e-01 1.310112237114525513e+01
2.501977407286331641e+02 5.168355671788166239e-01 1.302509897933238925e+01
2.502286513384911473e+02 5.263157894736841813e-01 1.304612981729686538e+01
2.502347172278522294e+02 5.262431440921143677e-01 1.294983836402600730e+01
2.501965057571464968e+02 5.084813482982819544e-01 1.287581272020631218e+01
2.501882241836475202e+02 5.060114053249065158e-01 1.287799208165340836e+01
2.501391522283970801e+02 4.565399004758272650e-01 1.270905524681268339e+01
2.501471068976789809e+02 4.878863826232247014e-01 1.265569721404961712e+01
2.501544440812175480e+02 4.991100940757691173e-01 1.284537430532853897e+01
