2.492255326832791695e+02 1.816540267244492676e-02 9.571253159985554149e+00
2.492578909353557322e+02 2.394366197183098524e-02 9.640772842181293711e+00
2.492598049837486371e+02 2.351029252437702999e-02 9.662116287468400344e+00
2.493141206211628855e+02 2.531599855543517630e-02 9.626796677500902177e+00
2.495551823763091477e+02 5.879378837125315976e-02 9.766449981942939118e+00
2.496851932105453216e+02 8.898519321054532139e-02 9.948970747562297490e+00
2.496723726977247964e+02 6.840014445648248675e-02 9.950523654749007463e+00
2.496433730588660183e+02 7.136150234741783782e-02 9.894041170097507276e+00
2.496220657276995212e+02 5.691585409895268816e-02 9.749801372336584393e+00
2.496234019501625028e+02 4.214517876489707465e-02 9.548248465149873354e+00
2.496812928855182463e+02 6.338028169014084390e-02 9.598049837486456681e+00
2.496704225352112587e+02 7.750090285301552973e-02 9.603358613217768180e+00
2.496798122065727625e+02 8.725171542072950037e-02 9.772806067172265188e+00
2.496039003250270980e+02 6.059949440231130607e-02 9.357493680028891703e+00
2.496091729866377875e+02 7.287829541350668294e-02 9.300361141206211713e+00
2.496345612134344663e+02 9.364391477067533776e-02 9.532538822679667234e+00
2.496362585771036606e+02 8.526543878656554776e-02 9.514806789454675950e+00
2.496990610328638525e+02 9.523293607800649430e-02 9.644348140122788848e+00
2.496378475984109855e+02 8.295413506681112437e-02 9.818237630913687397e+00
2.496972914409534212e+02 8.707114481762369407e-02 9.832827735644636746e+00
2.497004694835680709e+02 9.927771758757673870e-02 9.849512459371613460e+00
2.497420007222823983e+02 1.138317081979053763e-01 1.009761646803900348e+01
2.497708559046587311e+02 1.091007583965330485e-01 1.012098230408089528e+01
2.497300108342361966e+02 1.017334777898158127e-01 1.028331527627302222e+01
2.496793066088840760e+02 9.960274467316720948e-02 1.022408811845431487e+01
2.496970025279884453e+02 1.169736366919465476e-01 9.990140845070422770e+00
2.497275189599133398e+02 1.179126038280967903e-01 9.935572408811845335e+00
2.497520404478150908e+02 1.213073311664860932e-01 1.004474539544962042e+01
2.497566630552545917e+02 1.299747201155651843e-01 1.029530516431924880e+01
2.497589382448537378e+02 1.391115926327193830e-01 1.034972914409534184e+01
2.496849404117009783e+02 1.067172264355362998e-01 1.029819429396894215e+01
2.497848320693391031e+02 1.594077284218129165e-01 1.049530516431924809e+01
2.496717226435536361e+02 1.056338028169014065e-01 1.020805344889851973e+01
2.496852654387865584e+02 1.182015167930660915e-01 1.028692668833513935e+01
2.496810400866739030e+02 1.209461899602744667e-01 1.027529794149512377e+01
2.496660888407367338e+02 1.167569519682195717e-01 1.015474900686168347e+01
2.496704225352112587e+02 1.286023835319609898e-01 1.026785843264716469e+01
2.496422174070061430e+02 1.416756951968219658e-01 1.030538100397255263e+01
2.496543517515348469e+02 1.373420007222824202e-01 1.040108342361863514e+01
2.496504153123871390e+02 1.231130371975442395e-01 1.025507403394727390e+01
2.497007583965330468e+02 1.391115926327193830e-01 1.045160707836764225e+01
2.496406644998194224e+02 1.448898519321054623e-01 1.033524738172625490e+01
2.496655110148067820e+02 1.613578909353557134e-01 1.058017334777898100e+01
2.496631635969664273e+02 1.604550379198266541e-01 1.071144817623690848e+01
2.496377753701697486e+02 1.421090646442759176e-01 1.056211628746840070e+01
2.495196821957385396e+02 1.166847237269772464e-01 1.037562296858071420e+01
2.495631997110870373e+02 1.322137955940772824e-01 1.052791621524015930e+01
2.496449981942939758e+02 1.773925604911520404e-01 1.084528710725893852e+01
2.497158902130733225e+02 2.073672806067172192e-01 1.086298302636330781e+01
2.497766341639581071e+02 2.288551823763091408e-01 1.096533044420368341e+01
2.497769230769230830e+02 2.338750451426507837e-01 1.098078728782954094e+01
2.496784037558685441e+02 2.036114120621162760e-01 1.090039725532683335e+01
2.497022390754785022e+02 2.103286384976525702e-01 1.086753340556157532e+01
2.496994221740700652e+02 2.019501625135428080e-01 1.078613217768147337e+01
2.496635969664138770e+02 2.051282051282051211e-01 1.076764174792343809e+01
2.496889129649692904e+02 1.998194293968941770e-01 1.070072228241242307e+01
2.496879017695919174e+02 2.052004333694474603e-01 1.091892379920548883e+01
2.497036836403033533e+02 2.144095341278439981e-01 1.086132177681473543e+01
2.497718671000361041e+02 2.170458649331888645e-01 1.096684723726977317e+01
2.497683640303358743e+02 2.318526543878656476e-01 1.118696280245575991e+01
2.497310581437342023e+02 2.520404478150957139e-01 1.136366919465510961e+01
2.496850126399422152e+02 2.174431202600216606e-01 1.113875045142650855e+01
2.497320693391116038e+02 2.530516431924882403e-01 1.124178403755868594e+01
2.496941495124593757e+02 2.541350668111231337e-01 1.113243048031780447e+01
2.497950162513542693e+02 2.802816901408450856e-01 1.148067894546767853e+01
2.498287107258938136e+02 2.812928855182376120e-01 1.138667388949079040e+01
2.498268689057421454e+02 2.882629107981220518e-01 1.149519682195738568e+01
2.497423979776092438e+02 2.560491152040447749e-01 1.142647165041531210e+01
2.497294691224268774e+02 2.513181654026724332e-01 1.127060310581437363e+01
2.497243048031780290e+02 2.305525460455037923e-01 1.117031419284940341e+01
2.497402311303719671e+02 2.401589021307331262e-01 1.125702419646081687e+01
2.497576742506319931e+02 2.469483568075117319e-01 1.133239436619718354e+01
2.496788371253159937e+02 2.211989888046226038e-01 1.114817623690863080e+01
2.497796316359696505e+02 2.609606356085229506e-01 1.126883351390393706e+01
2.497100036114120485e+02 2.381726254965691458e-01 1.126897797038642146e+01
2.496689418562658034e+02 2.100397255326832691e-01 1.121625135427952280e+01
2.497474178403755900e+02 2.431202600216684773e-01 1.136507764535933518e+01
2.497915492957746437e+02 2.522571325388227037e-01 1.136088840736728045e+01
2.498190321415673623e+02 2.562296858071506089e-01 1.145843264716504173e+01
2.497001444564824908e+02 1.838569880823401892e-01 1.128039003250270866e+01
2.497974358974358893e+02 2.334777898158179876e-01 1.136265799927771702e+01
2.498162513542795296e+02 2.429396894185626710e-01 1.131451787648970786e+01
2.498286023835319725e+02 2.384976525821596305e-01 1.124575659082701407e+01
2.497530155290718596e+02 2.178042614662333010e-01 1.113918382087396175e+01
2.497226435536294673e+02 2.002527988443481288e-01 1.123867822318526599e+01
2.498150234741784175e+02 2.274467316720837906e-01 1.110469483568075155e+01
2.497334055615745854e+02 1.876850848681834716e-01 1.093271939328277398e+01
2.496806428313470576e+02 1.735644637053087858e-01 1.099104369808595116e+01
2.496778259299385923e+02 1.683640303358613088e-01 1.094322860238353279e+01
2.496271939328277369e+02 1.538461538461538547e-01 1.081498736005778305e+01
2.496469122426868807e+02 1.624774286746117624e-01 1.066352473817262592e+01
2.496388587937883585e+02 1.458288190682556773e-01 1.052676056338028232e+01
2.497110870350306868e+02 1.733477789815817960e-01 1.078187071144817644e+01
2.497318526543878647e+02 1.778981581798483314e-01 1.073351390393643889e+01
2.496537016973636582e+02 1.685446009389671429e-01 1.071755146262188596e+01
2.497190321415673395e+02 1.891296496930299775e-01 1.086218851570964183e+01
2.497665222101841778e+02 1.723726977248103975e-01 1.071560130010834300e+01
2.496890935355723968e+02 1.539906103286385053e-01 1.065330444203683591e+01
2.496006861682918156e+02 1.365474900686168280e-01 1.053282773564463781e+01
2.496317081979053683e+02 1.464427591188154631e-01 1.064835680751173719e+01
2.495979414951245872e+02 1.351029252437703221e-01 1.054510653665583320e+01
2.496817623690863002e+02 1.477789815817984742e-01 1.048540989526905065e+01
2.496367280606717145e+02 1.259299386059949399e-01 1.047872878295413557e+01
2.496429758035391728e+02 1.457204767063922102e-01 1.064900686168291877e+01
2.496766341639581128e+02 1.305164319248826310e-01 1.050953412784398644e+01
2.497624774286746003e+02 1.396894185626579854e-01 1.061971830985915410e+01
2.497695196821957495e+02 1.477428674611773185e-01 1.074427591188154629e+01
2.498385698808233997e+02 1.847959552184904319e-01 1.076955579631635906e+01
2.496778981581798575e+02 1.508847959552185036e-01 1.055622968580714982e+01
2.497315998555435215e+02 1.883712531599855411e-01 1.084005055976886922e+01
2.497142289635247323e+02 1.719754423979776015e-01 1.074091729866377776e+01
2.497114120621162954e+02 1.842542434091729853e-01 1.072986637775370156e+01
2.496312387143373144e+02 1.566991693752257109e-01 1.078862405200433372e+01
2.497192488262910786e+02 1.775009028530155353e-01 1.066063560852293257e+01
2.497365836041892351e+02 1.652943300830624906e-01 1.063080534488985229e+01
2.497089924160346754e+02 1.699169375225713374e-01 1.083582520765619428e+01
2.497873239436619599e+02 1.883712531599855411e-01 1.086699169375225793e+01
2.498148067894546784e+02 2.050559768869628097e-01 1.106890574214517819e+01
2.498092452148790130e+02 2.156013001083423586e-01 1.117251715420729496e+01
2.497155651859877139e+02 1.812928855182376342e-01 1.109754423979776128e+01
2.497451065366558396e+02 1.798483206933911283e-01 1.108793788371253086e+01
2.498162513542795296e+02 2.053810039725532666e-01 1.103593355001805776e+01
2.497916215240158806e+02 2.132538822679667656e-01 1.101282051282051277e+01
2.497972192127121787e+02 2.045503791982665187e-01 1.088905742145178834e+01
2.498489346334416723e+02 2.532322137955940744e-01 1.117724810400866708e+01
2.498604189237992159e+02 2.786926688335139013e-01 1.131816540267244520e+01
2.498217045864933255e+02 2.299024918743228507e-01 1.127193932827735701e+01
2.498001444564824851e+02 2.221018418201516909e-01 1.131278439869989150e+01
2.498644637053087649e+02 2.579631635969664161e-01 1.145446009389671360e+01
2.498502347417840497e+02 2.766341639581076373e-01 1.162932466594438452e+01
2.498837847598410917e+02 2.757674250631997337e-01 1.146728060671722638e+01
2.498731310942578432e+02 2.626579992777176020e-01 1.147302275189599108e+01
2.497599855543517435e+02 2.205128205128205066e-01 1.139779703864210880e+01
2.498691585409895310e+02 2.595882990249187561e-01 1.161278439869989221e+01
2.500174431202600260e+02 3.298302636330805448e-01 1.192430480317804253e+01
2.500042253521126838e+02 3.146984470928133049e-01 1.187836764174792314e+01
2.500110509209100655e+02 3.213795594077284434e-01 1.195951607078367651e+01
2.499826652221018435e+02 2.940411700975081311e-01 1.195308775731311002e+01
2.499136511375947975e+02 2.790538100397255139e-01 1.180541711809317462e+01
2.499716504153123822e+02 2.969302997472011429e-01 1.183741422896352447e+01
2.500485012639942113e+02 3.499097146984471163e-01 1.193578909353557194e+01
2.498968219573853276e+02 2.811484290357529892e-01 1.166861682918020904e+01
2.499043336944745306e+02 2.628746840014445918e-01 1.162795232936078094e+01
