2.501772053293220210e+02 4.073278177715697890e-01 1.499043730525411000e+01
2.501815568926614333e+02 4.252981626732567078e-01 1.491345224024927418e+01
2.501850757494358959e+02 4.276619748576340196e-01 1.482889223165359383e+01
2.501752981626732435e+02 4.402062963360910963e-01 1.461389276888363575e+01
2.501000322338025228e+02 4.062533576877618846e-01 1.425851509616417800e+01
2.500783012786075119e+02 3.712528204577200119e-01 1.399618566670248221e+01
2.500382507789835529e+02 3.561029332760288213e-01 1.402044160309444543e+01
2.501453207263350293e+02 4.157891909315569179e-01 1.433396905554958600e+01
2.501729074889867945e+02 4.274202213387772731e-01 1.437189749650800508e+01
2.502013538197055880e+02 4.441549371440851046e-01 1.444192543247018357e+01
2.501671054045342260e+02 4.311271086279144793e-01 1.448662297195659221e+01
2.501557698506500458e+02 4.325507682389599373e-01 1.459299452025357269e+01
2.501218169120017194e+02 3.913183625228322526e-01 1.432134414956484392e+01
2.501476845385193997e+02 4.197378317395508707e-01 1.452801654668528997e+01
2.501471473084774857e+02 4.082411088428065105e-01 1.457180079510046156e+01
2.501653325453959269e+02 4.374395616202857995e-01 1.468469968840657636e+01
2.501745460406145867e+02 4.344579348877189440e-01 1.462358977114000247e+01
2.501400021489201606e+02 4.211346298485011408e-01 1.444469216718598936e+01
2.500776566025572265e+02 3.989470291178682793e-01 1.396497260126786344e+01
2.500097507252605453e+02 3.409799075964328186e-01 1.381196948533361990e+01
2.500540722037176238e+02 3.568013323305039286e-01 1.387278392607714572e+01
2.501320780058020716e+02 4.197646932416460586e-01 1.411136778768668698e+01
2.501886751907166513e+02 4.166756205006983960e-01 1.434578811647147312e+01
2.502071827656602636e+02 4.153056838938433692e-01 1.449981196948533402e+01
2.502101912538949193e+02 4.209734608359299579e-01 1.460013967981089422e+01
2.502368915869775492e+02 4.669066294187170785e-01 1.482206941012141321e+01
2.501908509723863858e+02 4.364456860427635143e-01 1.468110024712581918e+01
2.502448157300956382e+02 4.354518104652412291e-01 1.491895884817878937e+01
2.502548619318792191e+02 4.500913291071236833e-01 1.497356828193832534e+01
2.502943483399591571e+02 4.654292468034812447e-01 1.494146878693456593e+01
2.503101160416890423e+02 4.853067583539271701e-01 1.493453851939400501e+01
2.503232244547115215e+02 4.863274954335446432e-01 1.500840765015579592e+01
2.503818093907811431e+02 5.050499623938971006e-01 1.533267970344901698e+01
2.504011765337917836e+02 5.014236596110454025e-01 1.533960997098957790e+01
2.503968786934565287e+02 5.041098098205651912e-01 1.538538197055979317e+01
2.504431610615665704e+02 5.454496615450735719e-01 1.553975502310089141e+01
2.504122703341570855e+02 4.962393897066724180e-01 1.548648866444611549e+01
2.504443698291608484e+02 5.102610938003653285e-01 1.547507252605565675e+01
2.504284946814225918e+02 5.120070914365530967e-01 1.544184484796389789e+01
2.503546792736649707e+02 4.870796174922101818e-01 1.534611045449661582e+01
2.503964489094230146e+02 4.830503921779306098e-01 1.537264961856667078e+01
2.504508703126678881e+02 5.142634576125496570e-01 1.554612119909745438e+01
2.505085688191683744e+02 5.360481358117545891e-01 1.562888148705275526e+01
2.504441012141398915e+02 5.034651337702804597e-01 1.538887396583217004e+01
2.504517567422370234e+02 5.109863543569356237e-01 1.542328355001611762e+01
2.504276888363597209e+02 5.065810680133232546e-01 1.535177823143870235e+01
2.503830181583754211e+02 5.154185022026431806e-01 1.525139679810895110e+01
2.503472117760825313e+02 4.878854625550660962e-01 1.523401740625335776e+01
2.503440958418394757e+02 4.895240141828731129e-01 1.526429031911464484e+01
2.503694799613194277e+02 4.932846244762006949e-01 1.508815944987643753e+01
2.503429676587514905e+02 4.784839368217470579e-01 1.497429354249489641e+01
2.504025733319007259e+02 5.008864295691415336e-01 1.519982271408617258e+01
2.503135005909530548e+02 4.530998173417857267e-01 1.493316858278715031e+01
2.503450091329107181e+02 4.725475448587084792e-01 1.498095519501450568e+01
2.503096056731492354e+02 4.352369184484796150e-01 1.483576877618996370e+01
2.502892983775652738e+02 4.274470828408724610e-01 1.478862684001289374e+01
2.503459492854840391e+02 4.742935424948963030e-01 1.487474481573009477e+01
2.503385355109057571e+02 4.691092725905232630e-01 1.491898570968088578e+01
2.503076716449983792e+02 4.373858386160954237e-01 1.467602342322982700e+01
2.502659020092403637e+02 4.309928011174384843e-01 1.451762114537444859e+01
2.501791393574728772e+02 3.960997098957773632e-01 1.463062748468894370e+01
2.502380734930697201e+02 4.391855592564736233e-01 1.485024712581927631e+01
2.502267379391855684e+02 4.333028902976254204e-01 1.459707746857204214e+01
2.502824218330289057e+02 4.644085097238637716e-01 1.484065756957128990e+01
2.503204308584936086e+02 4.719565918126141790e-01 1.504880734930697272e+01
2.503800633931449511e+02 4.899806597184914736e-01 1.518657999355323973e+01
2.503534436445686140e+02 4.738637584613731857e-01 1.507330503921779297e+01
2.504008004727624268e+02 5.043247018373266943e-01 1.510889652949392925e+01
2.503543032126356422e+02 4.720371763188997427e-01 1.487767271945847192e+01
2.503770817664123740e+02 4.773288922316535898e-01 1.493811109917266577e+01
2.504122703341570855e+02 4.849038358224991851e-01 1.515114967228967480e+01
2.503477221446223382e+02 4.798807349306973280e-01 1.497107016224347298e+01
2.504334640593102108e+02 5.321532180079510121e-01 1.521593961534328976e+01
2.503442570108520329e+02 4.909745352960137588e-01 1.507840872461587978e+01
2.503310411518212106e+02 4.576662726979692786e-01 1.502369184484796349e+01
2.503732674331148473e+02 4.885301386053508277e-01 1.516729343504888838e+01
2.503281401095949263e+02 4.726818523691844742e-01 1.508203502739873159e+01
2.503670355646287646e+02 4.741323734823251201e-01 1.519004512732352019e+01
2.503889276888363611e+02 4.951649296228645136e-01 1.518120769313419949e+01
2.504639787256903389e+02 5.031159342430429060e-01 1.531068013323305088e+01
2.505023369506822917e+02 5.307564198990007975e-01 1.519068980337380381e+01
2.504700225636617574e+02 5.316428494681422201e-01 1.505651660040829398e+01
2.505398893306113735e+02 5.491834103363060215e-01 1.536555818201353851e+01
2.504761469861394687e+02 5.006178145481895436e-01 1.538637584613731590e+01
2.505242290748898597e+02 5.121413989470291472e-01 1.557983238422692551e+01
2.505573493069732365e+02 5.504996239389706725e-01 1.561096486515525861e+01
2.505831094874825453e+02 5.388148705275599415e-01 1.570734393467282608e+01
2.506213065434619125e+02 5.744332223057913023e-01 1.575118190609218871e+01
2.506179219941979284e+02 5.597668421618137158e-01 1.580318577414849024e+01
2.506400827334264534e+02 5.917320296550983016e-01 1.600977758676265239e+01
2.505719888256151364e+02 5.369345653808961227e-01 1.606632104867304278e+01
2.506076609003975477e+02 5.725529171591274835e-01 1.618875577522295117e+01
2.506191307617922064e+02 5.755882668958848258e-01 1.627178467819920371e+01
2.506077683464059191e+02 5.670194477275168898e-01 1.618711722359514482e+01
2.505968625765552815e+02 5.611099172665735546e-01 1.604209197378317242e+01
2.505963790695175533e+02 5.397013000967013641e-01 1.605734930697324714e+01
2.505520038680562891e+02 5.169764693241646336e-01 1.603148168045557043e+01
2.505738154077575928e+02 5.575641989900075313e-01 1.605439454174277358e+01
2.505855001611690227e+02 5.611905017728591183e-01 1.600746749758246423e+01
2.506350596325346487e+02 5.826259804448264967e-01 1.619248952401418151e+01
2.505951971634253823e+02 5.786236166326420571e-01 1.608517782314386935e+01
2.505756151283979705e+02 5.607338562372408131e-01 1.604663156763726306e+01
2.506395992263887536e+02 5.785430321263564934e-01 1.606309766842161935e+01
2.506350596325346487e+02 5.791339851724508492e-01 1.607018910497475161e+01
2.506300902546470297e+02 5.713710110669388831e-01 1.606094874825400254e+01
2.506259267218222817e+02 5.381701944772752100e-01 1.626020737079617362e+01
2.506462071559041647e+02 5.576447834962930949e-01 1.631422585150961524e+01
2.505891264639518567e+02 5.510905769850650282e-01 1.619681422585150798e+01
2.506160954120554436e+02 5.398087461050822267e-01 1.635475985817127054e+01
2.505288223917481503e+02 4.626087890834855720e-01 1.619302675405608838e+01
2.505965939615343245e+02 5.053723004190394663e-01 1.620844525625873089e+01
2.506448640807994082e+02 5.281508541957665726e-01 1.637356290963790784e+01
2.506435747286988374e+02 5.452079080262168809e-01 1.655071451595573251e+01
2.506488933061136777e+02 5.752659288707424601e-01 1.642742022133877811e+01
2.506387396583216969e+02 5.668314172128505746e-01 1.660932631352745403e+01
2.506551520361018675e+02 5.677984312882776718e-01 1.664948425915977381e+01
2.506426614376275950e+02 5.424143118083163406e-01 1.666552057591060532e+01
2.506851831954442957e+02 5.547437412700118031e-01 1.681965187493284475e+01
2.506979155474374181e+02 5.637423444719028565e-01 1.687127968195981609e+01
2.506793273879875414e+02 5.335768776189964147e-01 1.691240464166756041e+01
2.506435747286988374e+02 5.612710862791446820e-01 1.680646287740410472e+01
2.506493230901471918e+02 5.690340603846567591e-01 1.683813258837434290e+01
2.506275652734501023e+02 4.975287418072418810e-01 1.688774578274417237e+01
2.506309498227140864e+02 5.116847534114107310e-01 1.668572042548619194e+01
2.505888309874288211e+02 5.411249597077468776e-01 1.644646502632427243e+01
2.506628612872031852e+02 5.939615343289996741e-01 1.649537982163962724e+01
2.505921349521865125e+02 5.078166971097023419e-01 1.654356935639841097e+01
2.507125550660792896e+02 5.658912646395186652e-01 1.688989470291178563e+01
2.507191629955947008e+02 5.764209734608359836e-01 1.691549371440850891e+01
2.506912270334157142e+02 5.571881379606747897e-01 1.679878048780487632e+01
2.506984527774793037e+02 5.327978940582357437e-01 1.684208122918233741e+01
2.507004673901364527e+02 5.077092511013215903e-01 1.676160416890512650e+01
2.506963038573117046e+02 5.439454174277426057e-01 1.660441065864403143e+01
2.507099495003760694e+02 5.509294079724937898e-01 1.667255828945954832e+01
2.507157515848286096e+02 5.723111636402707925e-01 1.664558934135596857e+01
2.507246964650263124e+02 5.572955839690555413e-01 1.671545610830557749e+01
2.507322176856129659e+02 5.616740088105727224e-01 1.667559363919630400e+01
2.506628881487052638e+02 5.307832814010959854e-01 1.651310841302245791e+01
2.506311109917266435e+02 5.716396260878908731e-01 1.622923605888041365e+01
2.505937197808101473e+02 5.293864832921456598e-01 1.602062963360911141e+01
2.505361824433222182e+02 5.336843236273772773e-01 1.597915547437412620e+01
2.504938487160202101e+02 5.173525303534973752e-01 1.582999355323949686e+01
2.505307026968948207e+02 5.575910604921027192e-01 1.587893521005694630e+01
