2.505551998808903420e+02 7.628228988312365511e-01 1.844587955036105242e+01
2.496586763939551759e+02 5.321223851708478669e-01 1.450007444353457942e+01
2.495999776669396226e+02 5.155959204943050267e-01 1.442142484925184220e+01
2.493180600014888739e+02 3.483957418298220809e-01 1.396136380555348744e+01
2.491810094543288869e+02 2.834809796769150458e-01 1.341896821261073391e+01
2.492053897119035071e+02 2.485297401920643079e-01 1.330540460061043717e+01
2.491271495570609602e+02 2.558996501153874559e-01 1.312145462666567397e+01
2.492176728951090467e+02 2.614456934415246292e-01 1.307455519988089065e+01
2.492729099977667033e+02 2.396337378098712112e-01 1.317430953621678036e+01
2.493198094245514653e+02 2.256755750763046187e-01 1.325924960917144269e+01
2.493083823419935925e+02 2.189384351969031473e-01 1.331139730514404818e+01
2.493785081515670470e+02 2.068785825951016122e-01 1.335457455519988024e+01
2.494228020546415507e+02 2.019280875455966573e-01 1.338688304920717620e+01
2.493470185364401175e+02 2.165934638576639537e-01 1.304109283108762085e+01
2.492545596664929519e+02 2.464080994565621963e-01 1.289630015633142257e+01
2.491361200029777478e+02 2.486414054939328488e-01 1.257213578500707207e+01
2.491637013325392616e+02 2.416437132435048096e-01 1.272589890568004201e+01
2.493049951611702397e+02 2.255639097744360777e-01 1.299996277823271029e+01
2.492665822973274885e+02 2.038636194446512284e-01 1.310805479044145017e+01
2.493524156926970932e+02 2.184917739894290112e-01 1.339451351150152547e+01
2.493631727834437584e+02 2.152534802352415733e-01 1.350673713987940161e+01
2.493695004838829732e+02 2.023003052184917661e-01 1.347197200923099913e+01
2.494096255490210581e+02 2.196828705426933648e-01 1.349825057693739261e+01
2.494716742350926779e+02 2.314449490061788184e-01 1.345533387925258673e+01
2.494140921610958230e+02 2.103774287203156457e-01 1.343910518871435933e+01
2.493035062904786798e+02 1.835405345045782732e-01 1.342723144494900644e+01
2.494207176356733555e+02 1.980198019801980291e-01 1.364978039157299250e+01
2.494947145090448828e+02 2.092607757016303194e-01 1.384701853644011038e+01
2.495664036328444979e+02 1.971264795652497570e-01 1.405988982356882389e+01
2.495785007072135784e+02 2.057247078091267722e-01 1.409230998287798720e+01
2.495730663291893165e+02 1.929204198615350196e-01 1.431236507109357525e+01
2.495671108464229917e+02 1.945953993895630230e-01 1.426457232189384428e+01
2.495653242015930857e+02 1.973870319362763248e-01 1.401161319139432671e+01
2.495065882528102463e+02 2.159979155810317908e-01 1.359793046973870290e+01
2.494502717189012060e+02 2.457753294126405197e-01 1.346620263530112460e+01
2.493889302464081084e+02 2.627484552966574682e-01 1.346791483659644229e+01
2.493666716295689696e+02 2.483808531229062810e-01 1.354310280652125442e+01
2.493534206804139046e+02 2.542991141219385076e-01 1.359994044517233647e+01
2.492787538152311413e+02 2.071019131988386941e-01 1.376446065659197515e+01
2.494026650785379218e+02 2.582818432219161631e-01 1.389533239038189549e+01
2.494001339983622358e+02 2.461103253182461148e-01 1.386432665822973220e+01
2.494097744360902311e+02 2.438397975135859486e-01 1.379676915059927111e+01
2.493815603364847675e+02 2.146951537258988962e-01 1.373185438844636330e+01
2.493435196903149063e+02 2.105263157894736725e-01 1.367430953621678036e+01
2.493706171369016715e+02 2.115685252735799993e-01 1.374666865182758890e+01
2.494039306186257647e+02 2.143229360530037875e-01 1.391859599493784039e+01
2.494524678031712881e+02 2.363954440556837733e-01 1.391383160872478264e+01
2.494491922876498222e+02 2.259361274473311865e-01 1.389916623241271409e+01
2.494873445991215704e+02 1.962331571503014849e-01 1.390054343780242618e+01
2.494791930320851634e+02 2.052408248343631225e-01 1.390095287724261119e+01
2.494323308270676591e+02 1.805627931214174031e-01 1.387992257872403812e+01
2.494457306632918971e+02 2.085163403558401019e-01 1.389637459986600199e+01
2.494221320628303431e+02 2.055758207399687454e-01 1.383339536961214833e+01
2.493492146207101996e+02 2.257872403781731596e-01 1.341565547532196767e+01
2.493250204719720102e+02 2.540385617509119398e-01 1.317557507630462332e+01
2.492889153577011712e+02 2.483064095883272537e-01 1.318837936425221535e+01
2.492726866671629580e+02 2.440259063500334891e-01 1.321838010868756008e+01
2.493266582297327432e+02 2.377354276781061537e-01 1.336596441599047047e+01
2.493229360530037866e+02 2.321893843519690359e-01 1.350718380108687633e+01
2.493393508523784590e+02 2.342738033201816339e-01 1.364025161914687700e+01
2.492610362540013398e+02 2.670289585349512329e-01 1.376974614754708526e+01
2.492993746743095471e+02 2.591751656368644352e-01 1.371852899575671891e+01
2.493001935531898994e+02 2.521030298518573409e-01 1.366381299784113779e+01
2.493354425668130716e+02 2.427603662621901359e-01 1.370315640586615125e+01
2.493569939700736882e+02 2.591751656368644352e-01 1.376293456413310423e+01
2.493794014739819715e+02 2.491997320032755259e-01 1.375630908955557175e+01
2.493794014739819715e+02 2.510980421350405556e-01 1.365327923769820551e+01
2.494521700290329704e+02 2.624879029256309004e-01 1.387928980868011664e+01
2.493602694855951825e+02 2.475991960098265499e-01 1.363775776073847901e+01
2.493923546489987473e+02 2.549318841658602119e-01 1.370408695004838862e+01
2.494133849475173008e+02 2.493113973051440391e-01 1.364702598079356832e+01
2.494086205613042466e+02 2.421648179855579452e-01 1.365179036700662607e+01
2.494688081590113882e+02 2.445097893247971388e-01 1.372902553413236149e+01
2.494560038710637855e+02 2.569790813667832685e-01 1.359316608352564515e+01
2.493044740564282051e+02 2.967691505992704482e-01 1.304745775329412716e+01
2.492186034392912859e+02 2.878359264497878378e-01 1.281132286160946876e+01
2.492194595399389527e+02 2.901808977890270036e-01 1.277171890121342912e+01
2.492374376535397857e+02 3.040646169880145688e-01 1.274276036626219089e+01
2.492359115610809113e+02 2.989652348693516148e-01 1.275820739968733797e+01
2.491931065286979958e+02 3.058140400506216272e-01 1.278359264497878378e+01
2.492155140326062792e+02 2.559740936499664832e-01 1.298712126851782855e+01
2.492740266507853732e+02 2.429092533313481628e-01 1.298414352713466791e+01
2.492227350554604470e+02 2.502419414873818249e-01 1.281154619221320701e+01
2.491995831162063553e+02 2.464080994565621963e-01 1.288531973498101735e+01
2.491557358743393138e+02 2.372143229360529904e-01 1.291762822898831153e+01
2.491658974168093437e+02 2.353532345715774465e-01 1.290151120375195326e+01
2.491618402441747833e+02 2.117174123427380261e-01 1.299251842477480778e+01
2.491690612670289511e+02 2.076230179408918297e-01 1.301760589592793949e+01
2.492492741755378631e+02 2.220278418819325583e-01 1.312097074369091132e+01
2.492773766098414399e+02 2.180451127819548751e-01 1.317914836596441575e+01
2.493252810243430417e+02 1.968659271942231892e-01 1.319854090672225055e+01
2.493809275664408460e+02 1.907615573587433944e-01 1.339402962852676282e+01
2.493882974763641869e+02 1.777711605747040735e-01 1.352601801533536729e+01
2.494190054343780218e+02 1.839499739447628957e-01 1.348965234869351626e+01
2.494177398942901789e+02 2.240750390828556426e-01 1.342816198913124381e+01
2.493403930618625850e+02 2.188639916623241199e-01 1.330860567259733429e+01
2.492743616466909771e+02 2.115685252735799993e-01 1.316835405345045729e+01
2.492697461475470959e+02 2.129829524305814070e-01 1.319567483064095903e+01
2.493363358892280246e+02 2.263083451202262952e-01 1.346221990620114717e+01
2.493513734832129956e+02 2.030819623315714972e-01 1.362517680339462522e+01
2.493561750911933359e+02 2.008858780614903583e-01 1.362461847688528316e+01
2.493804436834660976e+02 2.065435866894960171e-01 1.364166604630387880e+01
2.493964118216332793e+02 1.890121342961363915e-01 1.380369239931511949e+01
2.494163254671331913e+02 1.885654730886622554e-01 1.386376833172039014e+01
2.494742053152683638e+02 2.018536440110176300e-01 1.404619221320628242e+01
2.494847018536439975e+02 1.957492741755378629e-01 1.391703268071167976e+01
2.495396784039306226e+02 2.133551701034765158e-01 1.394461401027320768e+01
2.495584009528772356e+02 2.092979974689198330e-01 1.399743169805702436e+01
2.496217524008039845e+02 2.213950718380108817e-01 1.434582743988684506e+01
2.495713541278939829e+02 1.959726047792749171e-01 1.432542991141219346e+01
2.496245440333507020e+02 1.870393806297923067e-01 1.433060373706543622e+01
2.495912305516265803e+02 1.740117620784634722e-01 1.435587731705501291e+01
2.496250279163254788e+02 1.935159681381672103e-01 1.437999702225861753e+01
2.495898905680041651e+02 1.929948633961140469e-01 1.435446288989801289e+01
2.495151864810541156e+02 2.102285416511575911e-01 1.402397081813444579e+01
2.494662398570684161e+02 2.216184024417479359e-01 1.378232710489094082e+01
2.494207920792079278e+02 2.676617285788729372e-01 1.376271123352936776e+01
2.493363358892280246e+02 2.486414054939328488e-01 1.355251991364549902e+01
2.494202337526985787e+02 2.634928906424476858e-01 1.378307154023672965e+01
2.494327774882751498e+02 2.415320479416362687e-01 1.386499665004094339e+01
2.494516117025236497e+02 2.236655996426710202e-01 1.400506216035137363e+01
2.494235092682200445e+02 2.178217821782178210e-01 1.414229881634780028e+01
2.494442045708330227e+02 2.325616020248641447e-01 1.425124692920419811e+01
2.494436090225563873e+02 2.091863321670512921e-01 1.401801533536812272e+01
2.494975061415916002e+02 2.371771011687635045e-01 1.407570907466686450e+01
2.494977666939626317e+02 2.317055013772053862e-01 1.409491550658825254e+01
2.494869723814486804e+02 2.286533164594654888e-01 1.392875753740787559e+01
2.495117993002307628e+02 2.381448671182907761e-01 1.412845231891610176e+01
2.494678776148291490e+02 2.385543065584753986e-01 1.411490359562272090e+01
2.494167721283406536e+02 2.210600759324052589e-01 1.393329859301719686e+01
2.494595399389563113e+02 2.328593761631802261e-01 1.413946996203379669e+01
2.494821335517010255e+02 2.393359636715551297e-01 1.411508970445916766e+01
2.494429390307451797e+02 2.094841063053673735e-01 1.411304250725824438e+01
2.494035584009528748e+02 1.932181939998511011e-01 1.399117844115238540e+01
2.494104072061341526e+02 2.201667535174570145e-01 1.386916548797736937e+01
2.492873520434750105e+02 2.275738852080696761e-01 1.324387701928087502e+01
2.491549542172262477e+02 2.627484552966574682e-01 1.311196307600684818e+01
2.491047048313853907e+02 2.604034839574183025e-01 1.271856621752400862e+01
2.490365145537110152e+02 2.799449117844114987e-01 1.261937020769746098e+01
2.489937839648626436e+02 2.736916548797737048e-01 1.252307749571949635e+01
2.489647509863768278e+02 2.713094617732449976e-01 1.232941264051217090e+01
2.489857812848954097e+02 2.976624730142187203e-01 1.245414278269932318e+01
2.489978411374972040e+02 3.164594654954216990e-01 1.225552743244249321e+01
