2.511851980198019874e+02 6.277227722772277252e-01 2.244678217821782340e+01
2.508032673267326800e+02 5.388613861386138959e-01 1.573287128712871308e+01
2.507845049504950623e+02 5.593564356435644092e-01 1.547490099009901066e+01
2.505818811881188140e+02 4.687128712871287406e-01 1.503316831683168253e+01
2.503676732673267225e+02 4.437128712871287184e-01 1.435074257425742594e+01
2.503021287128712800e+02 3.771287128712871306e-01 1.418559405940593976e+01
2.503152475247524649e+02 4.071287128712871017e-01 1.417435643564356518e+01
2.502428712871287075e+02 3.903960396039604097e-01 1.391267326732673304e+01
2.501861881188118844e+02 3.780693069306930720e-01 1.380925742574257420e+01
2.502315346534653600e+02 3.607920792079207795e-01 1.402905940594059331e+01
2.502223267326732810e+02 4.014356435643564591e-01 1.371886138613861306e+01
2.502796039603960310e+02 4.251485148514851375e-01 1.391118811881188044e+01
2.501910396039604052e+02 4.256435643564356330e-01 1.355371287128712865e+01
2.501612376237623891e+02 3.831188118811881260e-01 1.352212871287128770e+01
2.502069306930692960e+02 3.952970297029703151e-01 1.374425742574257470e+01
2.502506435643564373e+02 4.122772277227722548e-01 1.387737623762376238e+01
2.501965841584158454e+02 4.002475247524752699e-01 1.376648514851485139e+01
2.501481683168316863e+02 3.958910891089109096e-01 1.361153465346534652e+01
2.500999999999999943e+02 3.480198019801979958e-01 1.359069306930692989e+01
2.501285148514851358e+02 3.619801980198019686e-01 1.360693069306930703e+01
2.500783168316831677e+02 3.469801980198019553e-01 1.344960396039603978e+01
2.501165841584158329e+02 3.583663366336633516e-01 1.353361386138613831e+01
2.500736633663366320e+02 3.442079207920791806e-01 1.344950495049504902e+01
2.500996534653465346e+02 3.501485148514851264e-01 1.349628712871287206e+01
2.500678712871287246e+02 3.291584158415841732e-01 1.345242574257425794e+01
2.501637623762376279e+02 3.830693069306930765e-01 1.384732673267326675e+01
2.500698019801980081e+02 3.479207920792078967e-01 1.359514851485148590e+01
2.500395049504950578e+02 3.258910891089109030e-01 1.349435643564356369e+01
2.501048019801980331e+02 3.566831683168316669e-01 1.363826732673267372e+01
2.500636138613861306e+02 3.593069306930692930e-01 1.353529702970297066e+01
2.501018811881188242e+02 3.832178217821782251e-01 1.350287128712871265e+01
2.500783663366336498e+02 3.715346534653465316e-01 1.345440594059405903e+01
2.499729702970296898e+02 3.173267326732673310e-01 1.323653465346534652e+01
2.499726237623762302e+02 2.905445544554455251e-01 1.347341584158415806e+01
2.500385643564356428e+02 3.181683168316831734e-01 1.343539603960396001e+01
2.500602475247524694e+02 3.213366336633663445e-01 1.359985148514851439e+01
2.500813861386138512e+02 3.263366336633663489e-01 1.360178217821782098e+01
2.501101980198019703e+02 3.705940594059405901e-01 1.355316831683168388e+01
2.500750990099009812e+02 3.611386138613861263e-01 1.351490099009900980e+01
2.500859900990099050e+02 3.727722772277227703e-01 1.347450495049504937e+01
2.500274752475247624e+02 3.654950495049504866e-01 1.333559405940594011e+01
2.500443564356435502e+02 3.759405940594059414e-01 1.329861386138613888e+01
2.500624752475247590e+02 3.675742574257425677e-01 1.337930693069306898e+01
2.499943069306930568e+02 3.699504950495049460e-01 1.309094059405940591e+01
2.499599009900990154e+02 3.516831683168316625e-01 1.299158415841584180e+01
2.499846534653465255e+02 3.634158415841584056e-01 1.312326732673267315e+01
2.499600495049504900e+02 3.449009900990098743e-01 1.299668316831683157e+01
2.499549009900990200e+02 3.477722772277227481e-01 1.315252475247524799e+01
2.499523267326732707e+02 3.889108910891089232e-01 1.260500000000000043e+01
2.499347029702970246e+02 3.791584158415841621e-01 1.287113861386138680e+01
2.499636138613861363e+02 3.888613861386138737e-01 1.284757425742574277e+01
2.500289603960395937e+02 3.953465346534653646e-01 1.295430693069307004e+01
2.500090099009900939e+02 3.669306930693069235e-01 1.292386138613861313e+01
2.500583168316831575e+02 3.741089108910891081e-01 1.313712871287128792e+01
2.500967326732673257e+02 3.867326732673267431e-01 1.315950495049504987e+01
2.501760396039603904e+02 4.053465346534653735e-01 1.344653465346534738e+01
2.501292079207920835e+02 3.549009900990098831e-01 1.363019801980198054e+01
2.500966831683168436e+02 3.685148514851485091e-01 1.335787128712871308e+01
2.501511386138613773e+02 3.885643564356435764e-01 1.348440594059406017e+01
2.501709900990099129e+02 4.031188118811881438e-01 1.356683168316831711e+01
2.500309405940594161e+02 3.025247524752475159e-01 1.337113861386138680e+01
2.500352970297029742e+02 3.621287128712871173e-01 1.321054455445544562e+01
2.500570297029702829e+02 3.761386138613861396e-01 1.322336633663366356e+01
2.500461386138613875e+02 3.659900990099009821e-01 1.322891089108910911e+01
2.501069306930693017e+02 4.050000000000000266e-01 1.333306930693069248e+01
2.500432673267326606e+02 3.758415841584158423e-01 1.332722772277227641e+01
2.500933168316831825e+02 4.189108910891088944e-01 1.330420792079207892e+01
2.500407425742574219e+02 4.086138613861385882e-01 1.312034653465346601e+01
2.500962871287128735e+02 4.247029702970296916e-01 1.334866336633663408e+01
2.500791584158415901e+02 4.198019801980197863e-01 1.315945544554455360e+01
2.500672277227722873e+02 4.178712871287128539e-01 1.316039603960395965e+01
2.501251485148514746e+02 4.453960396039604031e-01 1.330247524752475208e+01
2.501003465346534540e+02 4.114356435643564125e-01 1.349292079207920736e+01
2.501789603960395993e+02 4.306435643564356375e-01 1.367460396039603943e+01
2.500771782178217961e+02 3.476732673267326490e-01 1.349816831683168239e+01
2.501550495049504832e+02 4.314851485148514798e-01 1.353267326732673226e+01
2.501353960396039611e+02 4.115346534653465116e-01 1.363262376237623741e+01
2.501524752475247624e+02 4.205445544554455295e-01 1.360910891089108965e+01
2.502356930693069330e+02 4.452970297029703040e-01 1.366856435643564360e+01
2.501790099009901098e+02 3.866336633663366440e-01 1.376079207920792058e+01
2.501352475247524865e+02 3.670297029702970226e-01 1.370554455445544484e+01
2.501344059405940641e+02 3.918316831683168466e-01 1.351995049504950508e+01
2.500913861386138706e+02 3.893069306930693196e-01 1.342366336633663337e+01
2.501506435643564430e+02 4.175247524752475070e-01 1.326014851485148505e+01
2.501020297029702988e+02 4.336633663366336600e-01 1.304301980198019884e+01
2.500236633663366206e+02 4.192079207920791917e-01 1.277831683168316879e+01
2.499398514851485231e+02 3.847524752475247611e-01 1.269034653465346452e+01
2.499722772277227705e+02 3.981683168316831889e-01 1.274019801980197997e+01
2.499350990099009948e+02 3.925247524752475403e-01 1.270836633663366300e+01
2.500150990099009789e+02 4.213861386138613718e-01 1.286103960396039625e+01
2.499753465346534540e+02 3.816831683168316891e-01 1.253099009900990168e+01
2.499336633663366456e+02 3.798514851485148558e-01 1.252613861386138616e+01
2.499124257425742712e+02 3.942574257425742745e-01 1.239094059405940662e+01
2.500046534653465358e+02 4.442079207920792139e-01 1.269623762376237686e+01
2.499948514851485015e+02 4.183168316831682998e-01 1.266386138613861334e+01
2.499978217821782209e+02 4.422772277227722815e-01 1.262405940594059395e+01
2.500632178217821888e+02 4.862376237623762254e-01 1.264054455445544534e+01
2.499271782178217904e+02 4.153960396039603764e-01 1.245331683168316772e+01
2.499990594059405851e+02 4.581683168316831867e-01 1.269212871287128763e+01
2.500032673267326686e+02 4.438118811881188175e-01 1.266980198019802017e+01
2.500104455445544431e+02 4.710891089108910634e-01 1.269321782178217894e+01
2.500155940594059416e+02 4.575247524752475425e-01 1.259004950495049435e+01
2.499606435643564453e+02 4.121287128712871062e-01 1.254638613861386176e+01
2.499933168316831598e+02 4.281683168316831600e-01 1.272321782178217831e+01
2.500635148514851380e+02 4.451485148514851553e-01 1.287579207920792079e+01
2.500371782178217757e+02 4.279207920792079123e-01 1.282648514851485189e+01
2.500796534653465244e+02 3.921287128712871439e-01 1.296163366336633693e+01
2.500420297029702965e+02 3.868811881188118917e-01 1.284856435643564332e+01
2.501253465346534597e+02 4.137128712871286917e-01 1.296673267326732670e+01
2.500990099009900973e+02 4.254455445544554348e-01 1.288554455445544633e+01
2.501747029702970337e+02 4.522277227722772408e-01 1.301886138613861377e+01
2.501131188118811792e+02 4.181188118811881016e-01 1.292440594059405967e+01
2.500712376237623857e+02 4.040594059405940852e-01 1.286232673267326732e+01
2.500488118811881293e+02 3.800000000000000044e-01 1.277475247524752433e+01
2.501347524752475238e+02 4.244059405940593943e-01 1.294069306930693131e+01
2.501111881188118673e+02 4.108910891089108675e-01 1.296069306930693088e+01
2.501005445544554391e+02 4.099504950495049260e-01 1.290113861386138616e+01
2.501128712871287121e+02 4.174257425742574079e-01 1.302811881188118726e+01
2.501252970297029776e+02 4.293564356435643492e-01 1.299460396039603971e+01
2.501339603960396119e+02 4.426237623762376283e-01 1.295613861386138588e+01
2.500439108910890980e+02 3.910396039603960538e-01 1.282173267326732713e+01
2.500167326732673132e+02 3.788613861386138648e-01 1.271257425742574299e+01
2.500364356435643458e+02 3.914851485148514998e-01 1.264752475247524721e+01
2.500102970297029685e+02 3.702970297029702929e-01 1.269425742574257399e+01
2.499959405940594195e+02 3.586633663366336489e-01 1.264881188118811828e+01
2.500107425742574208e+02 3.816831683168316891e-01 1.264658415841584116e+01
2.500007920792079119e+02 3.822277227722772341e-01 1.264138613861386062e+01
2.500797524752475169e+02 4.434158415841584211e-01 1.287103960396039604e+01
2.501042574257425883e+02 4.691089108910890815e-01 1.274841584158415841e+01
2.499798514851485152e+02 4.252970297029702862e-01 1.261391089108910890e+01
2.499152475247524876e+02 3.918811881188118962e-01 1.250178217821782134e+01
2.498906435643564237e+02 3.803960396039604008e-01 1.258173267326732692e+01
2.499470792079207797e+02 4.105940594059405702e-01 1.271400990099009931e+01
2.500661386138613977e+02 4.421782178217821824e-01 1.274693069306930759e+01
2.500519801980198054e+02 4.373267326732673266e-01 1.248029702970297095e+01
2.501082178217821763e+02 4.423762376237623806e-01 1.278663366336633622e+01
2.500200495049504923e+02 4.189108910891088944e-01 1.268084158415841500e+01
2.499473762376237573e+02 3.980198019801980402e-01 1.263371287128712872e+01
2.500374257425742712e+02 4.510396039603960516e-01 1.271683168316831747e+01
2.500162376237623789e+02 4.178712871287128539e-01 1.272198019801980173e+01
2.500568811881188083e+02 4.391584158415841599e-01 1.267925742574257342e+01
2.500622277227722634e+02 4.327227722772277185e-01 1.279688118811881203e+01
2.500123267326732730e+02 4.266831683168316736e-01 1.270717821782178270e+01
