2.512548031496062890e+02 6.246456692913385789e-01 2.182476377952755797e+01
2.506679921259842558e+02 6.277165354330708213e-01 1.521484251968503898e+01
2.506575196850393752e+02 6.551968503937007915e-01 1.501897637795275564e+01
2.503786220472441073e+02 5.625590551181102184e-01 1.426244094488188985e+01
2.502081889763779543e+02 5.136614173228346569e-01 1.346665354330708730e+01
2.501170078740157408e+02 4.715354330708661501e-01 1.333074803149606247e+01
2.500353149606299326e+02 4.140944881889763729e-01 1.326803149606299215e+01
2.500438582677165300e+02 4.194881889763779625e-01 1.314996062992126014e+01
2.500335826771653558e+02 4.305905511811023434e-01 1.295559055118110159e+01
2.500662598425196848e+02 4.503937007874015963e-01 1.294425196850393789e+01
2.500685433070866281e+02 4.380708661417322958e-01 1.311716535433070874e+01
2.500159842519684901e+02 4.041338582677165281e-01 1.280759842519685066e+01
2.500081496062992130e+02 4.160629921259842434e-01 1.279102362204724486e+01
2.499723622047244191e+02 4.052755905511811196e-01 1.278830708661417326e+01
2.499686220472440823e+02 4.049212598425196985e-01 1.284968503937007789e+01
2.500454330708661530e+02 4.184645669291338632e-01 1.302271653543307117e+01
2.499965354330708749e+02 3.985826771653543377e-01 1.278287401574803184e+01
2.499998031496062936e+02 3.979921259842519876e-01 1.275527559055118054e+01
2.500053149606299314e+02 4.170078740157480146e-01 1.273724409448818840e+01
2.500117716535433203e+02 4.264173228346456734e-01 1.272527559055118118e+01
2.500290157480314974e+02 4.442519685039370003e-01 1.267141732283464606e+01
2.498159842519685014e+02 3.640157480314960559e-01 1.230759842519685066e+01
2.498777952755905574e+02 3.911811023622047134e-01 1.237822834645669268e+01
2.499565354330708544e+02 4.249999999999999889e-01 1.244114173228346409e+01
2.498741338582677258e+02 3.868503937007873872e-01 1.241629921259842462e+01
2.498679921259842445e+02 3.770866141732283627e-01 1.247944881889763735e+01
2.498946062992125974e+02 3.922834645669291409e-01 1.245086614173228412e+01
2.499740944881889675e+02 4.187795275590551203e-01 1.245192913385826827e+01
2.499335826771653615e+02 4.063779527559054916e-01 1.234559055118110216e+01
2.499237007874015717e+02 3.981496062992125884e-01 1.241830708661417404e+01
2.498792125984251982e+02 3.955905511811023678e-01 1.242318897637795239e+01
2.498940944881889834e+02 3.846456692913385877e-01 1.258413385826771602e+01
2.499391338582677236e+02 3.886220472440944929e-01 1.259314960629921210e+01
2.499388976377952645e+02 3.924803149606299058e-01 1.256208661417322858e+01
2.499648818897637739e+02 3.806299212598425186e-01 1.266090551181102342e+01
2.499839370078740046e+02 3.690944881889763884e-01 1.260783464566929091e+01
2.500037007874015842e+02 3.982677165354330806e-01 1.267988188976377906e+01
2.500005905511810909e+02 4.179921259842519499e-01 1.271157480314960608e+01
2.500394881889763781e+02 4.334251968503937125e-01 1.263826771653543268e+01
2.500011023622047333e+02 4.185433070866141914e-01 1.250019685039370110e+01
2.499812598425196768e+02 4.235826771653543044e-01 1.246688976377952685e+01
2.499378740157480365e+02 3.938188976377952621e-01 1.251476377952755925e+01
2.499999212598425231e+02 4.457086614173228489e-01 1.263232283464566841e+01
2.499570078740157442e+02 4.349999999999999978e-01 1.246696850393700728e+01
2.500336220472441084e+02 4.656299212598425386e-01 1.251988188976377891e+01
2.499190551181102364e+02 4.116141732283464805e-01 1.241161417322834559e+01
2.499347244094488190e+02 4.233858267716535395e-01 1.242586614173228377e+01
2.498955511811023484e+02 3.999212598425196941e-01 1.237346456692913321e+01
2.499098425196850428e+02 4.174015748031495998e-01 1.238681102362204811e+01
2.500086220472441028e+02 4.271259842519685157e-01 1.273228346456692961e+01
2.499794881889763758e+02 4.154724409448818934e-01 1.261905511811023572e+01
2.499474803149606430e+02 4.119685039370079016e-01 1.255476377952755840e+01
2.499632283464567024e+02 4.144881889763779581e-01 1.268673228346456661e+01
2.500214173228346510e+02 4.341338582677165547e-01 1.269200787401574715e+01
2.500156299212598299e+02 4.244094488188976388e-01 1.270118110236220410e+01
2.499602362204724386e+02 3.791338582677165614e-01 1.261791338582677113e+01
2.500136220472440982e+02 3.983070866141732447e-01 1.268011811023622037e+01
2.500081889763779657e+02 4.403937007874015874e-01 1.256405511811023601e+01
2.500054330708661325e+02 4.415748031496062875e-01 1.269633858267716597e+01
2.500040944881889686e+02 4.224015748031496043e-01 1.255287401574803141e+01
2.499935433070866111e+02 4.288188976377952932e-01 1.255366141732283403e+01
2.499637007874015637e+02 4.331102362204724554e-01 1.247216535433070916e+01
2.499094094488189057e+02 4.171259842519685068e-01 1.247740157480314949e+01
2.499368897637795328e+02 4.212598425196850127e-01 1.260834645669291376e+01
2.499468110236220468e+02 4.026377952755905709e-01 1.257456692913385865e+01
2.499218110236220411e+02 4.022834645669291498e-01 1.241712598425196923e+01
2.499640157480314997e+02 4.244488188976378029e-01 1.259484251968503976e+01
2.498840944881889641e+02 3.815354330708661257e-01 1.244122047244094453e+01
2.499674015748031479e+02 4.190551181102362133e-01 1.249122047244094524e+01
2.500051181102362250e+02 4.319685039370078639e-01 1.255102362204724464e+01
2.499534251968503895e+02 4.193307086614173063e-01 1.250791338582677170e+01
2.500185433070866168e+02 4.496850393700787540e-01 1.263098425196850449e+01
2.499996062992125871e+02 4.291732283464567144e-01 1.244291338582677220e+01
2.500438188976378058e+02 4.507086614173228534e-01 1.259106299212598401e+01
2.500158661417322890e+02 4.251574803149606452e-01 1.246751968503937036e+01
2.500680314960629858e+02 4.144488188976377940e-01 1.262055118110236229e+01
2.500576377952755820e+02 4.344881889763779759e-01 1.260181102362204797e+01
2.499683858267716516e+02 3.941732283464566833e-01 1.241129921259842561e+01
2.498749606299212473e+02 3.854330708661417582e-01 1.229480314960629883e+01
2.498926377952755900e+02 4.007086614173228090e-01 1.236374015748031496e+01
2.499571653543306979e+02 4.168897637795275779e-01 1.230866141732283481e+01
2.499514173228346579e+02 4.307086614173228356e-01 1.226732283464566997e+01
2.499987401574803130e+02 4.303543307086614145e-01 1.231047244094488136e+01
2.500418897637795226e+02 4.348818897637795056e-01 1.254370078740157446e+01
2.499825984251968407e+02 4.084645669291338543e-01 1.247417322834645681e+01
2.500875196850393820e+02 4.375196850393700543e-01 1.262279527559055126e+01
2.500214566929133753e+02 4.195275590551181266e-01 1.244397637795275635e+01
2.500095669291338538e+02 4.013779527559054872e-01 1.238271653543307060e+01
2.500631102362204672e+02 4.407874015748031726e-01 1.251570866141732274e+01
2.499922440944881998e+02 4.212204724409449041e-01 1.248051181102362150e+01
2.500210629921259908e+02 4.331889763779527835e-01 1.258677165354330718e+01
2.499691732283464489e+02 4.248425196850393881e-01 1.249921259842519738e+01
2.499520866141732256e+02 4.100393700787401396e-01 1.256133858267716619e+01
2.500005905511810909e+02 4.321653543307086842e-01 1.257499999999999929e+01
2.500354724409448863e+02 4.556692913385826937e-01 1.266610236220472530e+01
2.499787795275590554e+02 4.089370078740157677e-01 1.258157480314960708e+01
2.499901968503936871e+02 3.916929133858267909e-01 1.281377952755905447e+01
2.499153543307086522e+02 4.357086614173228400e-01 1.243531496062992048e+01
2.499509842519684923e+02 4.400787401574803304e-01 1.247385826771653505e+01
2.499272834645669263e+02 4.226377952755905332e-01 1.252275590551181139e+01
2.499433464566929217e+02 4.076771653543306839e-01 1.245370078740157460e+01
2.499859055118110120e+02 4.284251968503937080e-01 1.267814960629921295e+01
2.499941338582677304e+02 4.122834645669291587e-01 1.263811023622047180e+01
2.500605905511810931e+02 4.407086614173228445e-01 1.271228346456692826e+01
2.500807086614173329e+02 4.331102362204724554e-01 1.261574803149606261e+01
2.500252755905511890e+02 4.428346456692913158e-01 1.267480314960629961e+01
2.500257874015748030e+02 4.301181102362204856e-01 1.256988188976377963e+01
2.499837007874015740e+02 3.872047244094488083e-01 1.255267716535433031e+01
2.500635039370078800e+02 4.483464566929133976e-01 1.268208661417322780e+01
2.499406692913385939e+02 4.020866141732283294e-01 1.237114173228346381e+01
2.500493700787401679e+02 4.464960629921259638e-01 1.268133858267716541e+01
2.500711417322834507e+02 3.939370078740157544e-01 1.288098425196850449e+01
2.500534645669291365e+02 3.878346456692913224e-01 1.281921259842519767e+01
2.500208661417322844e+02 3.996850393700787651e-01 1.267795275590551185e+01
2.500059448818897749e+02 3.874803149606299013e-01 1.256712598425196781e+01
2.500261811023622158e+02 3.928346456692913269e-01 1.265169291338582624e+01
2.500731889763779634e+02 4.324015748031496131e-01 1.273413385826771638e+01
2.500317322834645779e+02 4.147244094488188870e-01 1.259976377952755833e+01
2.499753937007874072e+02 3.953937007874015475e-01 1.261964566929133902e+01
2.500001968503937064e+02 4.151574803149606363e-01 1.262940944881889749e+01
2.500985433070866009e+02 4.844881889763779648e-01 1.271905511811023537e+01
2.500116929133858150e+02 4.219291338582676909e-01 1.249370078740157552e+01
2.501198031496062981e+02 4.731496062992125995e-01 1.276354330708661422e+01
2.500637401574803107e+02 4.321653543307086842e-01 1.259007874015748030e+01
2.499836220472440971e+02 4.057480314960629775e-01 1.246657480314960686e+01
2.500046062992126110e+02 4.216929133858267620e-01 1.245275590551181111e+01
2.500342519685039235e+02 4.405905511811023523e-01 1.255696850393700714e+01
2.500061417322834529e+02 4.191732283464567055e-01 1.234208661417322794e+01
2.500821653543306979e+02 4.554724409448818734e-01 1.245015748031496017e+01
2.500200393700787345e+02 4.334645669291338765e-01 1.231952755905511765e+01
2.500029527559055111e+02 4.290551181102362222e-01 1.237795275590551114e+01
2.499864173228346544e+02 3.914960629921259705e-01 1.249590551181102427e+01
2.499978740157480388e+02 4.050393700787401352e-01 1.250657480314960601e+01
2.499593700787401644e+02 3.992125984251968518e-01 1.220625984251968532e+01
2.500028740157480343e+02 4.222047244094488394e-01 1.230448818897637864e+01
2.499951181102362341e+02 4.231496062992126106e-01 1.223484251968503855e+01
2.499576771653543403e+02 4.233070866141732114e-01 1.234629921259842433e+01
2.499461417322834507e+02 4.221653543307086753e-01 1.213854330708661422e+01
2.499337795275590679e+02 4.080314960629921051e-01 1.213964566929133859e+01
2.500284645669291308e+02 4.319291338582676998e-01 1.224220472440944896e+01
2.499864960629921313e+02 4.185826771653543554e-01 1.217566929133858267e+01
2.499497244094488053e+02 4.048425196850393704e-01 1.221811023622047188e+01
2.499952755905511879e+02 4.141732283464567010e-01 1.228374015748031489e+01
