2.511997392438070449e+02 5.722729248152976789e-01 1.879009126466753443e+01
2.506522381573228984e+02 6.579747935680139159e-01 1.420391134289439350e+01
2.505878313776618995e+02 6.778791829639286837e-01 1.386901347240330296e+01
2.503568013906997010e+02 5.785310734463277038e-01 1.347275097783572306e+01
2.500219035202086104e+02 4.293350717079530421e-01 1.293524554541503768e+01
2.499085180356366891e+02 3.708822251195132425e-01 1.270704041720990851e+01
2.499141677531507924e+02 3.839634941329856388e-01 1.268835289004780442e+01
2.499267275097783454e+02 3.932203389830508655e-01 1.269404606692742199e+01
2.499560191221208072e+02 4.202086049543676816e-01 1.266588439808778865e+01
2.498405475880052222e+02 3.804432855280313053e-01 1.226992611907866149e+01
2.499398087787918428e+02 4.114298131247283719e-01 1.267479356801390722e+01
2.500174272055627966e+02 4.730117340286831840e-01 1.273650586701434229e+01
2.500109517601042910e+02 4.642764015645371445e-01 1.267979139504563157e+01
2.499097348978704929e+02 4.342894393741851267e-01 1.243272490221642812e+01
2.498567144719687008e+02 4.106475445458496187e-01 1.246332029552368503e+01
2.499909604519774007e+02 4.704041720990873587e-01 1.264015645371577534e+01
2.499939156888309526e+02 4.524119947848761480e-01 1.273498478922207688e+01
2.500380704041720890e+02 4.812690134724033064e-01 1.272577140373750559e+01
2.500067362016514494e+02 4.891786179921773225e-01 1.264393741851369057e+01
2.499739243807040339e+02 4.774880486744893515e-01 1.259930465015210821e+01
2.499772272924815297e+02 4.602781399391568939e-01 1.271238591916558036e+01
2.499069969578444272e+02 4.341156019122121013e-01 1.259695784441547239e+01
2.500078226857887955e+02 4.865710560625814973e-01 1.274132985658409467e+01
2.500387657540200053e+02 4.492829204693611356e-01 1.289604519774011315e+01
2.500625814863103074e+02 4.568448500651890454e-01 1.295280312907431508e+01
2.500544980443285397e+02 4.366362451108213860e-01 1.297296827466318980e+01
2.500798783137766179e+02 4.668839634941329697e-01 1.294211212516297316e+01
2.500202520643198625e+02 4.445023902651021319e-01 1.286857887874836948e+01
2.499477183833116101e+02 3.853541938287701196e-01 1.287175141242937926e+01
2.500270751847023121e+02 4.002172968274663178e-01 1.317370708387657530e+01
2.500504563233376700e+02 4.299435028248587698e-01 1.303402868318122643e+01
2.499475010864841238e+02 3.633637548891786029e-01 1.284172099087353303e+01
2.500025206431986078e+02 4.051282051282051322e-01 1.300130378096479866e+01
2.500373315949587152e+02 4.110821382007822655e-01 1.290677966101694985e+01
2.499789222077357635e+02 3.913081269013472530e-01 1.278744024337244589e+01
2.500229900043459281e+02 3.564971751412429612e-01 1.299952194697957353e+01
2.500259887005649659e+02 4.245545415036940384e-01 1.280095610604085188e+01
2.499644502390265188e+02 4.089960886571056276e-01 1.274750108648413693e+01
2.500159495871360207e+02 4.308126901347240079e-01 1.275884398087787908e+01
2.499791829639287357e+02 4.095610604085180295e-01 1.262194697957409772e+01
2.499331594958713652e+02 3.884398087787918064e-01 1.253602781399391652e+01
2.499217296827466441e+02 3.544111255975662678e-01 1.256866579747935653e+01
2.499863537592351292e+02 4.019556714471968495e-01 1.251029986962190321e+01
2.499613211647109949e+02 3.837027379400260729e-01 1.250221642764015684e+01
2.499150369404606806e+02 3.701434159061277596e-01 1.239700130378096432e+01
2.498912646675358644e+02 3.545415036940460785e-01 1.222042590178183374e+01
2.499683615819209024e+02 4.256410256410256276e-01 1.237627118644067714e+01
2.499322903085615053e+02 4.104737070838765933e-01 1.222998696219035253e+01
2.498990438939591456e+02 3.779226423294219650e-01 1.239726205997392405e+01
2.498744893524554413e+02 3.730551933941764209e-01 1.216053889613211680e+01
2.497123859191655697e+02 2.782703172533680935e-01 1.184528465884398152e+01
2.498566710126032149e+02 3.535419382877009742e-01 1.212507605388961274e+01
2.498802694480660591e+02 3.878748370273794044e-01 1.206897001303780925e+01
2.498909169926119205e+02 3.719252498913515614e-01 1.222285962624945732e+01
2.498618861364624024e+02 3.698392003476749235e-01 1.220173837461973143e+01
2.498015210777922732e+02 3.744893524554541719e-01 1.197987831377661827e+01
2.498110386788353026e+02 3.807040417209908711e-01 1.211568883094306770e+01
2.498654932637983563e+02 4.083876575401998998e-01 1.211842677096914400e+01
2.498884398087787986e+02 3.968709256844850097e-01 1.222942199043894007e+01
2.498938722294654440e+02 4.106040851803563485e-01 1.232837896566710079e+01
2.498420252064319982e+02 3.485006518904824047e-01 1.223437635810517143e+01
2.498597131681877386e+02 3.729682746631899359e-01 1.214019991308126833e+01
2.499022164276401554e+02 4.040851803563668132e-01 1.222094741416775321e+01
2.498313342025206509e+02 3.828770099956540496e-01 1.205323772272924820e+01
2.498619295958278883e+02 3.723598435462842082e-01 1.207175141242937855e+01
2.498521077792264293e+02 3.548891786179921848e-01 1.189913081269013517e+01
2.499089091699261189e+02 3.873967840069534874e-01 1.209978270317253291e+01
2.498532811820947472e+02 3.707518470230334873e-01 1.210838765754020052e+01
2.498498478922207653e+02 3.664928292046936154e-01 1.200056497175141246e+01
2.498474576271186436e+02 3.566275532377227164e-01 1.202972620599739173e+01
2.498164276401564621e+02 3.533246414602346785e-01 1.184372012168622312e+01
2.498321164710995106e+02 3.281616688396349346e-01 1.187088222511951408e+01
2.498481095176010456e+02 3.251629726205997328e-01 1.180282485875706300e+01
2.498263798348544071e+02 3.519774011299435235e-01 1.198048674489352372e+01
2.498225119513255095e+02 3.502824858757062065e-01 1.186318991742720641e+01
2.497674489352455396e+02 3.258148631029986753e-01 1.171277705345501907e+01
2.497930030421555898e+02 3.355063016079965488e-01 1.179404606692742341e+01
2.497753150803998210e+02 3.396784006953498247e-01 1.165623641894828388e+01
2.497340286831812364e+02 3.154715341156019148e-01 1.165249891351586342e+01
2.497988265971316935e+02 3.513689700130377958e-01 1.171190786614515389e+01
2.498286831812255571e+02 3.653194263363754857e-01 1.172820512820512739e+01
2.498030856149500210e+02 3.457627118644067687e-01 1.180343328987396845e+01
2.497799652325076067e+02 3.511516731855715001e-01 1.168974358974358907e+01
2.497461538461538453e+02 3.269013472403302645e-01 1.148557149065623584e+01
2.498273359408952672e+02 3.330725771403737490e-01 1.160569317687961721e+01
2.497758365927857369e+02 3.274228596262494517e-01 1.146101694915254221e+01
2.497407648848326858e+02 3.175141242937853381e-01 1.148852672750977888e+01
2.498275532377227250e+02 3.675793133420252046e-01 1.168352890047805381e+01
2.497814428509343827e+02 3.314645806171229725e-01 1.163724467622772707e+01
2.498013906996957871e+02 3.459800086918731199e-01 1.163215993046501495e+01
2.496957409821816611e+02 2.980008691873098914e-01 1.142994350282485883e+01
2.496890482398956976e+02 2.937853107344632897e-01 1.128348544111256047e+01
2.497516297262060050e+02 3.370708387657539995e-01 1.152129508909169964e+01
2.496966536288570069e+02 3.114298131247283941e-01 1.153663624511082197e+01
2.497590612777053423e+02 3.215558452846588589e-01 1.162494567579313376e+01
2.497694480660582315e+02 3.363320295523685166e-01 1.162811820947414176e+01
2.496928292046936235e+02 3.071707953063885221e-01 1.150256410256410255e+01
2.497607996523250620e+02 3.426336375488918118e-01 1.158896132116471023e+01
2.497287700999565345e+02 3.384180790960452101e-01 1.156675358539765242e+01
2.497644936983920161e+02 3.463711429813124965e-01 1.150512820512820511e+01
2.497136462407648878e+02 3.272055627987831561e-01 1.140047805302042505e+01
2.497718383311603532e+02 3.393741851368969886e-01 1.135966970882225091e+01
2.497440677966101816e+02 3.260321599304650264e-01 1.132546718817905251e+01
2.497598435462842303e+02 3.364624076488483273e-01 1.143276836158192111e+01
2.497334202520643203e+02 3.267709691438505093e-01 1.134576271186440621e+01
2.497456757931334153e+02 3.251629726205997328e-01 1.136149500217296904e+01
2.497341590612776940e+02 3.229900043459365544e-01 1.144663189917427282e+01
2.497061712299000362e+02 2.886136462407649095e-01 1.122325076053889603e+01
2.497251195132550947e+02 3.029117774880486502e-01 1.120499782703172542e+01
2.497794437201216908e+02 3.059539330725771222e-01 1.106844850065188979e+01
2.497335506301608063e+02 2.846153846153846034e-01 1.093685354193828729e+01
2.496781833985223784e+02 2.760973489787049151e-01 1.102603215993046426e+01
2.496918730986527635e+02 2.797044763146457891e-01 1.100330291177748876e+01
2.496123859191655754e+02 2.411560191221208127e-01 1.067209908735332391e+01
2.496692742285962652e+02 2.634072142546718953e-01 1.080434593654932662e+01
2.496704910908300690e+02 2.598870056497175063e-01 1.079887005649717580e+01
2.496364624076488496e+02 2.495002172968274756e-01 1.069956540634506759e+01
2.496233376792698948e+02 2.413733159495871361e-01 1.062542372881355845e+01
2.495962190352020968e+02 2.339852238157322795e-01 1.052051282051282044e+01
2.496783572359843504e+02 2.649717514124294016e-01 1.061794871794871753e+01
2.496880052151238658e+02 2.890916992611907710e-01 1.081342894393741894e+01
2.497149500217296918e+02 2.980877879182963763e-01 1.089765319426336454e+01
2.496198609300304270e+02 2.719252498913515836e-01 1.058144285093437631e+01
2.497408518035636575e+02 2.961321164710995490e-01 1.088496305953933074e+01
2.496710126032159849e+02 2.812690134724032953e-01 1.072777053455019569e+01
2.496383746197305413e+02 2.707953063885267242e-01 1.060369404606692711e+01
2.497006953498479049e+02 2.913081269013472197e-01 1.054067796610169516e+01
2.496199913081269131e+02 2.187309865275967047e-01 1.032750977835723560e+01
2.497004345936549328e+02 2.270317253368100696e-01 1.030773576705780137e+01
2.496791829639287243e+02 2.256410256410256443e-01 1.044545849630595313e+01
2.496314645806171200e+02 2.175575836592785750e-01 1.045241199478487637e+01
2.497668405041286519e+02 2.834419817470664738e-01 1.057831377661886130e+01
2.496037809647979202e+02 2.099087353324641525e-01 1.030956106040851772e+01
2.495996088657105645e+02 2.043024771838331255e-01 1.012685788787483787e+01
2.496053455019556679e+02 2.043024771838331255e-01 1.003150803998261686e+01
2.497294219904389365e+02 2.495002172968274756e-01 1.024606692742285929e+01
2.497347674923946101e+02 2.644936983920034845e-01 1.040847457627118722e+01
2.496356801390699616e+02 2.168187744458930921e-01 1.033233376792698799e+01
2.497149500217296918e+02 2.219035202086049596e-01 1.016058235549760980e+01
2.496698826597131813e+02 2.458496305953933037e-01 1.054915254237288202e+01
2.496118644067796595e+02 2.387222946544980406e-01 1.043368100825727929e+01
2.497772707518470270e+02 2.916558018252933260e-01 1.047574967405475910e+01
2.497659713168187636e+02 2.802694480660582466e-01 1.061221208170360697e+01
