2.498178765880217895e+02 2.723281911675741185e+01 1.380302480338778004e+01
2.499266787658802116e+02 2.703487598306110229e+01 1.346445856019358800e+01
2.500169086509376939e+02 2.827419842710223818e+01 1.405568663036902599e+01
2.501353297035692549e+02 2.966228070175438702e+01 1.451001209921355084e+01
2.500330006049606766e+02 3.004664246823956475e+01 1.464186327888687167e+01
2.500504839685420393e+02 3.018121597096188680e+01 1.452964307320024240e+01
2.500812462189957728e+02 3.094552329098608467e+01 1.490964912280701782e+01
2.501492740471869354e+02 3.112102238354507122e+01 1.495393224440411295e+01
2.501629461584996932e+02 3.128203266787658876e+01 1.504449485783424123e+01
2.500713551119177112e+02 3.098209316394434509e+01 1.482265577737446982e+01
2.501180580762250543e+02 3.119549304295220793e+01 1.501149425287356287e+01
2.501380822746521346e+02 3.132362371445855942e+01 1.515338777979431306e+01
2.500627949183302974e+02 3.157374470659406995e+01 1.520081669691469983e+01
2.500640653357531846e+02 3.169110707803992710e+01 1.530904416212946195e+01
2.500085299455535335e+02 3.143947368421052602e+01 1.515381125226860171e+01
2.500225347852389461e+02 3.150565638233514676e+01 1.528611615245009148e+01
2.500659104658197123e+02 3.118481548699334382e+01 1.508832425892316920e+01
2.499954022988505642e+02 3.091630369026013270e+01 1.492298850574712610e+01
2.500240774349667277e+02 3.102389594676346007e+01 1.498901996370235956e+01
2.500049606775559710e+02 3.111597096188747713e+01 1.511820931639443444e+01
2.500395946763460415e+02 3.114879007864488969e+01 1.519906231094978821e+01
2.499592256503327405e+02 3.026730187537809869e+01 1.494594676346037510e+01
2.498366303690260111e+02 2.699334543254688512e+01 1.391297640653357526e+01
2.498662734422262588e+02 2.644334543254688441e+01 1.373121597096188751e+01
2.499404113732607300e+02 2.723363581367211239e+01 1.411848154869933403e+01
2.499651240169388871e+02 2.839086509376890533e+01 1.475039322444041190e+01
2.500081064730792377e+02 2.932171808832426052e+01 1.519724742891711955e+01
2.500356019358741548e+02 2.976231094978826519e+01 1.534948578342407721e+01
2.499988808227465142e+02 2.967029643073200162e+01 1.532368421052631646e+01
2.500300362976406632e+02 2.946660617059891152e+01 1.509627949183303031e+01
2.500971264367816218e+02 2.964930429522081212e+01 1.528018753781004158e+01
2.500573502722322985e+02 2.984679370840895274e+01 1.528905021173623702e+01
2.500318209316394302e+02 3.002722323049001929e+01 1.540741076830006051e+01
2.499680278281911683e+02 2.989095583787053911e+01 1.526733212341197898e+01
2.499881427707198895e+02 2.957129461584996832e+01 1.502725347852389604e+01
2.500768905021173509e+02 2.969249848759830712e+01 1.516600120992135459e+01
2.500459467634603641e+02 2.929509981851179745e+01 1.500671506352087192e+01
2.500586509376890376e+02 2.992289776164549409e+01 1.526926799758015640e+01
2.499973986690865217e+02 2.951231094978826519e+01 1.504667271627344149e+01
2.500633091349062340e+02 3.007090139140955998e+01 1.539960677555958846e+01
2.500268905021173680e+02 3.030120992135511315e+01 1.550362976406533555e+01
2.500927707199032000e+02 3.055611010284331641e+01 1.577196007259528088e+01
2.500492135511191805e+02 3.064733817301875263e+01 1.589872958257713265e+01
2.500154264972776730e+02 3.010030248033877953e+01 1.560254083484573506e+01
2.499195099818511778e+02 2.883886872353297193e+01 1.516693889897156744e+01
2.498071687840290451e+02 2.672903811252268724e+01 1.440139140955837860e+01
2.498863278886872479e+02 2.694304295220810630e+01 1.463529945553539058e+01
2.499272232304900285e+02 2.765350877192982537e+01 1.497713248638838479e+01
2.500081669691469983e+02 2.848245614035087669e+01 1.544969751966122118e+01
2.500519056261342996e+02 2.882056866303690157e+01 1.553747731397459120e+01
2.500002722323048943e+02 2.938532970356926910e+01 1.577589231699939454e+01
2.500303085299455574e+02 2.960659407138535926e+01 1.596784633998790071e+01
2.500623411978221498e+02 3.020725952813067039e+01 1.630580762250453830e+01
2.500630066545674595e+02 3.098566243194192538e+01 1.666107078039927458e+01
2.501090744101633447e+02 3.194240774349667333e+01 1.707492437991530565e+01
2.501327283726557766e+02 3.250369026013309082e+01 1.737326073805202498e+01
2.501860556563823366e+02 3.333466424682395512e+01 1.790245009074410021e+01
2.501482758620689708e+02 3.399597701149425433e+01 1.822501512401693802e+01
2.502448578342407757e+02 3.443493647912885791e+01 1.839694494857834073e+01
2.501816999395039431e+02 3.542286751361161379e+01 1.871285541439806366e+01
2.500854506957047931e+02 3.552761645493043119e+01 1.886382335148215361e+01
2.501414095583787116e+02 3.594077434966727225e+01 1.898130671506352130e+01
2.502091651542649799e+02 3.645248033877798122e+01 1.917271627344222651e+01
2.502141560798548028e+02 3.652946158499697304e+01 1.917649727767695111e+01
2.501864488808227520e+02 3.591799758015729083e+01 1.868699334543254764e+01
2.500688747731397541e+02 3.294022988505746952e+01 1.745084694494857658e+01
2.500210828796128339e+02 3.087401693889897203e+01 1.668424077434966790e+01
2.500575620084694606e+02 3.088321234119782233e+01 1.662525710828796122e+01
2.501473986690864990e+02 3.230263157894736992e+01 1.719655172413792954e+01
2.502417422867513608e+02 3.347661826981246236e+01 1.741203871748336240e+01
2.501857834240774423e+02 3.405580762250453830e+01 1.755220810647307772e+01
2.502437991530550505e+02 3.447961282516636317e+01 1.762111312764670146e+01
2.502250151240169487e+02 3.453644888082274633e+01 1.753239564428312036e+01
2.502124924379915285e+02 3.502891712038717742e+01 1.763826376285541286e+01
2.502203266787658720e+02 3.568817301875377979e+01 1.790580762250453617e+01
2.502127041742286622e+02 3.694228675136115925e+01 1.827864488808227605e+01
2.503269207501512312e+02 3.774307320024198731e+01 1.852032667876587979e+01
2.503163641863278883e+02 3.877764670296430438e+01 1.886760435571687822e+01
2.503063218390804536e+02 3.947722323049001858e+01 1.915474894131881456e+01
2.503005444646097999e+02 4.067813067150635220e+01 1.958257713248638865e+01
2.503494555353902058e+02 4.124222625529340291e+01 1.958581367211131408e+01
2.503749243799153135e+02 4.175883242589231514e+01 1.988415003024803340e+01
2.502889594676346121e+02 4.197214156079854774e+01 1.976669691470054602e+01
2.503888082274652049e+02 4.253838475499092908e+01 2.005356926799758099e+01
2.503654567453115476e+02 4.269313369630973654e+01 1.997422867513611777e+01
2.504256503327283667e+02 4.339437386569873212e+01 2.022825166364186344e+01
2.504188747731397484e+02 4.357619479733817514e+01 2.026621294615850033e+01
2.503270719903206327e+02 4.187525710828796122e+01 1.949996975196612325e+01
2.503454930429521994e+02 4.008372655777374405e+01 1.903073200241984253e+01
2.503648820326678788e+02 4.114558378705384456e+01 1.943266787658802031e+01
2.503646098003629845e+02 4.266004234724742616e+01 2.012631578947368283e+01
2.503751361161524471e+02 4.371243194192377501e+01 2.050483968542044622e+01
2.503749243799153135e+02 4.414791288566242855e+01 2.054818511796733205e+01
2.504001209921354985e+02 4.449068360556563562e+01 2.075084694494857729e+01
2.503702056866303565e+02 4.429618874773139936e+01 2.051101028433151896e+01
2.503823956442831218e+02 4.449579552329098675e+01 2.053088324258923336e+01
2.504404718693284906e+02 4.416957047791893842e+01 2.030329703569267963e+01
2.504416817906836172e+02 4.430426497277677100e+01 2.026185722928009625e+01
2.503932546884452393e+02 4.411624319419237850e+01 2.011990320629159257e+01
2.504585904416212827e+02 4.422873563218390558e+01 2.022407743496672694e+01
2.504287658802177816e+02 4.394137931034482847e+01 2.006497277676950830e+01
2.504340895341802877e+02 4.454252873563218174e+01 2.035072595281306818e+01
2.504314882032667811e+02 4.423339382940108777e+01 2.018765880217785735e+01
2.504333030852994568e+02 4.431333938294010721e+01 2.030535390199636936e+01
2.504155474894131999e+02 4.448127646702964455e+01 2.037344222625529255e+01
2.504116454930429541e+02 4.504277071990320280e+01 2.062716273442226367e+01
2.504467029643073204e+02 4.517855414398064084e+01 2.072289776164549480e+01
2.503888082274652049e+02 4.488478523895946637e+01 2.048257713248638723e+01
2.503962492437991614e+02 4.478505747126436631e+01 2.045021173623714361e+01
2.503510586811857195e+02 4.330278281911675720e+01 1.998330308529945398e+01
2.503052329098608482e+02 4.216122202056866541e+01 1.966391409558378811e+01
2.503422565033272917e+02 4.260057471264367734e+01 2.004286146400484014e+01
2.503811857229280236e+02 4.383481548699334240e+01 2.055973986690865019e+01
2.504381125226860263e+02 4.470405323653962171e+01 2.097150635208711478e+01
2.504118269812462074e+02 4.502477313974591766e+01 2.104667271627344149e+01
2.504484271022383552e+02 4.528009679370840956e+01 2.115426497277676887e+01
2.504041137326073851e+02 4.497540834845734992e+01 2.089513006654567562e+01
2.503980943738656890e+02 4.508457350272232134e+01 2.088735632183908209e+01
2.503752268602540880e+02 4.474213551119176913e+01 2.077692075015124118e+01
2.504677858439201543e+02 4.488838475499092340e+01 2.088448275862068826e+01
2.502915607985480904e+02 4.502244404113732656e+01 2.098393829401089050e+01
2.503853901996370155e+02 4.521817906836055556e+01 2.093660012099213574e+01
2.503693587416817934e+02 4.541902601330913569e+01 2.097196007259528017e+01
2.504211131276466915e+02 4.551663641863278542e+01 2.105359951603145774e+01
2.504701451905626186e+02 4.567531760435571897e+01 2.113402903811252287e+01
2.504025408348457233e+02 4.591781609195402325e+01 2.120435571687840337e+01
2.504109800362976443e+02 4.606914700544464836e+01 2.120883242589231799e+01
2.503445251058681151e+02 4.623327283726558079e+01 2.121757410768299934e+01
2.504275559588626834e+02 4.649404113732607158e+01 2.130725952813067181e+01
2.503785238959467563e+02 4.688859649122807127e+01 2.133039927404718838e+01
2.504141258318209395e+02 4.729860859044162424e+01 2.161464004839685416e+01
2.504933151845129942e+02 4.778995765275256957e+01 2.184615849969751977e+01
2.504568663036902478e+02 4.865732002419842672e+01 2.226231094978826519e+01
2.504304295220810559e+02 5.038176043557168526e+01 2.310629159104658115e+01
2.504766485178463427e+02 5.178708408953418285e+01 2.362141560798547957e+01
2.505375378100423518e+02 5.247713248638838479e+01 2.397410768300060369e+01
2.505820024198427234e+02 5.325798548094373785e+01 2.421197822141560962e+01
2.505280701754385859e+02 5.422834240774349723e+01 2.442955232909860896e+01
2.505612825166364246e+02 5.460644283121597198e+01 2.470532365396249119e+01
2.505728070175438518e+02 5.571615245009074613e+01 2.527649727767695254e+01
2.505791288566243225e+02 5.643082274652147845e+01 2.551721113127646845e+01
2.505310344827586277e+02 5.767480338777979654e+01 2.603799153055051363e+01
2.506138535995160339e+02 5.824077434966726941e+01 2.627649727767695254e+01
