2.433826122218696071e+02 4.429773616841214334e+01 1.896087661765224297e+01
2.434292111851616767e+02 4.419179096583095401e+01 1.892307556683945080e+01
2.435346979794774143e+02 4.404631686589794981e+01 1.888603265277336973e+01
2.434755280510596265e+02 4.395978349025001108e+01 1.879574385556613336e+01
2.434403892944039001e+02 4.393451814238866149e+01 1.871411192214111807e+01
2.434941817412461660e+02 4.387215698719982981e+01 1.863879191790965706e+01
2.434983250467223854e+02 4.387067597588067258e+01 1.863145738566240084e+01
2.435209457315137911e+02 4.394171162593885782e+01 1.870203462745512724e+01
2.435136993547021973e+02 4.440995803801262554e+01 1.896643041009908615e+01
2.434676116929369982e+02 4.430928453048414895e+01 1.886249515145103928e+01
2.435069642794174740e+02 4.425064353468034994e+01 1.882852004654607114e+01
2.434574209245742225e+02 4.397462886561585549e+01 1.870018336330618069e+01
2.434268309883987342e+02 4.384678585281568530e+01 1.861171056807362589e+01
2.433664268838816724e+02 4.377737226277372429e+01 1.856819704502979818e+01
2.433258224902147333e+02 4.352991995486441823e+01 1.849203074861596008e+01
2.433904580556437054e+02 4.370765894425050391e+01 1.857440318770055399e+01
2.433224020593109742e+02 4.373902464825981440e+01 1.864311153425720136e+01
2.433641172114672599e+02 4.363374942698966663e+01 1.860277160689728149e+01
2.433812898903346422e+02 4.355347508727388117e+01 1.858566945237843271e+01
2.433973870728869144e+02 4.351546246341549562e+01 1.860642124193377711e+01
2.434581790613209193e+02 4.358350082866109432e+01 1.867165626432525727e+01
2.434412708487605244e+02 4.363135159913960592e+01 1.872037095807327489e+01
2.434283825240664214e+02 4.359286293592862904e+01 1.873810783172890382e+01
2.434736062625621571e+02 4.390292323424662158e+01 1.893566416305229438e+01
2.434439507740047191e+02 4.389056384216650741e+01 1.892055432137945559e+01
2.434702387249197670e+02 4.388083148206918338e+01 1.889987305617264468e+01
2.434664833033604907e+02 4.390209457315138053e+01 1.896338023202510570e+01
2.435049190733100488e+02 4.395521703868260488e+01 1.899411121689763249e+01
2.434825981169998954e+02 4.382264889453083612e+01 1.899014422229274501e+01
2.435363200394936314e+02 4.390630840297612991e+01 1.914528015797453975e+01
2.435617440671391876e+02 4.399359991537077974e+01 1.930621672132303601e+01
2.434822454952572457e+02 4.394853485665926485e+01 1.930961952113967328e+01
2.433776226242109999e+02 4.373576289714024057e+01 1.924246271025071309e+01
2.433980923163722139e+02 4.369641031065975767e+01 1.929389259141718682e+01
2.433165132762086103e+02 4.337804577030219377e+01 1.922781127684332958e+01
2.433585281568461482e+02 4.330538806022779141e+01 1.927888853626714649e+01
2.432655418033075989e+02 4.299985895130294011e+01 1.918514404598187539e+01
2.432860114954688129e+02 4.300021157304559694e+01 1.926448393807962134e+01
2.432815508304242087e+02 4.305185302725766405e+01 1.936776684650375557e+01
2.432758559892803021e+02 4.299659720018336628e+01 1.937224514263549580e+01
2.432640078987270442e+02 4.298030607567262251e+01 1.937122253958179030e+01
2.431732783243414815e+02 4.264305864099580390e+01 1.912290630840297467e+01
2.431922670051835382e+02 4.247193130928452831e+01 1.906877887090518087e+01
2.431720265171550466e+02 4.254815049895976387e+01 1.912049084946577793e+01
2.431853556190274617e+02 4.252341408371240306e+01 1.910240135406749218e+01
2.432838076095771953e+02 4.287677633202863348e+01 1.933876370817024437e+01
2.432821502873867132e+02 4.279992242321661422e+01 1.929408653337564772e+01
2.432240911174583005e+02 4.281268733030078977e+01 1.919150886843682713e+01
2.432265418385697728e+02 4.238855389823336850e+01 1.897917768609612565e+01
2.432180260234846116e+02 4.241803307591946037e+01 1.894693042773017311e+01
2.432423921859021902e+02 4.266067209704150542e+01 1.913350259176980828e+01
2.431670192884093353e+02 4.254457138827179818e+01 1.908438238301773637e+01
2.431150252124546114e+02 4.243783278676963278e+01 1.902043442998695255e+01
2.431234705031912142e+02 4.246144081244049318e+01 1.902018759476709420e+01
2.432565852110441256e+02 4.286341196798194630e+01 1.915465989632920696e+01
2.432426390211220451e+02 4.290597341232060558e+01 1.917012235974470258e+01
2.432282167918473874e+02 4.304280827955851407e+01 1.919863182763849352e+01
2.432180436545717441e+02 4.303847103212383729e+01 1.915871504636976042e+01
2.432750096970979143e+02 4.303538559187559542e+01 1.909973905991043353e+01
2.432524242744807736e+02 4.296789379033111089e+01 1.904543531154131131e+01
2.431276314397545661e+02 4.295645121478190021e+01 1.908258401213018729e+01
2.431171585739976706e+02 4.268219965443068986e+01 1.889781021897810120e+01
2.431451214781903332e+02 4.235734687400825038e+01 1.868323988857152784e+01
2.431685179308156250e+02 4.227982298388518956e+01 1.864210656229063190e+01
2.432960083218731313e+02 4.246710039141013482e+01 1.872454952572375575e+01
2.432771959519023994e+02 4.258894883458513902e+01 1.880538806022779497e+01
2.433072216932896197e+02 4.295659226347896720e+01 1.893032194365104459e+01
2.433085087626502911e+02 4.305312246553122435e+01 1.897730879086004308e+01
2.432304030466518441e+02 4.309753517401883016e+01 1.896163475439895763e+01
2.432373849571564506e+02 4.318327515074579281e+01 1.893836171938361801e+01
2.431178109242216010e+02 4.283160548679431656e+01 1.877190662576254354e+01
2.430112838957650183e+02 4.250111075848936792e+01 1.859273951831869809e+01
2.429547762615042927e+02 4.216924080538805697e+01 1.842965196233999947e+01
2.430141048697062729e+02 4.215695193765647275e+01 1.840738389929122931e+01
2.430043196163475443e+02 4.215760428788038894e+01 1.839220353326986057e+01
2.430430198526041181e+02 4.218114178920271939e+01 1.841731020134701424e+01
2.430064882400648685e+02 4.185516061920377950e+01 1.825066116576748243e+01
2.429861243344264494e+02 4.190821256038647391e+01 1.820841708099721501e+01
2.429427342289925491e+02 4.183449698508410108e+01 1.809411474311506041e+01
2.429027116612010389e+02 4.147804929651962169e+01 1.781085369723897216e+01
2.428965407807045267e+02 4.152094573151380530e+01 1.785979759511971565e+01
2.429292464473359416e+02 4.147755562607990498e+01 1.780965478331393825e+01
2.428690539158644413e+02 4.146734722662999673e+01 1.776552417222045932e+01
2.429084417645192104e+02 4.145199054973729602e+01 1.774329137134595769e+01
2.429209069431221053e+02 4.148196339786311171e+01 1.768710109665362040e+01
2.429478296131739512e+02 4.155194118269332648e+01 1.765261469022179952e+01
2.429184738530977938e+02 4.119142071300116470e+01 1.749356465319651477e+01
2.430106491766282204e+02 4.153341091011671438e+01 1.769143834408829719e+01
2.429025529814168465e+02 4.149418174124616598e+01 1.764568567297859758e+01
2.428146796431468033e+02 4.140893543495892004e+01 1.755382770901653799e+01
2.428009273951831801e+02 4.142887619450615233e+01 1.757546105292852445e+01
2.427857999224232231e+02 4.143610494023061364e+01 1.758496420889311906e+01
2.428670792341055744e+02 4.151006735075284837e+01 1.758038012623858393e+01
2.428379879403364043e+02 4.152117493564653472e+01 1.761470785288620888e+01
2.429289114566804244e+02 4.184613350259176912e+01 1.778969639267957348e+01
2.428588631475016655e+02 4.161128742198243913e+01 1.763055820021862630e+01
2.428549490461581968e+02 4.156669840262350846e+01 1.763947953030783822e+01
2.427697908953066133e+02 4.117616982263126602e+01 1.744574914489227524e+01
2.427808808491131458e+02 4.114498042949328038e+01 1.744499100814556058e+01
2.426749532776190961e+02 4.070938679078952305e+01 1.722629500334990738e+01
2.426728904404245668e+02 4.043217320779999113e+01 1.710615677562678627e+01
2.426543601678479547e+02 4.042820621319510366e+01 1.708425896540780542e+01
2.426823230720406173e+02 3.999925949434042138e+01 1.693076272082936740e+01
2.426726612362918161e+02 4.025387002362565880e+01 1.707362741986671040e+01
2.425751613244472651e+02 3.989481293416552177e+01 1.689558870199936536e+01
2.426037236856024606e+02 3.995719172044148593e+01 1.688590923516343878e+01
2.426151486300645388e+02 3.997281286364117392e+01 1.688830706301350659e+01
2.425051835396170645e+02 3.974138721393561013e+01 1.680512359392080057e+01
2.424608589865651140e+02 3.980291970802919366e+01 1.686219542296977991e+01
2.424361578334920182e+02 3.979812405232906514e+01 1.686967100391409957e+01
2.424832328361366649e+02 3.988869494693042839e+01 1.692568496773511200e+01
2.425391410134348860e+02 4.013917980182657885e+01 1.706976621178461784e+01
2.425252829789484679e+02 4.012033216968158200e+01 1.709548996791142272e+01
2.425744737120490981e+02 4.007156458267216692e+01 1.707369794421524034e+01
2.426137205120067790e+02 4.027962904192672511e+01 1.720418562008533314e+01
2.426154307274586586e+02 4.026423710285975943e+01 1.719727423392926369e+01
2.426138615607038389e+02 4.052457773546316844e+01 1.737113438414612787e+01
2.426306287245671456e+02 4.050666455093620755e+01 1.734320674212771962e+01
2.426858492894671997e+02 4.064702563560069137e+01 1.749099051447512210e+01
2.426832222574844025e+02 4.067269649846609525e+01 1.751599139602948085e+01
2.425875736097887909e+02 4.033953947600409151e+01 1.736924785782291281e+01
2.425913466624351997e+02 3.998906872597764561e+01 1.718979865298494403e+01
2.425890722521950806e+02 3.982823794915194782e+01 1.712509256320744910e+01
2.425511830459466012e+02 3.974593603441588385e+01 1.705292852357276345e+01
2.426849853661976795e+02 4.007567262597411428e+01 1.733964526252688643e+01
2.426501287069360728e+02 3.998631827638492098e+01 1.732737402588243469e+01
2.426918614901794911e+02 4.009340949962975031e+01 1.738005571423533979e+01
2.425006523502239020e+02 3.992951091364293603e+01 1.731284601008498214e+01
2.426259741175640841e+02 4.004189146302761060e+01 1.742871751472195641e+01
2.425944144715963091e+02 4.015538277090165309e+01 1.744560809619521180e+01
2.427029514439860236e+02 4.050245072111146527e+01 1.763515991396029392e+01
2.427954793892591283e+02 4.078156846151133408e+01 1.782571670369194905e+01
2.427807221693289534e+02 4.103006100356147812e+01 1.796119397722063482e+01
2.428796854614055576e+02 4.131549067315490475e+01 1.810298317994287487e+01
2.428809020064177275e+02 4.156738601502168962e+01 1.817719242568496796e+01
2.429223174300927326e+02 4.188146620120596708e+01 1.830388941782150170e+01
2.429594308685073543e+02 4.182164392256426311e+01 1.830276102824500128e+01
2.429519552875630382e+02 4.169099756690997793e+01 1.824866885292147245e+01
2.429556578158609170e+02 4.157091223244825073e+01 1.818331041292006134e+01
2.429479530307838786e+02 4.154730420677739033e+01 1.821312458126168110e+01
2.430074226876829186e+02 4.147293628125110132e+01 1.819142071300116470e+01
2.430643358369477198e+02 4.171234881342783751e+01 1.840526816883529193e+01
2.431253217673401821e+02 4.212345287210409595e+01 1.864877111322684300e+01
