2.471554037503742336e+02 6.221321067958522910e-01 1.824919032196608892e+00
2.469973056092316881e+02 3.835832675611681175e-01 1.840241678687096760e+00
2.468419018588574829e+02 3.715809814114253151e-01 1.799172631521650301e+00
2.467029366137767852e+02 3.541626976566965013e-01 1.797675747761478426e+00
2.467310235963312834e+02 3.510056337261518999e-01 1.829763492365892752e+00
2.468374384236453238e+02 3.860871458509103626e-01 1.824919032196608892e+00
2.468364858612524699e+02 4.165691424216857452e-01 1.822034128949731935e+00
2.468693628718395416e+02 4.564951147157281786e-01 1.839207468089159914e+00
2.469532972266826221e+02 4.789483711183082359e-01 1.949759137794954134e+00
2.469576245815529489e+02 4.956862531638679403e-01 2.017663228370029760e+00
2.469919712598318142e+02 4.723348665051846362e-01 1.987698337098222856e+00
2.469374574748931650e+02 4.551343112973899596e-01 1.927060936777073241e+00
2.466509267071278941e+02 3.177475981819666284e-01 1.593419154668916482e+00
2.465471518384454157e+02 2.183000843698119364e-01 1.487793593337506382e+00
2.465426611871648959e+02 1.902131018153117581e-01 1.384726342432572199e+00
2.465644612579266663e+02 2.147892115504994037e-01 1.455896361211659329e+00
2.465903981710802100e+02 2.224913588982935508e-01 1.451024684974008716e+00
2.466254252510682363e+02 2.252401818033366865e-01 1.502844079144326717e+00
2.466261328688457581e+02 2.621179544403015593e-01 1.636583839098603832e+00
2.466681816944724233e+02 2.834009199031107817e-01 1.723539177530413857e+00
2.466966497019840574e+02 2.911574993876384632e-01 1.777345344691505957e+00
2.467069645918950584e+02 2.843806983643142883e-01 1.792259750156492304e+00
2.466663037857551046e+02 3.020439267343439371e-01 1.842908853387039692e+00
2.467237569060773410e+02 2.998394251966360891e-01 1.840132814413629747e+00
2.467494488746155810e+02 3.066706583566937705e-01 1.888359687559535205e+00
2.467742154968293278e+02 3.389216993713088377e-01 1.891952208583947970e+00
2.468046702773317236e+02 3.565577116729717333e-01 1.918732819856843408e+00
2.468129983942519630e+02 3.584084043219116777e-01 1.936341616090139661e+00
2.468454399477451489e+02 3.979261355904525899e-01 2.008954086492665159e+00
2.468303622458699635e+02 3.722613831205944246e-01 1.923114606863892462e+00
2.468409492964646290e+02 3.646136679095338118e-01 1.951419317965326750e+00
2.468305255422801565e+02 3.769969790164112711e-01 1.904498816101026115e+00
2.468200201398906017e+02 3.667365212421413445e-01 1.889312249952371792e+00
2.464595433143728087e+02 2.204773698391530312e-01 1.636148382004735558e+00
2.464621288408676492e+02 1.632964102005824147e-01 1.505184661023868387e+00
2.464552431755708710e+02 1.454698854203521630e-01 1.386549819013145335e+00
2.465245352856326235e+02 1.538524344773154195e-01 1.415834308575783185e+00
2.465239365321285732e+02 1.600032659282040193e-01 1.474539368042892429e+00
2.465804370900579841e+02 1.738018125901532318e-01 1.557466728356421637e+00
2.466564787850747109e+02 2.241515390686661391e-01 1.663799907465367545e+00
2.466433062079852050e+02 2.419508477805296376e-01 1.724981629153852447e+00
2.466087418011593968e+02 2.283700296655145068e-01 1.682578994638434633e+00
2.466174781591051328e+02 1.988405954875758774e-01 1.576300247666222232e+00
2.466048771194513165e+02 1.875459271153689100e-01 1.604414446289089025e+00
2.466207713033775235e+02 1.882535448929047728e-01 1.576517976213156258e+00
2.466495114715728221e+02 2.009362327518166846e-01 1.633916664398660901e+00
2.466788503932721994e+02 2.132378956535938841e-01 1.662575184388863203e+00
2.467375554527392865e+02 2.567291729036823567e-01 1.741365702310644137e+00
2.467587295539286458e+02 2.621451705086683126e-01 1.765941812045831893e+00
2.467727458291375342e+02 2.745829137522793340e-01 1.773861687940560206e+00
2.467975668834880025e+02 3.096644258770377967e-01 1.797321938872710412e+00
2.468802765152545931e+02 3.376153280897041808e-01 1.890890781917644148e+00
2.469563726424080699e+02 3.590615899627139784e-01 1.971232615736330684e+00
2.469325041504504270e+02 3.775140843153798054e-01 1.939852488909452166e+00
2.468692812236344309e+02 3.020167106659771838e-01 1.817189668780448075e+00
2.466073809977410747e+02 2.049914269384644772e-01 1.549846229213727833e+00
2.466142122309011313e+02 1.874370628419018692e-01 1.484854257953895917e+00
2.466619764308848062e+02 1.853142095092942809e-01 1.510110769398252728e+00
2.467342895245352850e+02 2.334050023133658058e-01 1.627929129357972959e+00
2.468072558038265925e+02 2.767874152899871820e-01 1.826660860572081768e+00
2.468840051166208411e+02 2.940696187028821740e-01 1.889774923114606819e+00
2.469332662003646988e+02 3.297226682633426775e-01 1.911384481397817359e+00
2.469472280434368372e+02 3.562583349209373362e-01 1.944969109762403781e+00
2.469349263805350745e+02 3.425686525324551646e-01 1.951691478648994282e+00
2.468833519309800408e+02 3.310018234765805811e-01 1.863130392183545148e+00
2.468481887706501823e+02 3.363361728764662772e-01 1.838962523473858912e+00
2.468494407097950614e+02 3.630079198758947023e-01 1.880902484827041921e+00
2.468583131480826296e+02 3.682334050023133853e-01 1.914895354217129864e+00
2.468771738834607845e+02 4.000489889230601781e-01 1.922597501564923927e+00
2.469024848270418886e+02 3.863048743978444999e-01 1.946465993522575655e+00
2.469162833737038341e+02 4.181476743869580459e-01 1.991181993849168608e+00
2.469388999265166262e+02 4.405737147211714055e-01 2.012845984269112432e+00
2.469403423781400591e+02 4.211414419073020721e-01 1.963530468388536621e+00
2.469407234030971949e+02 4.165419263533189920e-01 1.995781509403151688e+00
2.469922434205154786e+02 4.232642952399096603e-01 1.999537326837764972e+00
2.469546308140326119e+02 4.331437280570448745e-01 1.985657131970715472e+00
2.469099692458427455e+02 3.560678224423699523e-01 1.913017445499822999e+00
2.467470538605992942e+02 2.606482867484963273e-01 1.762839180252020688e+00
2.467745693057181029e+02 2.392292409438532552e-01 1.700187790871730664e+00
2.467995536564787926e+02 2.837819448602454941e-01 1.762594235636719908e+00
2.468895844106360471e+02 3.061535530577252917e-01 1.893966197643088378e+00
2.469315515880576015e+02 3.509512015894183934e-01 1.991889611626704415e+00
2.469599107312957642e+02 4.012464959311977664e-01 1.990583240345099814e+00
2.470620526358762277e+02 4.547532863402553027e-01 2.266309228968783174e+00
2.470740277059576044e+02 4.351849331845521474e-01 2.265792123669814639e+00
2.470763138557004197e+02 4.409003075415725559e-01 2.253463244699670742e+00
2.470540511117764026e+02 4.305309854938355607e-01 2.206569958903736861e+00
2.470545137849386208e+02 4.310208747244372862e-01 2.143836921318346356e+00
2.470565822061344932e+02 4.551615273657567684e-01 2.148218708325395188e+00
2.470643660016874037e+02 4.438668589935497732e-01 2.181558392074681052e+00
2.471023596331274064e+02 4.793021800070761951e-01 2.207059848134338420e+00
2.470891326239011505e+02 5.080695642707454551e-01 2.149334567128432738e+00
2.470552486187845318e+02 5.126690798247285352e-01 2.155403750374221161e+00
2.470887515989440146e+02 5.532754538279399670e-01 2.192091010532618345e+00
2.470928340091990378e+02 5.040688022208311692e-01 2.189070026943907621e+00
2.470858122635603991e+02 4.849631222273630415e-01 2.132705549356340047e+00
2.470196772174291766e+02 3.957216340527447418e-01 1.881392374057643702e+00
2.468947010314889781e+02 3.313828484337152380e-01 1.806793130664344327e+00
2.468543940342378278e+02 2.908853387039708194e-01 1.753803445554255269e+00
2.468984840649919761e+02 3.066706583566937705e-01 1.749231146068638942e+00
2.469263533189995314e+02 3.471681680864382447e-01 1.869036279019132829e+00
2.469417576136951311e+02 4.040769670413412173e-01 1.920175271480281998e+00
2.469397980567727302e+02 4.465884658302261556e-01 1.941458236943091276e+00
2.470276515254606409e+02 4.719810576164167326e-01 2.081212748006422864e+00
2.470342105979370331e+02 4.629725389870179564e-01 2.080913371254388800e+00
2.470437090057970124e+02 4.576654056554990135e-01 2.060365239637481860e+00
2.470276515254606409e+02 4.558419290749258224e-01 2.077021473477941527e+00
2.470590316522875014e+02 4.806085512886808520e-01 2.127480064229921197e+00
2.471214925291892257e+02 5.289170726396864586e-01 2.234221484364368848e+00
2.471740739732738348e+02 6.462999755055384155e-01 2.301635685708842693e+00
2.472024603325803582e+02 6.783060719048525922e-01 2.361320523637155500e+00
2.471700732112238938e+02 6.921862667719020923e-01 2.363280080559562180e+00
2.471894510519010453e+02 7.236480418038809814e-01 2.363062352012628153e+00
2.471944860245488940e+02 7.437879323952861776e-01 2.372941784829763368e+00
2.471828375472879316e+02 7.417195111994121515e-01 2.381079389271425928e+00
2.471701004272922830e+02 7.182592602672618343e-01 2.348556187573143106e+00
2.471690390006259577e+02 7.064474865960863603e-01 2.264240807772909037e+00
2.471754075606237961e+02 6.235745584192907698e-01 2.260702718885229778e+00
2.468487603080859003e+02 4.924475410282230792e-01 1.952997849930599106e+00
2.468042892523746161e+02 3.884549437988188414e-01 1.765887379909098387e+00
2.469578695261682526e+02 3.479030019323408607e-01 1.862722151158043626e+00
2.470090629507661220e+02 4.022534904607680262e-01 1.812426856816264253e+00
2.470016601801703757e+02 4.753558500938954157e-01 1.950575619845956954e+00
2.471111232071415031e+02 5.800016329641020096e-01 2.206597174972103392e+00
2.471246768091881449e+02 6.183490732928721423e-01 2.177884222845167805e+00
2.471315352584165623e+02 6.178864001306371145e-01 2.222219198214625990e+00
2.471205943989331217e+02 6.422175652505238697e-01 2.200310263179380943e+00
2.471194241079933533e+02 6.309228968783169300e-01 2.188035816345970552e+00
2.470825463353563975e+02 5.865607054404921028e-01 2.094249244754102790e+00
2.470599025664752446e+02 5.970661078300628644e-01 2.057289823912037630e+00
2.470912282611653836e+02 6.284734507253082469e-01 2.095963857061208913e+00
2.470785183572381243e+02 6.465449201208393060e-01 2.137223416705222867e+00
2.470908472362082478e+02 6.464632719157390461e-01 2.159268432082301459e+00
2.471069047165446477e+02 6.438233132841629791e-01 2.159649457039436005e+00
2.470796886481778927e+02 6.544103638788341115e-01 2.116076531584247356e+00
2.471037748686824784e+02 6.573496992624445756e-01 2.129657349699262348e+00
2.470978417657785258e+02 6.649701984051383796e-01 2.152709359605911477e+00
2.471123751462863538e+02 6.746591187437063208e-01 2.119805132950494109e+00
2.471016247992814954e+02 6.587105026807826835e-01 2.077402498435076073e+00
2.470402525651144572e+02 5.968483792831287271e-01 1.950630051982690683e+00
2.468090792804071611e+02 4.162697656696513482e-01 1.730778651715973115e+00
2.467839588493046392e+02 3.383773780039735501e-01 1.614865416541926280e+00
2.468371118308249095e+02 3.393571564651770567e-01 1.644394850719864909e+00
