2.061845969724414545e+02 2.588148531504722527e+01 8.481249191357225925e+01
2.058210311812653686e+02 2.569362142579893771e+01 8.456026005951611069e+01
2.058695820934144081e+02 2.571917453745633253e+01 8.461744727649113429e+01
2.055908591020830727e+02 2.561553887954457309e+01 8.429722473799974125e+01
2.060609069737352854e+02 2.551943977228619431e+01 8.448706171561650535e+01
2.060852309483762497e+02 2.560942554017337258e+01 8.444355673437702592e+01
2.064360848751455535e+02 2.537145814465002047e+01 8.408031440031051318e+01
2.066236253072842430e+02 2.551174149307801642e+01 8.402173631776426532e+01
2.068196403156941301e+02 2.544197179454004498e+01 8.399294863501100394e+01
2.069024453357484674e+02 2.538167938931297840e+01 8.401740199249579177e+01
2.069727325656618007e+02 2.546377280372622565e+01 8.415134558157588174e+01
2.070216716263423393e+02 2.554648078664769173e+01 8.398861430974253039e+01
2.070214128606546637e+02 2.550462543666709792e+01 8.397544960538232317e+01
2.071866994436537652e+02 2.546273774097554821e+01 8.405385560874627515e+01
2.070633329020571978e+02 2.546823651183852988e+01 8.408413119420364978e+01
2.069234700478716604e+02 2.542347004787165332e+01 8.387213740458015820e+01
2.067654289041273046e+02 2.524285159787812205e+01 8.359393194462414556e+01
2.064986091344287615e+02 2.546348169232759773e+01 8.354709535515590346e+01
2.062858067020313229e+02 2.547777849657135363e+01 8.341538362013197627e+01
2.063250420494242405e+02 2.580689610557639924e+01 8.331307413636952219e+01
2.062336654159658451e+02 2.572218268857549361e+01 8.352319187475740137e+01
2.064069090438607930e+02 2.580016819769698699e+01 8.354994177772027797e+01
2.064619290982015798e+02 2.596862466037003614e+01 8.359124725061457184e+01
2.064807219562686100e+02 2.598136887048777410e+01 8.370704489584680630e+01
2.064866088756630802e+02 2.594226290593867290e+01 8.376316470436020722e+01
2.064490555052400111e+02 2.596325527235088515e+01 8.381123043084487279e+01
2.065139410014232055e+02 2.585887566308707619e+01 8.376659334972183046e+01
2.064976387631000136e+02 2.581249191357225925e+01 8.376465260706430627e+01
2.063988549618320576e+02 2.588976581705265900e+01 8.375682494501229769e+01
2.063276620520119025e+02 2.575844223056022742e+01 8.374964419717944963e+01
2.064564950187605064e+02 2.593983697761676765e+01 8.379450769827920453e+01
2.064845710958726954e+02 2.597127700866865041e+01 8.385696726614051499e+01
2.066252749385431571e+02 2.573644714710829362e+01 8.390952904644844068e+01
2.067728684176478282e+02 2.583820675378444776e+01 8.382711217492560252e+01
2.067820222538491350e+02 2.580275585457368237e+01 8.396445206365635272e+01
2.068385949023159469e+02 2.580683141415448389e+01 8.384548453875015639e+01
2.069018307672402557e+02 2.590141027299780063e+01 8.387860654677189132e+01
2.070270086686505238e+02 2.559386725320222666e+01 8.386747962220209729e+01
2.069845387501617324e+02 2.549268986932332837e+01 8.391389571742786302e+01
2.070355155906326843e+02 2.528451287359296273e+01 8.392686634752232067e+01
2.067573424763876346e+02 2.503787682753267063e+01 8.353179583387242246e+01
2.066190645620390853e+02 2.494129253460991080e+01 8.342554017337300820e+01
2.063274679777461529e+02 2.526484668133005584e+01 8.339105964549101202e+01
2.061763164704360065e+02 2.555304696597231384e+01 8.347693750808642221e+01
2.061947858713934636e+02 2.575262000258765838e+01 8.346027946694267996e+01
2.062756501487902767e+02 2.576138569025747316e+01 8.367718980463190803e+01
2.061648984344676023e+02 2.598515331866994416e+01 8.362734506404450485e+01
2.062444041920041400e+02 2.577034545219303752e+01 8.341942683400181124e+01
2.065245503946176768e+02 2.546322292663992926e+01 8.361256307413637501e+01
2.066535127442101043e+02 2.539203001681977057e+01 8.363886013714581225e+01
2.065895005822227972e+02 2.527849657135463701e+01 8.344465648854961159e+01
2.065826109457885877e+02 2.515231595290464384e+01 8.349450122913701478e+01
2.065675054987708563e+02 2.515813818087721643e+01 8.351002717039720835e+01
2.066883490749126793e+02 2.519174537456333240e+01 8.341700090567991310e+01
2.065623625307284215e+02 2.532617414930780342e+01 8.339917841894164496e+01
2.066622137404580144e+02 2.525336395393970790e+01 8.347823133652477168e+01
2.065873657652995234e+02 2.523107775908914618e+01 8.349175184370552927e+01
2.065200866865053797e+02 2.566269892612239545e+01 8.343543796092637876e+01
2.064599560098330926e+02 2.580993660240651977e+01 8.338814853150472572e+01
2.065879156423858092e+02 2.585172726096519469e+01 8.342334066502782264e+01
2.065026200025876619e+02 2.596710441195497410e+01 8.345672143873721893e+01
2.065531763488161516e+02 2.591059645491007757e+01 8.346642515202483992e+01
2.066037650407556043e+02 2.588831026005951585e+01 8.363229395782119013e+01
2.064404838918359530e+02 2.564898434467589539e+01 8.378021089403544863e+01
2.062077565014878928e+02 2.550976840470953633e+01 8.371765428904127759e+01
2.059757083710699987e+02 2.546539008927416248e+01 8.344924957950576072e+01
2.059396429033510287e+02 2.542984215293052230e+01 8.353651830767240938e+01
2.058781860525294292e+02 2.541221374045801440e+01 8.325698667356708427e+01
2.059663604606029139e+02 2.547923405356449678e+01 8.319986414801397245e+01
2.059448829085263242e+02 2.542841894164833860e+01 8.311201319705007506e+01
2.059372816664510424e+02 2.552577953163410385e+01 8.318417647819899230e+01
2.060661146331996463e+02 2.552225384913960582e+01 8.312944753525682984e+01
2.061718527623237094e+02 2.552742916289300013e+01 8.311466554534868578e+01
2.060418230042696450e+02 2.543841376633458395e+01 8.318139474705654379e+01
2.060596454910078990e+02 2.534791046707206519e+01 8.332358649243110449e+01
2.060368094190710337e+02 2.521027946694268351e+01 8.346121749256049327e+01
2.060878186052529486e+02 2.522900763358778775e+01 8.349505110622331472e+01
2.060784383490749008e+02 2.533762453098719192e+01 8.337048777332125837e+01
2.060984926898693175e+02 2.533542502264199925e+01 8.324615086039591461e+01
2.061684888083840121e+02 2.529137016431621277e+01 8.329712770086686646e+01
2.062367706042178668e+02 2.534030922499676564e+01 8.316638633717168716e+01
2.061315823521800894e+02 2.530362918876956968e+01 8.301639927545608089e+01
2.063171173502393572e+02 2.539930780178548275e+01 8.326138569025746961e+01
2.061993789623495843e+02 2.554825980075042224e+01 8.315270410143614299e+01
2.062805666968559990e+02 2.565661793246215439e+01 8.320830637857420697e+01
2.061687799197826507e+02 2.578140768534092331e+01 8.316868288264976172e+01
2.062858067020313229e+02 2.574437184629318054e+01 8.323715875274938014e+01
2.061038944235994279e+02 2.557860007762970511e+01 8.300850692198214631e+01
2.059028334842799950e+02 2.537161987320481416e+01 8.296079699831801690e+01
2.058263035321516270e+02 2.523735282701513682e+01 8.263795445723897615e+01
2.056898046319058153e+02 2.506931685858455339e+01 8.264474705654029663e+01
2.057968042437572649e+02 2.512433691292534732e+01 8.267738387889765761e+01
2.059334972182688546e+02 2.500048518566438105e+01 8.301882520377797903e+01
2.059465648854961728e+02 2.485379738646655312e+01 8.294497994565919896e+01
2.060333484279984475e+02 2.482345710958727025e+01 8.300430197955751055e+01
2.060633652477681323e+02 2.482048130417906506e+01 8.311938801914865849e+01
2.061717557251908488e+02 2.480314400310518863e+01 8.297396170267822413e+01
2.060617479622202097e+02 2.504965066632164650e+01 8.304641609522577994e+01
2.058950381679389352e+02 2.514057445982662742e+01 8.312119937896234489e+01
2.058522124466295793e+02 2.515800879803338219e+01 8.291146978910596488e+01
2.057531051882520501e+02 2.520225773062491825e+01 8.290409496700738146e+01
2.057329861560357074e+02 2.521448440936731927e+01 8.287281666451028173e+01
2.058516625695432651e+02 2.510751714322680783e+01 8.304253460991073155e+01
2.058819381550006540e+02 2.495914736705912773e+01 8.289005692845128692e+01
2.060338012679518727e+02 2.491738905421141226e+01 8.302953163410531090e+01
2.061399275456074633e+02 2.500456074524517902e+01 8.298272739034804601e+01
2.062179130547289390e+02 2.504783930650795654e+01 8.286751196791306029e+01
2.062244468883426123e+02 2.508115538879544459e+01 8.296516366929745345e+01
2.061160564109199242e+02 2.511809419071031257e+01 8.307488032086945395e+01
2.061433238452581236e+02 2.522574071678095464e+01 8.330301462026135084e+01
2.061818799327209319e+02 2.517463449346616500e+01 8.336311295122267495e+01
2.062590567990684463e+02 2.529246991848880910e+01 8.329971535774356539e+01
2.061681330055634760e+02 2.544501229137016551e+01 8.323165998188639492e+01
2.060092832190451588e+02 2.541124336912925230e+01 8.318488808384007882e+01
2.057835748479751601e+02 2.516308707465390171e+01 8.278451287359295918e+01
2.056133393711993733e+02 2.510664380903092407e+01 8.257633587786259000e+01
2.054129900375210127e+02 2.516454263164704486e+01 8.251636692974511789e+01
2.055422758442230702e+02 2.498175701901927681e+01 8.249013455815759244e+01
2.056665157200155249e+02 2.484706947858714088e+01 8.264018631129512471e+01
2.057523288911890234e+02 2.480291758312847605e+01 8.261266011126924980e+01
2.057276167680165599e+02 2.474061974382196993e+01 8.275963902186569499e+01
2.058869193944883023e+02 2.488772803726226002e+01 8.282863242334066456e+01
2.059156423858196376e+02 2.481928451287359394e+01 8.276927804373140418e+01
2.058981757019019199e+02 2.490991719497994694e+01 8.263701643162116284e+01
2.058071872169750236e+02 2.483933885366800354e+01 8.277047483503687886e+01
2.057512614827273865e+02 2.482510674084616298e+01 8.275585457368353559e+01
2.057247379997412224e+02 2.474569802044248945e+01 8.283128477163927528e+01
2.057225708371069857e+02 2.503978522447923538e+01 8.266538362013197627e+01
2.056056410919912025e+02 2.512893000388148579e+01 8.259470824168715808e+01
2.055566696855997009e+02 2.538374951481433683e+01 8.259852503558028047e+01
2.056603376892224162e+02 2.530514943718462817e+01 8.267563721050588299e+01
2.057257407167809617e+02 2.529411954974770183e+01 8.278596843058610943e+01
2.058400828050200460e+02 2.516179324621555224e+01 8.273686764135075578e+01
2.059484409367317994e+02 2.510877862595419785e+01 8.277180100918617711e+01
2.058882455686375863e+02 2.502364471471083007e+01 8.273424763876309385e+01
2.059569155130029685e+02 2.495921205848104663e+01 8.278412472506146003e+01
2.060045283995342231e+02 2.506912278431880026e+01 8.299459826626988956e+01
2.058127506792599206e+02 2.473098072195626784e+01 8.310163022383231635e+01
2.055760771121749144e+02 2.450291111398628630e+01 8.307196920688316766e+01
2.055776943977228655e+02 2.429528399534221705e+01 8.303761806184499505e+01
2.056365959373787007e+02 2.431278302497088717e+01 8.306200672790788531e+01
2.055138116185793820e+02 2.439746409626083690e+01 8.298712640703843135e+01
2.056626018889895136e+02 2.454580152671755755e+01 8.285881097166515019e+01
2.054959891318411280e+02 2.475048518566438105e+01 8.271432268081252914e+01
2.055843576141803624e+02 2.473880838400827997e+01 8.269488290852632417e+01
2.054189093026264743e+02 2.498114245051106153e+01 8.263455815758830170e+01
2.055345128735929734e+02 2.491350756889636386e+01 8.259234700478717173e+01
2.054293569672661306e+02 2.487766852115409577e+01 8.280971018242981074e+01
2.054641609522577426e+02 2.482449217233794769e+01 8.279285806702031891e+01
2.054654224349851290e+02 2.485441195497477196e+01 8.276872816664510424e+01
2.054185858455168727e+02 2.474961185146849374e+01 8.279356967266140543e+01
2.053928710053046984e+02 2.472247379997412509e+01 8.275588691939448438e+01
2.055701901927804442e+02 2.468045672143873759e+01 8.270491007892353252e+01
2.057918230042696450e+02 2.453228101953681062e+01 8.271015008409884217e+01
2.058912537197567474e+02 2.429395782119290814e+01 8.259930133264329299e+01
2.059176801656100508e+02 2.423081899340147416e+01 8.267722215034287103e+01
2.059533574847975217e+02 2.421940095743304511e+01 8.271222020960020416e+01
2.058518889895199777e+02 2.450899210764652736e+01 8.289471471082934784e+01
2.058042114115668255e+02 2.502180100918618066e+01 8.309328503040497083e+01
2.056447147108293336e+02 2.512576012420753102e+01 8.292741622460862061e+01
2.056854056152154158e+02 2.519659723120714290e+01 8.285030404968301809e+01
2.055466425152024783e+02 2.521454910078923461e+01 8.290131323586491874e+01
2.053569025747185890e+02 2.481220080217363133e+01 8.259761935567344437e+01
2.051592379350498163e+02 2.476310001293828478e+01 8.258539267693103625e+01
2.051008215810583408e+02 2.470623625307284144e+01 8.241493078017855112e+01
2.052253202225384996e+02 2.465464484409367429e+01 8.260302108940354060e+01
2.052332125760124200e+02 2.468692586363048136e+01 8.266208435761417661e+01
2.052791111398628630e+02 2.462372234441713204e+01 8.241661275714839974e+01
2.052959309095614060e+02 2.460780825462543575e+01 8.235159787812136756e+01
2.053060227713805261e+02 2.474236641221374100e+01 8.233937119937895943e+01
2.052999094320093150e+02 2.469543278561262767e+01 8.220471600465778295e+01
2.053819058092896910e+02 2.468779919782636867e+01 8.213721050588691242e+01
2.053759218527623318e+02 2.468492042955104182e+01 8.218692586363047781e+01
2.052515202484150620e+02 2.464083322551429589e+01 8.226086815888213266e+01
2.052377086298356801e+02 2.455246474317505445e+01 8.237423987579246898e+01
2.051744404192004083e+02 2.465652089532927960e+01 8.222011256307413873e+01
2.052726743433820786e+02 2.471099107258377714e+01 8.219514167421399975e+01
2.053889248285677240e+02 2.456857290723250031e+01 8.241069349204295236e+01
2.054293569672661306e+02 2.455586104282572180e+01 8.249556863759865166e+01
2.054279014102729946e+02 2.460729072325009881e+01 8.239775520765945771e+01
2.056038620778884649e+02 2.441353991460732331e+01 8.254709535515590346e+01
2.057013843964290345e+02 2.455265881744080758e+01 8.261841764781989639e+01
2.056599495406909170e+02 2.439199767110881112e+01 8.251727260965195399e+01
2.057137728037262150e+02 2.443291499547159873e+01 8.247629059386724748e+01
2.057295575106740841e+02 2.438840729719239064e+01 8.247703454521929700e+01
2.057598330961314446e+02 2.442676931038944232e+01 8.257821192909820240e+01
2.056678418941648374e+02 2.428891189028334807e+01 8.238672532022253847e+01
2.054137339888730764e+02 2.427493854314917954e+01 8.232944106611464008e+01
2.051044766463966766e+02 2.430168844611204548e+01 8.224844740587397496e+01
2.049574330443783197e+02 2.422910467072066254e+01 8.216829473411826257e+01
2.050790205718721779e+02 2.423770862983568364e+01 8.222360589985767376e+01
2.050120972958985703e+02 2.430372622590244447e+01 8.224815629447535059e+01
2.050802820545995644e+02 2.432814723767628351e+01 8.226513779272868021e+01
2.051240134558157706e+02 2.423224220468365786e+01 8.223964937249320428e+01
2.052935373269504566e+02 2.422910467072066254e+01 8.239251520248414806e+01
2.053737870358390580e+02 2.421361107517143196e+01 8.236327467977746153e+01
2.054715681200672748e+02 2.417945400439901604e+01 8.250485185664381049e+01
2.054318475870099689e+02 2.439827273903480531e+01 8.254411954974770538e+01
2.055526264717298375e+02 2.429667486091344131e+01 8.271888342605770106e+01
2.054837624530987057e+02 2.439963125889507012e+01 8.250459309095613492e+01
2.054883878897658178e+02 2.425064691421917473e+01 8.273887307543019176e+01
2.054087204036744652e+02 2.441117867770733696e+01 8.247842541079053547e+01
2.053211605641091921e+02 2.473761159270280885e+01 8.237482209858973192e+01
2.052412343123301923e+02 2.471228490102212305e+01 8.243087721568120685e+01
2.053601694915254257e+02 2.474323974640962476e+01 8.247942812783024635e+01
2.054120196661922648e+02 2.492799844740587289e+01 8.227028076077111507e+01
2.054330767240263924e+02 2.494837624530987341e+01 8.219889377668521036e+01
2.053946176736964730e+02 2.492169103376892281e+01 8.216577176866347543e+01
2.054597295898563800e+02 2.489995471600465748e+01 8.217000905679907419e+01
2.055393647302367697e+02 2.487326950446370688e+01 8.222502911113986102e+01
2.054914283865959419e+02 2.489028334842799950e+01 8.236405097684047405e+01
2.055587721568120116e+02 2.493970759477293342e+01 8.233691292534609829e+01
2.055421141156682552e+02 2.496454910078923461e+01 8.243359425540172936e+01
2.052440807348945668e+02 2.498644714710829362e+01 8.209250873334195830e+01
2.050093479104670848e+02 2.489012161987320582e+01 8.190215422434985726e+01
2.048573554146720141e+02 2.483419588562556513e+01 8.189691421917453340e+01
2.047798874369258613e+02 2.483151119161599141e+01 8.171082934402897990e+01
2.050112239617026830e+02 2.442353473929356866e+01 8.188957174278691298e+01
2.052409755466425167e+02 2.422273256566179356e+01 8.222008021736317573e+01
2.052532669168068367e+02 2.425475481951093215e+01 8.210072454392548025e+01
2.052908202872299057e+02 2.436055764005692836e+01 8.215225126148273205e+01
2.052762323715875254e+02 2.434975417259671460e+01 8.206753784448181932e+01
2.053706171561650820e+02 2.412925346099107315e+01 8.239969595031698191e+01
2.053784448182171047e+02 2.411175443136240304e+01 8.225371975676024761e+01
2.053193168585845569e+02 2.417466683917712444e+01 8.221496959503170388e+01
2.051517984215292927e+02 2.418035968430586280e+01 8.214542631647043436e+01
2.052531051882520501e+02 2.421613404062621200e+01 8.230938672532022338e+01
2.053019795575106627e+02 2.423499159011515047e+01 8.236042825721308702e+01
2.053313494630612013e+02 2.426992495795057536e+01 8.234325268469400783e+01
2.053041143744339365e+02 2.434642256436796615e+01 8.228732695044637069e+01
2.053370746539008849e+02 2.447732565661793203e+01 8.232481562944754216e+01
2.053095161081640470e+02 2.439626730495536222e+01 8.240296286712381857e+01
2.054065855867511914e+02 2.475316987967395477e+01 8.221244662957691673e+01
2.052963514038038682e+02 2.485379738646655312e+01 8.228205459956009804e+01
2.052731271833355038e+02 2.497441454263164573e+01 8.216968559968948682e+01
2.052850950963902221e+02 2.489219174537456425e+01 8.221655453486867771e+01
2.053176672273256429e+02 2.493375598395652659e+01 8.237297839306508251e+01
2.054435567343770117e+02 2.489516755078276589e+01 8.242463449346617210e+01
2.053082222797256975e+02 2.481737611592702919e+01 8.205534351145038841e+01
2.051116897399404877e+02 2.453622719627377435e+01 8.186951740199249627e+01
2.049589856385043447e+02 2.431100401086816021e+01 8.206342993919005835e+01
2.049141868288265016e+02 2.426639927545607378e+01 8.179314917841894328e+01
2.048524065208953289e+02 2.446522836071936879e+01 8.184017984215293495e+01
2.048731724673308179e+02 2.446758959761935515e+01 8.172800491654805910e+01
2.049016366929745061e+02 2.447169750291111257e+01 8.190720015525941733e+01
2.050699637728037317e+02 2.445235476775779659e+01 8.187155518178289526e+01
2.051620843576141908e+02 2.452694397722861908e+01 8.207400698667356664e+01
2.050441518954586684e+02 2.468634364083322552e+01 8.200737482209858342e+01
2.050531763488161516e+02 2.464067149695950221e+01 8.196726614050976423e+01
2.049819187475740705e+02 2.465393323845258067e+01 8.185234182947341708e+01
2.050011320998835629e+02 2.475798939060680581e+01 8.183164057445982564e+01
2.048976258248156341e+02 2.479444300685728919e+01 8.190422434985120503e+01
2.049593090956139179e+02 2.467185276232371649e+01 8.205136498900246522e+01
2.050309548453874982e+02 2.441159917194979911e+01 8.212601888989520660e+01
2.052814076853409233e+02 2.441819769698538067e+01 8.228066373398887379e+01
2.053375921852762360e+02 2.432840600336395553e+01 8.213708112304308884e+01
2.053875986544184116e+02 2.432830896623107719e+01 8.227687928580670018e+01
2.053701643162116568e+02 2.470054340794410663e+01 8.225740716780954642e+01
2.052855155906326843e+02 2.474087850950963841e+01 8.217427869064562174e+01
2.053565791176090158e+02 2.488281148919653418e+01 8.208665415965842271e+01
2.053587139345322896e+02 2.490661793246215439e+01 8.209480527882003287e+01
2.053326432914995507e+02 2.483878897658170359e+01 8.209182947341182057e+01
2.055295316341053251e+02 2.468291499547159873e+01 8.220044637081123540e+01
2.057254496053823232e+02 2.430159140897917069e+01 8.244310389442360076e+01
2.056759283219045074e+02 2.413096778367188477e+01 8.239555569931427215e+01
2.055373269504463849e+02 2.401255013585198483e+01 8.236524776814594873e+01
2.054190710311812609e+02 2.377720274291628755e+01 8.214904903609780717e+01
2.050844546513132229e+02 2.400113209988355578e+01 8.183225514296803738e+01
2.047795316341053251e+02 2.435787294604735465e+01 8.163876310001293746e+01
2.049013132358649329e+02 2.435949023159529148e+01 8.179143485573813166e+01
2.049017337301073951e+02 2.444465648854961870e+01 8.166962090826756082e+01
2.049876115927028195e+02 2.462546901280890310e+01 8.174078147237676717e+01
2.048664769051623864e+02 2.457766205201190246e+01 8.184189416483374657e+01
2.049063268210635158e+02 2.446813947470565509e+01 8.207193686117220466e+01
2.049732824427480864e+02 2.458312847716392824e+01 8.219333031440031334e+01
2.050335425022641971e+02 2.454825980075042224e+01 8.226449087850950548e+01
2.049356320351921283e+02 2.441506016302238180e+01 8.224411308060551562e+01
2.047849010221244725e+02 2.462618061844999318e+01 8.205996894811748632e+01
2.048423793504981347e+02 2.480139733471341756e+01 8.208018501746668960e+01
2.047751002717039626e+02 2.481297709923664030e+01 8.207478328373657916e+01
2.048291176090050385e+02 2.488779272868417536e+01 8.202296545478070300e+01
2.048988549618320576e+02 2.493631129512226607e+01 8.211343640833224811e+01
2.048312524259283123e+02 2.480676672273256500e+01 8.199459826626988956e+01
2.049864471471082936e+02 2.486172208565144359e+01 8.194504463708112496e+01
2.050772739034804033e+02 2.485253590373916310e+01 8.190939966360460289e+01
2.051443265622978345e+02 2.495096390218656879e+01 8.203515978781213391e+01
2.052277138051494489e+02 2.488517272609652053e+01 8.190011644455945827e+01
2.051624725061456900e+02 2.492977746150860341e+01 8.231168327079829794e+01
2.052850950963902221e+02 2.506288006210376551e+01 8.222648466813301127e+01
2.052890089274162335e+02 2.509292922758442401e+01 8.235227713805149108e+01
2.053520830637857557e+02 2.503454521930391863e+01 8.256614697891059507e+01
2.053892806313882886e+02 2.502632940872040379e+01 8.265487126407037977e+01
2.052928580670203189e+02 2.487935049812394794e+01 8.244255401733730082e+01
2.050844546513132229e+02 2.474537456333290208e+01 8.224961185146850084e+01
2.049246021477551949e+02 2.450601630223832217e+01 8.212491913572260671e+01
2.047739034803985021e+02 2.438963643420882477e+01 8.193634364083322907e+01
2.049262841247250719e+02 2.438294087204036842e+01 8.192431103635658474e+01
2.049185858455168727e+02 2.451559063268210537e+01 8.202733212576012534e+01
2.049258959761935444e+02 2.448932591538362047e+01 8.201106223314788224e+01
2.050445723897011305e+02 2.467809548453875124e+01 8.200857161340405810e+01
2.049344675895976309e+02 2.468026264717298446e+01 8.194465648854961159e+01
2.049129900375210127e+02 2.470584810454133873e+01 8.199666839177125155e+01
2.051532863242334201e+02 2.432669168068314036e+01 8.217117350239358586e+01
2.052401992495795184e+02 2.431553241040237978e+01 8.210240652089532887e+01
2.053340988484926868e+02 2.431879932720921289e+01 8.215687669814982996e+01
2.052065273644714694e+02 2.414749644197179279e+01 8.209661663863371928e+01
2.052538814853150484e+02 2.405699314270927758e+01 8.217767499029628198e+01
2.052614503816793956e+02 2.428131064820804852e+01 8.232876180618450235e+01
2.052487385172726135e+02 2.437986802949928844e+01 8.241797127700867520e+01
2.052846099107258340e+02 2.459060033639539355e+01 8.263607840600336374e+01
2.052901733730107310e+02 2.457568896364342237e+01 8.263491396040885206e+01
2.052644585327985567e+02 2.475378444818217005e+01 8.243579376374692913e+01
2.051605641091991288e+02 2.514584681071290007e+01 8.217036485961961034e+01
2.050494565920558898e+02 2.539248285677319217e+01 8.199550394617673987e+01
2.050681524129900311e+02 2.559965713546383625e+01 8.212857420106094253e+01
2.050312459567861367e+02 2.564917841894164852e+01 8.211304825980074895e+01
2.050369388019148573e+02 2.550857161340406165e+01 8.214380903092249753e+01
2.052774938543149119e+02 2.531097166515720076e+01 8.247357355414672497e+01
2.054287100530469559e+02 2.499757407167809475e+01 8.244970241945918588e+01
2.054146073230689638e+02 2.473450640445076942e+01 8.254673955233536731e+01
2.052728037262259022e+02 2.460237417518436942e+01 8.225999482468624535e+01
2.051087462802432526e+02 2.439814335619096752e+01 8.207659464355026557e+01
2.050113209988355436e+02 2.430624919135722450e+01 8.201956915513002855e+01
2.049744792340535753e+02 2.429570448958468276e+01 8.195814465001940619e+01
2.049690451546125018e+02 2.431582352180100770e+01 8.199857678871781275e+01
2.050516237546901266e+02 2.438035321516366949e+01 8.184629318152413191e+01
2.051768340018113577e+02 2.434289688187346457e+01 8.201960150084099155e+01
2.051792275844223070e+02 2.445953551559063399e+01 8.206077759089144763e+01
2.052436278949411417e+02 2.464804631905809273e+01 8.200899210764652025e+01
2.052439836977616778e+02 2.470031698796739406e+01 8.205996894811748632e+01
2.052195303402768900e+02 2.474864148013973519e+01 8.198741751843705572e+01
2.050721632811489314e+02 2.482530081511191611e+01 8.191942683400181124e+01
2.050174019924957918e+02 2.484286453616250512e+01 8.231566179324622112e+01
2.049578535386207818e+02 2.493728166645102817e+01 8.222160046577823778e+01
2.048978845905033097e+02 2.507740328632423399e+01 8.220452193039203337e+01
2.049418424116962001e+02 2.504728942942166015e+01 8.245225773062492181e+01
2.050601630223832217e+02 2.505524647431750651e+01 8.243301203260448062e+01
2.051305472894294155e+02 2.488064432656229741e+01 8.239115668262388681e+01
2.053917389054211355e+02 2.453538620778884649e+01 8.259535515590633281e+01
2.054420041402510151e+02 2.455369388019148502e+01 8.275255531116573593e+01
2.056049294863501018e+02 2.458228748867900038e+01 8.275080864277396131e+01
2.055961961443912571e+02 2.465677966101694807e+01 8.273120714193298397e+01
2.055511385690257384e+02 2.493883426057704611e+01 8.257484797515849095e+01
2.055409173243627947e+02 2.514862854185534857e+01 8.257171044119549208e+01
2.055407555958080081e+02 2.519643550265234921e+01 8.275524000517530965e+01
2.055521736317764123e+02 2.523550912149049097e+01 8.263691939448828805e+01
2.055627830249708836e+02 2.531721438737223551e+01 8.286026652865830044e+01
2.055400439901669074e+02 2.511356579117608945e+01 8.246526070643032824e+01
2.052576659334972078e+02 2.481702031310648238e+01 8.223482986156035679e+01
2.050416289300038954e+02 2.466703325139086544e+01 8.206860525294345621e+01
2.050229978004916518e+02 2.464393841376633532e+01 8.194009574330443968e+01
2.049076529952128283e+02 2.460302108940354415e+01 8.197819899081382289e+01
2.050629770992366332e+02 2.446694268340018041e+01 8.227429162893000125e+01
2.052034221762194193e+02 2.449993530857808111e+01 8.216654806572648795e+01
2.052094061327468069e+02 2.437404580152671585e+01 8.225307284254107287e+01
2.051798421529305188e+02 2.429978004916548073e+01 8.231032475093802248e+01
2.050695756242722325e+02 2.444604735412084295e+01 8.243268857549489326e+01
2.051329732177513279e+02 2.454528399534221705e+01 8.237608358131711839e+01
2.052571807478328481e+02 2.430175313753396438e+01 8.237346357872945646e+01
2.051594967007374919e+02 2.425950963902186430e+01 8.232598007504205384e+01
2.052353150472247307e+02 2.449249579505757524e+01 8.222379997412343755e+01
2.051840794410661033e+02 2.436430974252814252e+01 8.232471859231465316e+01
2.052358649243110449e+02 2.444514167421399975e+01 8.243310906973735541e+01
2.052173308319316902e+02 2.456430327338594921e+01 8.235418553499805228e+01
2.052644585327985567e+02 2.454725708371070070e+01 8.230340276879286421e+01
2.054030922499676421e+02 2.458781860525294505e+01 8.219772933109069868e+01
2.054614439125371916e+02 2.466279596325527379e+01 8.223094837624530840e+01
2.054457885884331745e+02 2.469349204295510347e+01 8.234060033639539711e+01
2.054179389312976980e+02 2.461786777073360000e+01 8.258131711735023828e+01
2.055580282054599479e+02 2.472441454263164573e+01 8.272286194850562424e+01
2.057083710699961046e+02 2.490726484668132912e+01 8.272671108810970964e+01
2.055623301850174585e+02 2.495963255272350878e+01 8.257902057187216371e+01
2.056623754690128010e+02 2.474805925734247580e+01 8.274353085780825268e+01
2.057020313106482092e+02 2.459975417259671460e+01 8.288019148660887936e+01
2.058475223185405696e+02 2.466189028334842703e+01 8.290073101306767001e+01
2.058363307025488496e+02 2.456210376504075654e+01 8.310153318669944156e+01
2.056851791952387032e+02 2.442605770474834870e+01 8.295778884719885582e+01
2.052742592832190383e+02 2.462601888989519949e+01 8.264329149954716058e+01
2.050075688963643472e+02 2.440768534092379483e+01 8.220096390218657234e+01
2.050294345969724361e+02 2.441234312330184864e+01 8.202704101436150097e+01
2.050278496571354765e+02 2.442023547677577966e+01 8.197742269375081037e+01
2.049986091344287615e+02 2.463135593220339103e+01 8.205550524000517498e+01
2.049997088886013614e+02 2.472661405097684195e+01 8.214720533057317198e+01
2.050120326044766443e+02 2.461540949670073886e+01 8.208099366024065091e+01
2.051713352309483867e+02 2.480611980851339027e+01 8.222037132876180010e+01
2.050981692327597443e+02 2.478347781084228174e+01 8.240794410661146685e+01
2.050974252814076806e+02 2.493834907491266506e+01 8.222095355155906304e+01
2.050977487385172822e+02 2.473809677836718990e+01 8.236372751973088668e+01
2.051593349721826769e+02 2.479279337559839647e+01 8.229570448958467921e+01
2.051248867900116579e+02 2.466007892353474062e+01 8.224055505240005459e+01
2.052115732953810436e+02 2.457061068702289930e+01 8.240558286971148050e+01
2.052198537973864632e+02 2.455896623107775767e+01 8.247428515978781149e+01
2.050412731271833309e+02 2.491195497477034593e+01 8.249780049165480023e+01
2.050302108940354628e+02 2.517376115927028124e+01 8.249433950058222820e+01
2.051200996247897592e+02 2.531973735282701554e+01 8.253648596196144638e+01
2.051003687411049157e+02 2.535179195238711358e+01 8.251018889895199493e+01
2.051729525164963093e+02 2.556692327597360759e+01 8.260887566308707619e+01
2.052699249579505647e+02 2.522075947729330991e+01 8.278577435632034565e+01
2.054086557122525676e+02 2.513892482856773114e+01 8.261783542502264766e+01
2.055355479363436473e+02 2.500229654547807101e+01 8.266926510544702467e+01
2.056544831155388806e+02 2.495772415577694403e+01 8.276264717298485607e+01
2.057356385043343323e+02 2.500394617673696374e+01 8.269177772027428830e+01
2.059067473153059780e+02 2.472257083710699987e+01 8.273744986414801872e+01
2.061339759347910388e+02 2.473508862724802526e+01 8.276843705524647987e+01
2.061661922629059518e+02 2.482352180100918559e+01 8.269404192004139986e+01
2.060304049683012124e+02 2.463536680036227366e+01 8.257261612110234239e+01
2.058096778367188620e+02 2.438685470306637271e+01 8.226394100142320553e+01
2.053968818734635704e+02 2.455188252037779861e+01 8.233067020313106354e+01
2.051574265752361157e+02 2.494853797386466709e+01 8.227002199508345370e+01
2.049949864148013887e+02 2.497493207400698623e+01 8.242706042178807024e+01
2.051580734894552904e+02 2.503451287359296273e+01 8.252228619485056527e+01
2.051410596454909978e+02 2.512381938155000682e+01 8.248075430197955882e+01
2.053594255401733619e+02 2.496817182041661098e+01 8.268776685211541633e+01
2.056107517143226744e+02 2.482834131194203664e+01 8.262750679259930564e+01
2.058391124336912981e+02 2.489367964807866329e+01 8.269271574589210161e+01
2.058565467718980528e+02 2.493006857290723133e+01 8.282423340665027922e+01
2.058277590891447915e+02 2.505369388019148502e+01 8.297163281148920078e+01
2.058366218139474597e+02 2.497218268857549361e+01 8.285130676672272898e+01
2.057565661793246079e+02 2.491852115409496804e+01 8.304192004140250560e+01
2.058852050718074906e+02 2.481753784448182287e+01 8.295633329020571978e+01
2.060352568249450087e+02 2.478648596196144283e+01 8.297900763358778420e+01
2.060374886790011715e+02 2.481799068443524448e+01 8.310357096648984054e+01
2.061272803726225789e+02 2.491114633199637751e+01 8.294643550265234921e+01
2.061111722085651365e+02 2.486042825721309413e+01 8.279648078664769173e+01
2.062029693362660225e+02 2.486046060292405357e+01 8.300029111139862437e+01
2.063666709794281360e+02 2.493094190710311864e+01 8.293614956656747950e+01
2.064515784706947841e+02 2.485599689481174934e+01 8.299178418941647806e+01
2.064390283348427886e+02 2.482701513779272773e+01 8.353503040496829612e+01
2.064927869064562174e+02 2.493165351274420871e+01 8.346277008668650410e+01
2.065339306507956962e+02 2.491441324880320707e+01 8.357209858972700545e+01
2.065304696597231100e+02 2.484687540432138775e+01 8.337905938672531647e+01
2.066259541984732948e+02 2.496380514943718509e+01 8.347920170785353378e+01
2.066083904774226880e+02 2.510224479234053518e+01 8.338345840341570181e+01
2.063641803596842976e+02 2.510483244921723411e+01 8.298237158752749565e+01
2.060513002975805534e+02 2.495529822745503878e+01 8.283028205459956439e+01
2.058812588950705162e+02 2.482792081769957449e+01 8.271691033768922807e+01
2.057755207659464247e+02 2.482177513261741453e+01 8.261919394488290891e+01
2.059071354638375055e+02 2.484137663345840252e+01 8.267877474446888186e+01
2.059452063656359257e+02 2.496820416612757043e+01 8.263216457497735234e+01
2.059919135722603301e+02 2.488578729460473582e+01 8.282371587527494228e+01
2.061168003622719596e+02 2.498877603829732053e+01 8.291871522836072472e+01
2.061689093026264743e+02 2.522017725449605408e+01 8.277791434855738828e+01
2.060550200543407868e+02 2.534939836977616778e+01 8.291839177125113736e+01
2.059944041920041400e+02 2.545833872428515932e+01 8.282834131194204019e+01
2.058097748738517225e+02 2.549754172596713531e+01 8.272043602018372610e+01
2.057198537973864632e+02 2.555650795704489653e+01 8.268967524906197752e+01
2.058409561392159333e+02 2.556976969853797499e+01 8.286916159917194591e+01
2.058468107128994689e+02 2.553147237676284220e+01 8.275879803338077068e+01
2.059480204424893373e+02 2.545455427610298926e+01 8.300608099366023396e+01
2.060496183206106764e+02 2.544860266528658244e+01 8.293724932074006517e+01
2.060966166386337193e+02 2.552144520636563740e+01 8.294436537715098723e+01
2.060858455168844614e+02 2.554884202354767808e+01 8.304835683788328993e+01
2.058989519989649466e+02 2.573825850692198358e+01 8.293246215551818068e+01
2.060235800232889005e+02 2.591024065208953431e+01 8.306077759089144763e+01
2.060690904386078444e+02 2.593821969206883082e+01 8.320701255013585751e+01
2.060765299521283396e+02 2.599019924957950423e+01 8.318220338983050510e+01
2.061978263682235877e+02 2.604120843576141908e+01 8.340658558675119139e+01
2.064299068443524448e+02 2.548884072971923942e+01 8.332895588045025193e+01
2.065605188252037863e+02 2.540852632940871914e+01 8.325190839694656120e+01
2.066304179065855919e+02 2.514063915124854276e+01 8.349873851727261354e+01
2.065444430068572785e+02 2.501109457885884169e+01 8.338300556346229087e+01
2.061543860784059916e+02 2.479699831802302867e+01 8.305304696597231384e+01
2.058654094967007495e+02 2.489012161987320582e+01 8.280686375986543624e+01
2.057483180230301514e+02 2.493462931815241390e+01 8.257507439513520353e+01
2.056995406909043993e+02 2.494245698020442603e+01 8.264416483374304789e+01
2.057521995083451998e+02 2.505020054340794289e+01 8.270254884202354617e+01
2.057327273903480318e+02 2.511036356579117523e+01 8.286398628541854805e+01
2.057241881226549367e+02 2.498816146978910524e+01 8.293424116962090409e+01
2.058754690128089067e+02 2.501960150084098800e+01 8.303512744210117091e+01
2.061478198990813837e+02 2.497580540820287354e+01 8.318078017854831785e+01
2.061183529563979846e+02 2.493815500064691548e+01 8.333749514814336123e+01
2.059599236641221296e+02 2.505673437702160555e+01 8.326255013585198128e+01
2.059964743175054878e+02 2.509926898693233355e+01 8.304411954974770538e+01
2.059605382326303413e+02 2.493120067279078711e+01 8.323204813041790828e+01
2.059292275844223070e+02 2.510347392935696575e+01 8.318928710053046416e+01
2.059235023935826234e+02 2.515930262647172810e+01 8.327639410014232624e+01
2.060029111139862721e+02 2.516502781731142591e+01 8.340302755854573036e+01
2.060316017596066729e+02 2.514746409626083690e+01 8.344375080864277550e+01
2.061225902445335691e+02 2.529276102988743702e+01 8.341027299780049020e+01
2.060251649631258886e+02 2.530100918618191130e+01 8.336479492819252357e+01
2.061479492819252073e+02 2.524323974640962476e+01 8.350705136498899606e+01
2.063207400698667300e+02 2.526717557251908275e+01 8.358034674602147618e+01
2.063807090179842021e+02 2.525038814853150626e+01 8.351698149825332962e+01
2.063749838271445185e+02 2.530388795445723815e+01 8.368485573812913003e+01
2.064416483374304505e+02 2.524003752102471054e+01 8.348732048130418093e+01
2.066492431103635568e+02 2.522858713934532204e+01 8.358885366800362249e+01
2.066642838659593622e+02 2.525659852503558156e+01 8.371105576400569248e+01
2.063486867641350671e+02 2.562100530469659887e+01 8.357222797257084324e+01
2.060901474964419720e+02 2.573295381032475149e+01 8.315163669297450610e+01
2.059880644326562162e+02 2.565399792987449956e+01 8.317638116185793251e+01
2.060471600465778295e+02 2.581834648725579129e+01 8.314329149954716058e+01
2.061086815888213266e+02 2.574715357743563260e+01 8.315833225514296601e+01
2.061973088368482365e+02 2.553519213352309336e+01 8.339089791693621123e+01
2.063670914736705981e+02 2.531135981368870347e+01 8.359820157847069311e+01
2.063779596325527166e+02 2.522735800232889147e+01 8.366037003493336499e+01
2.066735994307154840e+02 2.523751455556993051e+01 8.377150989778755275e+01
2.065642709276749827e+02 2.537634234700478686e+01 8.371691033768922807e+01
2.066093931944624273e+02 2.542243498512097233e+01 8.374171949799456627e+01
2.066611463319963775e+02 2.540228360719368439e+01 8.376782248673825393e+01
2.067175895976193658e+02 2.538057963514038207e+01 8.386227196273773643e+01
2.067286518307672338e+02 2.533024970888860139e+01 8.391512485444430069e+01
2.067713481692327662e+02 2.541683917712511231e+01 8.366396040884978902e+01
2.067289752878768354e+02 2.533429292275844347e+01 8.378464225643679697e+01
2.067520701255013478e+02 2.526814594384784485e+01 8.391108164057446572e+01
2.067632617414930678e+02 2.538895717427869059e+01 8.408092896881873912e+01
2.067884267046189564e+02 2.543857549488937764e+01 8.419711476258248695e+01
2.068282766205201142e+02 2.534496700737482300e+01 8.434451416742139429e+01
2.068726225902445321e+02 2.572224737999741251e+01 8.418084486997024385e+01
2.069194915254237230e+02 2.599647431750549842e+01 8.421361107517142841e+01
2.067340212187863813e+02 2.626691680683141428e+01 8.411418035968431184e+01
2.066362401345581645e+02 2.617718980463190448e+01 8.425569284512873480e+01
2.066392159399663626e+02 2.628098719109846115e+01 8.429473411825591711e+01
2.065803790917324250e+02 2.620439254754819558e+01 8.405505240005174983e+01
2.064290982015784834e+02 2.604997412343123386e+01 8.354276102988742991e+01
2.060943847845775565e+02 2.600743951352050587e+01 8.349608616897398861e+01
2.060247444688834264e+02 2.601840470953551687e+01 8.337611592702808139e+01
2.059969595031698759e+02 2.593948117479622084e+01 8.314490878509509741e+01
2.061670979428127737e+02 2.541651572001552495e+01 8.326866347522319245e+01
2.064574977358002457e+02 2.535767887178160152e+01 8.323250097037133344e+01
2.064967007374822003e+02 2.541997671108811119e+01 8.312003493336783322e+01
2.066285095096390307e+02 2.528409237935049703e+01 8.345665674731530714e+01
2.066628283089662261e+02 2.530883684823392343e+01 8.351607581834649352e+01
2.067228942942165872e+02 2.532468624660370082e+01 8.347774615086039773e+01
2.066697826368223616e+02 2.542748091603053595e+01 8.354709535515590346e+01
2.065669556216845706e+02 2.538633717169103221e+01 8.357601242075300263e+01
2.065508474576271283e+02 2.543340018113597978e+01 8.355240005175313911e+01
2.063444818217104455e+02 2.547506145685082046e+01 8.348874369258636818e+01
2.064795575106740841e+02 2.540225126148272849e+01 8.353745633329020848e+01
2.064702742916289253e+02 2.534399663604606090e+01 8.344426834001811244e+01
2.066628930003881521e+02 2.543427351533186709e+01 8.353616250485185901e+01
2.066085522059774746e+02 2.539642903351015590e+01 8.357400698667356664e+01
2.066754754819510822e+02 2.544620908267563664e+01 8.362692456980204270e+01
2.066188381420623728e+02 2.545620390736188554e+01 8.349398369776167783e+01
2.066162181394747108e+02 2.568838142062362451e+01 8.341347522318540086e+01
2.066749902962867225e+02 2.573285677319187315e+01 8.363960408849786177e+01
2.066712381938154977e+02 2.578622719627377435e+01 8.369485056281537538e+01
2.067134493466166418e+02 2.568770216069349033e+01 8.356110104800103500e+01
2.065174343382067548e+02 2.530246474317505445e+01 8.348667356708500620e+01
2.063107775908914618e+02 2.504948893776685281e+01 8.321765428904127759e+01
2.061534480527882067e+02 2.499281925216716260e+01 8.325701901927804727e+01
2.062890089274162335e+02 2.491958856255660493e+01 8.324728296027946328e+01
2.063362983568378866e+02 2.496661922629059305e+01 8.323990813818087986e+01
2.062633587786259568e+02 2.516991201966619229e+01 8.334784577565014274e+01
2.063175378444818193e+02 2.524893259153836311e+01 8.344727649113727352e+01
2.063953616250485084e+02 2.526005951610816425e+01 8.359784577565014274e+01
2.063819058092896910e+02 2.534551688446111939e+01 8.353202225384913504e+01
2.063387566308707335e+02 2.523787035839047732e+01 8.349602147755207682e+01
2.063089338853667982e+02 2.561644455945141630e+01 8.313371716910337739e+01
2.061388601371458265e+02 2.552115409496700593e+01 8.317851597878122050e+01
2.060645296933626582e+02 2.570368094190710195e+01 8.317301720791823527e+01
2.059654224349851290e+02 2.577788200284642173e+01 8.315917324362789032e+01
2.059309095613921556e+02 2.587611592702807783e+01 8.305359684305861379e+01
2.061090050459308998e+02 2.560250355802820721e+01 8.325928321904515883e+01
2.061550329926251663e+02 2.555243239746409500e+01 8.331197438219692231e+01
2.062119290982015798e+02 2.554754819510932862e+01 8.329198473282443160e+01
2.063672855479363477e+02 2.553435114503816905e+01 8.353671238193815896e+01
2.064153512744209991e+02 2.544520636563591509e+01 8.346215551817829237e+01
2.064853150472247307e+02 2.567233794798809754e+01 8.365496830120325455e+01
2.064732177513261604e+02 2.581048647949281971e+01 8.370002587656877324e+01
2.064927222150342914e+02 2.572829602794669412e+01 8.379741881226549083e+01
2.063719433303143944e+02 2.556640574459826709e+01 8.363054728942941551e+01
2.060316341053176359e+02 2.541994436537715174e+01 8.337744210117737964e+01
2.057846099107258340e+02 2.535373269504463778e+01 8.304618967524906736e+01
2.057579893906068094e+02 2.535622331478845837e+01 8.288465519472117649e+01
2.057617738387889688e+02 2.543854314917841819e+01 8.286049294863501302e+01
2.057027105705783470e+02 2.535816405744598256e+01 8.296273774097554110e+01
2.058176995730366059e+02 2.535425022641997828e+01 8.270051106223314719e+01
2.057880062103764942e+02 2.537928580670203260e+01 8.281207141932979710e+01
2.058017531375339502e+02 2.540516237546901124e+01 8.301843705524647987e+01
2.059366347522318677e+02 2.543398240393323917e+01 8.286880579635140975e+01
2.058397916936214358e+02 2.536612110234182893e+01 8.297037132876180010e+01
2.058720403674472834e+02 2.541208435761418016e+01 8.299171949799456627e+01
2.057696661922629175e+02 2.541806831414154644e+01 8.295057575365505897e+01
2.057270992366412088e+02 2.533244921723379406e+01 8.296406391512485357e+01
2.058738840729719186e+02 2.536078406003364094e+01 8.309212058481045915e+01
2.057317570190192839e+02 2.539772286194850537e+01 8.295478069607969474e+01
2.058492689869323442e+02 2.536935567343770259e+01 8.324637728037262718e+01
2.060767887178160152e+02 2.515144261870876008e+01 8.326630223832319189e+01
2.060781148919653276e+02 2.499323974640962476e+01 8.339329149954716058e+01
2.062056216845646190e+02 2.503376892224090966e+01 8.341069349204295236e+01
2.062222797257083755e+02 2.502493854314917954e+01 8.330773709406132355e+01
2.061754107905291846e+02 2.505230301462026077e+01 8.342337301073877143e+01
2.062770733600724498e+02 2.512660111269245533e+01 8.331064820804760984e+01
2.061691357226031869e+02 2.534419071031181403e+01 8.308490749126666230e+01
2.059082999094320030e+02 2.529185534998059381e+01 8.286715616509250992e+01
2.055745245180489178e+02 2.517845128735929450e+01 8.261346875404321111e+01
2.054626730495536151e+02 2.512815370681847682e+01 8.255447017725450110e+01
2.054087204036744652e+02 2.509499935308578245e+01 8.258710699961184787e+01
2.054512873592961455e+02 2.518074783283736551e+01 8.260150084098847856e+01
2.054674278690645508e+02 2.513155000646914061e+01 8.262068184758700795e+01
2.054458856255660635e+02 2.510525294345969627e+01 8.241130806055116409e+01
2.054448505628153612e+02 2.517880709017984131e+01 8.239791693621425850e+01
2.053683206106870216e+02 2.520542761029887302e+01 8.260716134040626457e+01
2.054356643809030913e+02 2.516366929745115755e+01 8.247286194850562424e+01
2.055007116056411007e+02 2.520371328761806140e+01 8.238109716651571546e+01
2.052977422693750782e+02 2.520575106740846039e+01 8.243906068055375158e+01
2.053017531375339502e+02 2.508037909173243563e+01 8.245782119290981882e+01
2.054583063785742070e+02 2.501138569025747316e+01 8.254298744986414249e+01
