2.077053369590145167e+02 2.771090652950234201e+01 8.701887101529993629e+01
2.077654227959243940e+02 2.776329325426727479e+01 8.707604101824853160e+01
2.078228548963076889e+02 2.781377977263047541e+01 8.712688792058447973e+01
2.074786554401598835e+02 2.764190937981194551e+01 8.684457622121023235e+01
2.077557579530190424e+02 2.739537398027716719e+01 8.678986338171215209e+01
2.076609442060085939e+02 2.743269010254562090e+01 8.651040199194049762e+01
2.076710677194246841e+02 2.727641450709301196e+01 8.608367460603479060e+01
2.074575893588441602e+02 2.711489696294597351e+01 8.556642531861218970e+01
2.073585492906988179e+02 2.687026176981292735e+01 8.532929266454804917e+01
2.075046358483766369e+02 2.683130753857746598e+01 8.510700127772499002e+01
2.076481341938865910e+02 2.678570258493595091e+01 8.517911083445271458e+01
2.076726730662123543e+02 2.687629001081151969e+01 8.528837270255218073e+01
2.077538249844379550e+02 2.693499983618910321e+01 8.523752580021623260e+01
2.076360777118893850e+02 2.691413032794941529e+01 8.534855682600006332e+01
2.077202109884349568e+02 2.698964715132850500e+01 8.535301248239032645e+01
2.076838122071880264e+02 2.696061986043311620e+01 8.538063099957409463e+01
2.077355109261868051e+02 2.707299413556989975e+01 8.527549716607148866e+01
2.077900927169675356e+02 2.689349015496510731e+01 8.526697899944304027e+01
2.077662746125872388e+02 2.668800576614356501e+01 8.525810044884185857e+01
2.078482128231169952e+02 2.679481047079251610e+01 8.536120302722537190e+01
2.077913049176031279e+02 2.675995151197457744e+01 8.526344068407431109e+01
2.079062346427284353e+02 2.676863348949972021e+01 8.537381646627133591e+01
2.078534875339907728e+02 2.713671657438652929e+01 8.526085247190643202e+01
2.077592635062084412e+02 2.725570880975002552e+01 8.533548471644333233e+01
2.077930085509288176e+02 2.727444877633260134e+01 8.548393015103364689e+01
2.078322248795989822e+02 2.737748583035743621e+01 8.556170756478721273e+01
2.077893064246633799e+02 2.738115519444353296e+01 8.560210333191363929e+01
2.078839891229564500e+02 2.740143498345510054e+01 8.553779117386888231e+01
2.078740621826163988e+02 2.757045506667103396e+01 8.560537954984765463e+01
2.079369000425908212e+02 2.763339121318350067e+01 8.561838613504569651e+01
2.079133440356452525e+02 2.763850211316056615e+01 8.562094158503423103e+01
2.078214788847754164e+02 2.764240081250204639e+01 8.549988533237231536e+01
2.076725092553156742e+02 2.732500081905448397e+01 8.525846083281459187e+01
2.073970776136028462e+02 2.703554696458408557e+01 8.506431215804475698e+01
2.074817023228385153e+02 2.702509582937457111e+01 8.521256101955901840e+01
2.076007600825606971e+02 2.712305474560167795e+01 8.511715755332045319e+01
2.075969924319365703e+02 2.707240441634177586e+01 8.499289060708318289e+01
2.075600366936408534e+02 2.697097270910461120e+01 8.516728368771090629e+01
2.076570455066671173e+02 2.693021655800543712e+01 8.520319103626773938e+01
2.076892179667791538e+02 2.691681682665531028e+01 8.514546407627035762e+01
2.077983487861612559e+02 2.703806965239327553e+01 8.499934475641319409e+01
2.076862038462798523e+02 2.696327359695967019e+01 8.517934016970808386e+01
2.076077384267601360e+02 2.703079644857976049e+01 8.515149231726894641e+01
2.076053795498476688e+02 2.719670412475838006e+01 8.542138715067326871e+01
2.075174458604986398e+02 2.711142417193591569e+01 8.547436359466631473e+01
2.074363267044523695e+02 2.725341545719621195e+01 8.547914687284998081e+01
2.075643613013137667e+02 2.725171182387052227e+01 8.556337843593355785e+01
2.076368312420142104e+02 2.716263145824460068e+01 8.528552239294957360e+01
2.078170232283851533e+02 2.706880057661435757e+01 8.540982210136618846e+01
2.079925302231104354e+02 2.727136913147462494e+01 8.535530583494414714e+01
2.080765652131179877e+02 2.710870491105068325e+01 8.536195655735019727e+01
2.081538839563607723e+02 2.717436031844838240e+01 8.553412180978278911e+01
2.082549552796251930e+02 2.720666382727779009e+01 8.558660682108573781e+01
2.083373849228450752e+02 2.709697605084690153e+01 8.576352258952265117e+01
2.084000262097434586e+02 2.711434000589719062e+01 8.591275431641712146e+01
2.082880123185794332e+02 2.707256822723847733e+01 8.583032467319726777e+01
2.083111096550142634e+02 2.710179209120990862e+01 8.566693968482783816e+01
2.080522229138682349e+02 2.725446384693509927e+01 8.553824984437964929e+01
2.076947547750876311e+02 2.749634701700357198e+01 8.511335714051698176e+01
2.074054647315139448e+02 2.723451167971693465e+01 8.501382563968155637e+01
2.072680929135406132e+02 2.720378075549585617e+01 8.491324574910723300e+01
2.073544540182813023e+02 2.734606690037021437e+01 8.487923860695212852e+01
2.074796383055400781e+02 2.717278773384005675e+01 8.484968712118730139e+01
2.076778822527274428e+02 2.701588965697998290e+01 8.514438292435212929e+01
2.078470989090194223e+02 2.673570749926285117e+01 8.545080758772073182e+01
2.079575729777544666e+02 2.692536775546309258e+01 8.545732726140943214e+01
2.079835533859712484e+02 2.700445565639026313e+01 8.565914228614487058e+01
2.079896471513285121e+02 2.709383088163024667e+01 8.553720145464076552e+01
2.078051305572846843e+02 2.715958457556596528e+01 8.549523310290599909e+01
2.078027389181928299e+02 2.728385152180323203e+01 8.569259247125118861e+01
2.077542181305900328e+02 2.725836254627657951e+01 8.567372145595125232e+01
2.077641123087507822e+02 2.734046456770304445e+01 8.567198506044621809e+01
2.077765619369000376e+02 2.719722831962782195e+01 8.564141794712183753e+01
2.078197097270910376e+02 2.717114962487304552e+01 8.573252956786684820e+01
2.078543393506536177e+02 2.706110146446941656e+01 8.551364544769518261e+01
2.079525603643154454e+02 2.712384103790584078e+01 8.564685646889230952e+01
2.079505291091963386e+02 2.710035055531893988e+01 8.570124168659698682e+01
2.079922681256757073e+02 2.713773220194607205e+01 8.565367100219506824e+01
2.079769681879238590e+02 2.752940405595780149e+01 8.555322216033810889e+01
2.079700553680830808e+02 2.754876650394784221e+01 8.564194214199127941e+01
2.080077646365036230e+02 2.761216132097107234e+01 8.554647315139402508e+01
2.080403302427677374e+02 2.768335353667725940e+01 8.572217671919536031e+01
2.079777544802280147e+02 2.755043737509419088e+01 8.576761786194018100e+01
2.080186089178652082e+02 2.753467876683156845e+01 8.566743111751793549e+01
2.079281197785276731e+02 2.731615503063263617e+01 8.544173246404351119e+01
2.076922648494577857e+02 2.709930216558005611e+01 8.516515414605379419e+01
2.075435573174327430e+02 2.701798643645775400e+01 8.499361137502866370e+01
2.074410116960980304e+02 2.735543688366150050e+01 8.499210431477901295e+01
2.074509058742587513e+02 2.755325492251744635e+01 8.498732103659536108e+01
2.075048651836320062e+02 2.765370376437440569e+01 8.497352815909314927e+01
2.074474330832487112e+02 2.766975723225109007e+01 8.491881531959505480e+01
2.075934213543884823e+02 2.770150378403171487e+01 8.511470038986993814e+01
2.076854830783343573e+02 2.777151656128165769e+01 8.514290862628182310e+01
2.076726403040330240e+02 2.759266782426367115e+01 8.519031549978704732e+01
2.076142253382695060e+02 2.767676833862988417e+01 8.509003046882678234e+01
2.075926350620843266e+02 2.755335320905546581e+01 8.502270419028273807e+01
2.076005962716639885e+02 2.757094649936113839e+01 8.486767355764504828e+01
2.077064836352914199e+02 2.747403597287291532e+01 8.493087180159224658e+01
2.077319726108180760e+02 2.738914916620253592e+01 8.519385381515579070e+01
2.077681748189889674e+02 2.743324705959440379e+01 8.525882121678733938e+01
2.077403269665498158e+02 2.743272286472496191e+01 8.542990531730170289e+01
2.077504177177865756e+02 2.745093863643809584e+01 8.534426498050650878e+01
2.079221242997084289e+02 2.721498542083019245e+01 8.544782622940077488e+01
2.080708318317334431e+02 2.709769681879238590e+01 8.547187366903646932e+01
2.080182485338924607e+02 2.695429675982046192e+01 8.569400124496281990e+01
2.081337352160665830e+02 2.698892638338302419e+01 8.567142810339743164e+01
2.081192215706188904e+02 2.707889132785112807e+01 8.566854503161550838e+01
2.081710185761556886e+02 2.727002588212167922e+01 8.562667496641876141e+01
2.080585460144808962e+02 2.748429053500638730e+01 8.563761753431838031e+01
2.080992038790420224e+02 2.756783409232382098e+01 8.561085083379747118e+01
2.080243422992497528e+02 2.763316187792812073e+01 8.565530911116206880e+01
2.081507060249647907e+02 2.748982734331487876e+01 8.583527176227762823e+01
2.080143498345509840e+02 2.723500311240703908e+01 8.555823477377715847e+01
2.078460832814598689e+02 2.705310749271041360e+01 8.522104642400812224e+01
2.077311863185139202e+02 2.677417029780821167e+01 8.513144186351276232e+01
2.077776758509976105e+02 2.670962880450807475e+01 8.518297677161484671e+01
2.077570356780132954e+02 2.688467712872260407e+01 8.504881564721685550e+01
2.078232808046391256e+02 2.677312190806932435e+01 8.525488975526651814e+01
2.079921698391376879e+02 2.684994921862202233e+01 8.528660354486780193e+01
2.079946925269468920e+02 2.703308980113357052e+01 8.528031320643448510e+01
2.080432788389083782e+02 2.689276938701962294e+01 8.527048455263243909e+01
2.080597582151164602e+02 2.705025718310782068e+01 8.532742522032565091e+01
2.079930871801592218e+02 2.729482685188218838e+01 8.533292926645479781e+01
2.080129082986600224e+02 2.732735969596697601e+01 8.555495855584312892e+01
2.079634701700357198e+02 2.730327949415195121e+01 8.560397077613602335e+01
2.079278904432722754e+02 2.763411198112898504e+01 8.548723913114700679e+01
2.079693673623169445e+02 2.757323985191494842e+01 8.556642531861218970e+01
2.080810536316875812e+02 2.768233790911771308e+01 8.581053631687579752e+01
2.079093142875863975e+02 2.771696753268027535e+01 8.574606034793434617e+01
2.079119352619336212e+02 2.769878452314647888e+01 8.582531205975821820e+01
2.080286013825639770e+02 2.774612587229302463e+01 8.590489139337549318e+01
2.081102447334796750e+02 2.774085116141925766e+01 8.601166333584509971e+01
2.081436949185859930e+02 2.755662942698948470e+01 8.592638338302263890e+01
2.083513088490646510e+02 2.746482980047832712e+01 8.595596763096681059e+01
2.084251220391180368e+02 2.737450447203747927e+01 8.579140320414113319e+01
2.084612259607509088e+02 2.729666153392523498e+01 8.579038757658159398e+01
2.085314353110769048e+02 2.720479638305540249e+01 8.581712151492317275e+01
2.086315565311404612e+02 2.720125806768666266e+01 8.590783998951610556e+01
2.086590439996068653e+02 2.714208957179831572e+01 8.595803164826524778e+01
2.084824230907840104e+02 2.713625790387576586e+01 8.582835894243685004e+01
2.081736723126822426e+02 2.704481866133735224e+01 8.569223208727844110e+01
2.080899649444681074e+02 2.689594731841562236e+01 8.556056088851030950e+01
2.081237099891884839e+02 2.713930478655440126e+01 8.537093339448939844e+01
2.080561871375684007e+02 2.721429741506404909e+01 8.542328735707499732e+01
2.080588081119155959e+02 2.745054549028601443e+01 8.532401795367427155e+01
2.079775906693313345e+02 2.750742063362054779e+01 8.546073452806081150e+01
2.080977951053304196e+02 2.749254660420011120e+01 8.557258460832814251e+01
2.081706581921829411e+02 2.767431117517937267e+01 8.575339907610654677e+01
2.082683877731546715e+02 2.783258526357173324e+01 8.580355797267634443e+01
2.081816990466205937e+02 2.767630966811912430e+01 8.582023392196049372e+01
2.080468171542771074e+02 2.772800838711791016e+01 8.564656160927825113e+01
2.081156504930708024e+02 2.775520099597025236e+01 8.555830029813583337e+01
2.081184025161353759e+02 2.754919241227926463e+01 8.551849425023752360e+01
2.082816892179667718e+02 2.735560069455820198e+01 8.570163483274907890e+01
2.083108475575795353e+02 2.739976411230875186e+01 8.550047505160043215e+01
2.083304393408249382e+02 2.750067162467647464e+01 8.561874651901844402e+01
2.084314779019100285e+02 2.751184352783146991e+01 8.590135307800674980e+01
2.083470497657504268e+02 2.745716345051272711e+01 8.595498476558660172e+01
2.084917275497166145e+02 2.740864266290993712e+01 8.607256822723847733e+01
2.083006912819840863e+02 2.737342332011925450e+01 8.615401500507813637e+01
2.084452707794122546e+02 2.751289191757035724e+01 8.633476394849785152e+01
2.084656816171411720e+02 2.754028109949873837e+01 8.629394227304000253e+01
2.084301018903777560e+02 2.773216918389411134e+01 8.620849850932083314e+01
2.083063591390099134e+02 2.787537266978999284e+01 8.605602332667169208e+01
2.081084100514366355e+02 2.780133014448120932e+01 8.587855060118599226e+01
2.079196998984372442e+02 2.763866592405726763e+01 8.560010483897389122e+01
2.079726108180716153e+02 2.772207843265734084e+01 8.549352946958030941e+01
2.079722176719195375e+02 2.754519542639976493e+01 8.558342888968974194e+01
2.080693247714837923e+02 2.763077023883628769e+01 8.580765324509386005e+01
2.081798971267568845e+02 2.758336336533106348e+01 8.600108115191822833e+01
2.080600530747305186e+02 2.752196704124758497e+01 8.587255512236673383e+01
2.080864266290993783e+02 2.753952756937391300e+01 8.593021655800544067e+01
2.081740326966549901e+02 2.757389509550175433e+01 8.582249451233495563e+01
2.082315303213969742e+02 2.755214100841988056e+01 8.581951315401499869e+01
2.082627526783081748e+02 2.742548242309078432e+01 8.578861841889722939e+01
2.081709530517969995e+02 2.744045473904924037e+01 8.560000655243587175e+01
2.081736395505029122e+02 2.749254660420011120e+01 8.553241817645709943e+01
2.081198768142056679e+02 2.763145824460243105e+01 8.571932640959276739e+01
2.081859581299347894e+02 2.749457785931920029e+01 8.617016675949284377e+01
2.082549225174458627e+02 2.758342888968974194e+01 8.613104871736068446e+01
2.082593126494774367e+02 2.756098679684172481e+01 8.612030272253710450e+01
2.083138944402581672e+02 2.775090915047669071e+01 8.617016675949284377e+01
2.084353110768928445e+02 2.775090915047669071e+01 8.606676932149527204e+01
2.084024506110146433e+02 2.790574321003833091e+01 8.607387871441208915e+01
2.084797038298987673e+02 2.786406971791763709e+01 8.615643940634930686e+01
2.085766143563869832e+02 2.782036497067785064e+01 8.625259640271271167e+01
2.085204272188185826e+02 2.788002489925629845e+01 8.617049438128624672e+01
2.086975723225108936e+02 2.782449300527471081e+01 8.617111686269370807e+01
2.086219899747731290e+02 2.776073780427874027e+01 8.619133112734658653e+01
2.083565507977590698e+02 2.754395046358483867e+01 8.575090915047668716e+01
2.080785309438783770e+02 2.738007404252530819e+01 8.535353667725976834e+01
2.078996494446810743e+02 2.719090521901516766e+01 8.532385414277757718e+01
2.079471873669036484e+02 2.732159355240310461e+01 8.546001376011531647e+01
2.080223110441306460e+02 2.740363004947089109e+01 8.556062641286898440e+01
2.081050683091439168e+02 2.742286144874357134e+01 8.575769092160010132e+01
2.081714772466664556e+02 2.735992530223110464e+01 8.583507518920158930e+01
2.081889067260754302e+02 2.745945680306654069e+01 8.580277168037217450e+01
2.082771352750384892e+02 2.743511450381679495e+01 8.571447760705042640e+01
2.082348720636896644e+02 2.741175506994725453e+01 8.569796546866297149e+01
2.082595092225534756e+02 2.748432329718572831e+01 8.574543786652688482e+01
2.081749500376764956e+02 2.745205255053566162e+01 8.567804606362415143e+01
2.082209808996494473e+02 2.747731219080693421e+01 8.563738819906299682e+01
2.081876945254398379e+02 2.739648789437473297e+01 8.556629426989483989e+01
2.082467974969694922e+02 2.742377878976509464e+01 8.564983782721226646e+01
2.083159256953772456e+02 2.731792418831700786e+01 8.562657667988074195e+01
2.083588769124922067e+02 2.721170920289617712e+01 8.583582871932641467e+01
2.084788520132359224e+02 2.733014448121089046e+01 8.583356812895193855e+01
2.084226321134881914e+02 2.726239229433542022e+01 8.591200078629231029e+01
2.085001146676276846e+02 2.724797693542574351e+01 8.574003210693575738e+01
2.084912688792058475e+02 2.723795170854765146e+01 8.579746420731906653e+01
2.084120499295613058e+02 2.725184287258788629e+01 8.585158732758903000e+01
2.084937915670150517e+02 2.716898732103659597e+01 8.583386298856599694e+01
2.086821413360416670e+02 2.715332699931199301e+01 8.590446548504407076e+01
2.085017527765946852e+02 2.717914359663204849e+01 8.579910231628608130e+01
2.083401041837302898e+02 2.699944304295121711e+01 8.558631196147167941e+01
2.080068800576614478e+02 2.685548602693051023e+01 8.538783867902893121e+01
2.079667791501490797e+02 2.685564983782721171e+01 8.523293909510860544e+01
2.079616354879926519e+02 2.686341447433083118e+01 8.507748255413950744e+01
2.079422402778232879e+02 2.685659994102807602e+01 8.520617239458768211e+01
2.080362677325295806e+02 2.674072011270189719e+01 8.556475444746584458e+01
2.080863283425613588e+02 2.677564459587851786e+01 8.571588638076204347e+01
2.081226943616289304e+02 2.692431936572420881e+01 8.556180585132523220e+01
2.081001539822428867e+02 2.728545686859089869e+01 8.538852668479506747e+01
2.081178127969072591e+02 2.731540150050781435e+01 8.546496084919569114e+01
2.082150181830095335e+02 2.747564131966058554e+01 8.553861022835239680e+01
2.080971726239229440e+02 2.744487763326016605e+01 8.555826753595648881e+01
2.080891131278052626e+02 2.743167447498607459e+01 8.543151066408937311e+01
2.080101890377747793e+02 2.736221865478491466e+01 8.536634668938177128e+01
2.081469056121613335e+02 2.745159388002489820e+01 8.545932575434918022e+01
2.081983422337253842e+02 2.753133702453887111e+01 8.550021295416570410e+01
2.081988991907741706e+02 2.755361530649018675e+01 8.566025620024244347e+01
2.082321200406250910e+02 2.750345640992038909e+01 8.579631753104216330e+01
2.083595976804377017e+02 2.742361497886839317e+01 8.556111784555908173e+01
2.083987484847492055e+02 2.740313861678078666e+01 8.565599711692821927e+01
2.085307473053107401e+02 2.742862759230743919e+01 8.579372931887429843e+01
2.085485371686924623e+02 2.749949218622022684e+01 8.582177374438947481e+01
2.085468990597254617e+02 2.740022278281951174e+01 8.581066736559316155e+01
2.085584641090325420e+02 2.750057333813845162e+01 8.578409723814827714e+01
2.085075516823379189e+02 2.749890246699210294e+01 8.595514857648331031e+01
2.082618353372866409e+02 2.739655341873341499e+01 8.573980277168037389e+01
2.079415195098777929e+02 2.714369491858598593e+01 8.565065688169576674e+01
2.078611538839563480e+02 2.702922386397143129e+01 8.549094125741244454e+01
2.078255086328342429e+02 2.724807522196376652e+01 8.526160600203125739e+01
2.078416603872489645e+02 2.744966091144382858e+01 8.529318874291517716e+01
2.077544474658454305e+02 2.761786194017626173e+01 8.502224551977197109e+01
2.078629230416407268e+02 2.753366313927202569e+01 8.505664580807915343e+01
2.078273105526979521e+02 2.758480490122202866e+01 8.513891164040231274e+01
2.080004259083314082e+02 2.721390426891196768e+01 8.539059070209350466e+01
2.081665956819447558e+02 2.705723552730727732e+01 8.536965566949513118e+01
2.081956557350194998e+02 2.682780198538806715e+01 8.536248075221963916e+01
2.081396979327064969e+02 2.676506241195164293e+01 8.526517707957933112e+01
2.081003505553189257e+02 2.673682141336041695e+01 8.532929266454804917e+01
2.082062706811257158e+02 2.687199816531795804e+01 8.531641712806735711e+01
2.081819611440552933e+02 2.682321528028044355e+01 8.545437866526881976e+01
2.082477476001703565e+02 2.684857320708973560e+01 8.555043737509419088e+01
2.083082265832323117e+02 2.701959178324542066e+01 8.556157651606984871e+01
2.082261245618058467e+02 2.698162041739016459e+01 8.544376371916260382e+01
2.080922910592012443e+02 2.740369557382956955e+01 8.574242374602758332e+01
2.079816204173901610e+02 2.769170789240900277e+01 8.564443206762113903e+01
2.078998132555777545e+02 2.792877502211447194e+01 8.550126134390460209e+01
2.078843167447498672e+02 2.806945582020115992e+01 8.538380893097009050e+01
2.079165547292205929e+02 2.795377256495102003e+01 8.565301575860826233e+01
2.080156930839039546e+02 2.771205320577924880e+01 8.578698030993021462e+01
2.080497002260590307e+02 2.741673492120695954e+01 8.576453821708220460e+01
2.078760279133767881e+02 2.723002326114733052e+01 8.540231956229727928e+01
2.078066048553549763e+02 2.697755790715198287e+01 8.534940864266290816e+01
2.077511057235527403e+02 2.691475280935688019e+01 8.520152016512138005e+01
2.077249287422599480e+02 2.692743177276152267e+01 8.544242046980964744e+01
2.077471742620319048e+02 2.702427677489106728e+01 8.537286636307047161e+01
2.078203977328572023e+02 2.701461193198571564e+01 8.545464076270353360e+01
2.077556924286603532e+02 2.711873013792877529e+01 8.548356976706089938e+01
2.077857353471152919e+02 2.714864200766634994e+01 8.557998886085901802e+01
2.077162795269141213e+02 2.734334763948497837e+01 8.549526586508534365e+01
2.077099564263014884e+02 2.763837106444320568e+01 8.556917734167676315e+01
2.076748353700488110e+02 2.757111031025783987e+01 8.561995871965403637e+01
2.076901025456213290e+02 2.751292467974969824e+01 8.560492087933688765e+01
2.076861055597418328e+02 2.752173770599220148e+01 8.539819152770041910e+01
2.077273531435311043e+02 2.743419716279526810e+01 8.552219637650296136e+01
2.077407528748812240e+02 2.753844641745568822e+01 8.537289912524981617e+01
2.077814435016217374e+02 2.745988271139796311e+01 8.534665661959833471e+01
2.078951282639321221e+02 2.751325230154309764e+01 8.543246076729023741e+01
2.078841529338531586e+02 2.755993840710284104e+01 8.559161943452478738e+01
2.079968875929626790e+02 2.759066933132391952e+01 8.541712806735904451e+01
2.081549978704583452e+02 2.737941879893850583e+01 8.541270517314811173e+01
2.081970972709104615e+02 2.747236510172656665e+01 8.555803820070110532e+01
2.082039118042132202e+02 2.754778363856763690e+01 8.566215640664417208e+01
2.082513842020771335e+02 2.748802542345116962e+01 8.556413196605838323e+01
2.083602201618451772e+02 2.744435343839072061e+01 8.558169249418470770e+01
2.082764800314516833e+02 2.731104413065557068e+01 8.539914163090128341e+01
2.082190151688890296e+02 2.710650984503489269e+01 8.538620057006191644e+01
2.079239589817514684e+02 2.692530223110441412e+01 8.517334469088883964e+01
2.078125675719948902e+02 2.683366641548995801e+01 8.506385348753399001e+01
2.078468040494053639e+02 2.695911280018346901e+01 8.511643678537495816e+01
2.078535858205287923e+02 2.692055171510008904e+01 8.518507355109261425e+01
2.079097729580971645e+02 2.705982373947514930e+01 8.518563050814140070e+01
2.078796972774628955e+02 2.703158274088392332e+01 8.515601349801788444e+01
2.080646397798381599e+02 2.709340497329882425e+01 8.537909117714509932e+01
2.080284703338465988e+02 2.715847066146839950e+01 8.530206729351635886e+01
2.080044556563902631e+02 2.724027782328080605e+01 8.530239491530976181e+01
2.078323231661370016e+02 2.716286079349998417e+01 8.540005897192281736e+01
2.079884677128722501e+02 2.702719260885234220e+01 8.539376863348950053e+01
2.079194378010025162e+02 2.715267175572519065e+01 8.524034334763948095e+01
2.077854732496805639e+02 2.726055761229237007e+01 8.520423942600662315e+01
2.078113553713592978e+02 2.747495331389443862e+01 8.536264456311633353e+01
2.077601808472299467e+02 2.751194181436949293e+01 8.512213740458015820e+01
2.077785604298397857e+02 2.756927562821478972e+01 8.520381351767520073e+01
2.077853749631425444e+02 2.750008190544835074e+01 8.524266946237263198e+01
2.079108868721947374e+02 2.733686072797562616e+01 8.545775316974085456e+01
2.080138256396815564e+02 2.723624807522196534e+01 8.545663925564328167e+01
2.079692035514202360e+02 2.726756871867116772e+01 8.544061854994593830e+01
2.080381351767519504e+02 2.727847852439144205e+01 8.548795989909248760e+01
2.080637552009959563e+02 2.718438554532647444e+01 8.559902368705566289e+01
2.080118926711004690e+02 2.754925793663794664e+01 8.547272548569931416e+01
2.078704911050683108e+02 2.765009992464698740e+01 8.527055007699112821e+01
2.075759591128001773e+02 2.765082069259247177e+01 8.490200832159355571e+01
2.072924024506110072e+02 2.758641024800969888e+01 8.473066212364446415e+01
2.072032565606264143e+02 2.750558595157749764e+01 8.474186678897879688e+01
2.072251089342462933e+02 2.742961045768764450e+01 8.468561412705173552e+01
2.073017069095436113e+02 2.749746093110113776e+01 8.481220718802214265e+01
2.073644792451594014e+02 2.747662418504078730e+01 8.480172329063329073e+01
2.073441339317891448e+02 2.745224912361170411e+01 8.471454313140910131e+01
2.073274579825049955e+02 2.749726435802509528e+01 8.465108279002718916e+01
2.074033351898568185e+02 2.728391704616191049e+01 8.473492120695868834e+01
2.074212561019558905e+02 2.714018936539658711e+01 8.496864659437146372e+01
2.074761327523506793e+02 2.703204141139468675e+01 8.493300134324935868e+01
2.075143006912819885e+02 2.691606329653048491e+01 8.495793336172722832e+01
2.074677128722602504e+02 2.688615142679291026e+01 8.491334403564525246e+01
2.077637519247780347e+02 2.662615077154932308e+01 8.508229859450250387e+01
2.078064082822789373e+02 2.657877666022343632e+01 8.512315303213969742e+01
2.079166530157586124e+02 2.644681060184123567e+01 8.541755397569046693e+01
2.079542967598204655e+02 2.644926776529174717e+01 8.534773777151656304e+01
2.079777217180486844e+02 2.644569668774366988e+01 8.530531074927104385e+01
2.079702191789797894e+02 2.683376470202797748e+01 8.526330963535694707e+01
2.079175703567801463e+02 2.690688988631523770e+01 8.524928742259935177e+01
2.079524293155980672e+02 2.701552927300723894e+01 8.527097598532255063e+01
2.079773940962552956e+02 2.705549913180224664e+01 8.544330504865183684e+01
2.079290698817285374e+02 2.713275235068636704e+01 8.541254136225141735e+01
2.080267667005209091e+02 2.710880319758870272e+01 8.550221144710546639e+01
2.078739966582577097e+02 2.697490417062542889e+01 8.524063820725355356e+01
2.075830685057169944e+02 2.678773384005503999e+01 8.495944042197686485e+01
2.074053664449759253e+02 2.665032925990236734e+01 8.466202535792680806e+01
2.073302100055695689e+02 2.664046784392097678e+01 8.473236575697015383e+01
2.073906562264521938e+02 2.648868066703797197e+01 8.483822035841824061e+01
2.073949153097664180e+02 2.627831471349474057e+01 8.487206368967663650e+01
2.074792451593880003e+02 2.646158634472365279e+01 8.456527864233528646e+01
2.074131310814795484e+02 2.649028601382563863e+01 8.470052091865150601e+01
2.073855453264751247e+02 2.647236510172656665e+01 8.476165514530026712e+01
2.072737607705664686e+02 2.664109032532844168e+01 8.459489565245880272e+01
2.072689447302034580e+02 2.701854339350653689e+01 8.458179078072272716e+01
2.070890476034465735e+02 2.715647216852865142e+01 8.453707040592340149e+01
2.070266684139828897e+02 2.720440323690331752e+01 8.446106214985421445e+01
2.070573010516659451e+02 2.720941585034236354e+01 8.439966582577072529e+01
2.070781377977262991e+02 2.695894898928676753e+01 8.450031124070373778e+01
2.071210562526619299e+02 2.695953870851489143e+01 8.471218425449660572e+01
2.071047079251711693e+02 2.692074828817612797e+01 8.477859319201913024e+01
2.071649903351570856e+02 2.699164564426825663e+01 8.486714936277560639e+01
2.073634963797791784e+02 2.698866428594829969e+01 8.477236837794450253e+01
2.074205680961897542e+02 2.695875241621072504e+01 8.477482554139501758e+01
2.074681060184123567e+02 2.702971529666153216e+01 8.471277397372473672e+01
2.075322543655603909e+02 2.718219047931068388e+01 8.466104249254659919e+01
2.074641090325328321e+02 2.722881106051174527e+01 8.473626445631163051e+01
2.074576548832028209e+02 2.728224617501556182e+01 8.471542771025129070e+01
2.075959440421976865e+02 2.700042590833142242e+01 8.501379287750221181e+01
2.075625266192707272e+02 2.706339481702323013e+01 8.499013858401860944e+01
2.076211709202896145e+02 2.697562493857091326e+01 8.504688267863578233e+01
2.074845198702617779e+02 2.678488353045244708e+01 8.506113422664876111e+01
2.071581758018543269e+02 2.651882187203092656e+01 8.454424532319889352e+01
2.069413229368017539e+02 2.645693411525734717e+01 8.436955738295711171e+01
2.068919175703567817e+02 2.661239065622645228e+01 8.431766209088227981e+01
2.068519149493824330e+02 2.654103462962356375e+01 8.425593814500540191e+01
2.068765848704255745e+02 2.667408183992399273e+01 8.418907053697212461e+01
2.069432559053828129e+02 2.653854470399371124e+01 8.428624316089506863e+01
2.068432984962159651e+02 2.658487042558071067e+01 8.428627592307439897e+01
2.068287848507682725e+02 2.662598696065262160e+01 8.425633129115749398e+01
2.067751204010090760e+02 2.670389542312354791e+01 8.424719064312158423e+01
2.068375323526520901e+02 2.667041247583789243e+01 8.421786849261212637e+01
2.068751105723552826e+02 2.669989843724404466e+01 8.423595321560790694e+01
2.068727516954427870e+02 2.650997608360908231e+01 8.439678275398880203e+01
2.068396946564885468e+02 2.653058349441404928e+01 8.441660387248960262e+01
2.069660256200242543e+02 2.631513940307309340e+01 8.446332274022867637e+01
2.070497002260590307e+02 2.642312354617829229e+01 8.453136978671821566e+01
2.069782786750974708e+02 2.623143203485895825e+01 8.453487533990761449e+01
2.070351865806113381e+02 2.652887986108835960e+01 8.454680077318742804e+01
2.070423942600661746e+02 2.669655669495134731e+01 8.462923041640729593e+01
2.070024571634505151e+02 2.695203616944599290e+01 8.442178029682534657e+01
2.069766733283098006e+02 2.691920846574713977e+01 8.448189889591455426e+01
2.070950758444451765e+02 2.684310192313992616e+01 8.457972676342430418e+01
2.071507715493234514e+02 2.684460898338957335e+01 8.465799560986796735e+01
2.071977525144972674e+02 2.673089145889984763e+01 8.456242833273269355e+01
2.072329390951086054e+02 2.673020345313370072e+01 8.462477476001703280e+01
2.071670543524555228e+02 2.678760279133767952e+01 8.453363037709267758e+01
2.072551518527012320e+02 2.678259017789863350e+01 8.460701765881466940e+01
2.073132064344920309e+02 2.681643350915702939e+01 8.465049307079907237e+01
2.073684107066802085e+02 2.681633522261900993e+01 8.485456868590898694e+01
2.074071028404809454e+02 2.680178881499197274e+01 8.480146119319857689e+01
2.073275890312223453e+02 2.675310421649248127e+01 8.490643121580447428e+01
2.072234053009206036e+02 2.669147855715362283e+01 8.456151099171117380e+01
2.070070438685581280e+02 2.634590308947351289e+01 8.429702191789797894e+01
2.070259476460374231e+02 2.604760344658126670e+01 8.416299184221733753e+01
2.069457130688333280e+02 2.599302165580054336e+01 8.406657274841921890e+01
2.069680568751433327e+02 2.604907774465157289e+01 8.409052190151689388e+01
2.069711692821806537e+02 2.613501294106083961e+01 8.421400255544999425e+01
2.069052517773482407e+02 2.602994463191691565e+01 8.420181502473543844e+01
2.069389312977099280e+02 2.606788323559283072e+01 8.429944631916914943e+01
2.070064869115093416e+02 2.593542574452052563e+01 8.448884447793467700e+01
2.070436719850604561e+02 2.605648199718245195e+01 8.448065393309963156e+01
2.070820692592471346e+02 2.601333420699144838e+01 8.451272810667366286e+01
2.069562624905808832e+02 2.607188022147233397e+01 8.432005372997411996e+01
2.068193821052976489e+02 2.625852635717327743e+01 8.431831733446908572e+01
2.067550371850735473e+02 2.631933296202863559e+01 8.456118336991777085e+01
2.067658159420764719e+02 2.623231661370114409e+01 8.438253120597582324e+01
2.068574189955115799e+02 2.634328211512629991e+01 8.450722406054450175e+01
2.069002391639091911e+02 2.647816400746977550e+01 8.435504373750941909e+01
2.068570586115388323e+02 2.662497133309307884e+01 8.420630344330504613e+01
2.069832585263571616e+02 2.674976247419978392e+01 8.448189889591455426e+01
2.069890246699210365e+02 2.669419781803885527e+01 8.444438620057006517e+01
2.069257609016151775e+02 2.660059627166399210e+01 8.450781377977263276e+01
2.069418143694918513e+02 2.659987550371850773e+01 8.451367820987452717e+01
2.071420895717983228e+02 2.652642269763784810e+01 8.447636208760606280e+01
2.072800183468204409e+02 2.652252399829636786e+01 8.437371817973331645e+01
2.073567801330144391e+02 2.655895554172263573e+01 8.441388461160435952e+01
2.073302427677488993e+02 2.654735773023621448e+01 8.444222389673360851e+01
2.074378010025226899e+02 2.636850899321822794e+01 8.463604494971005465e+01
2.074777053369590192e+02 2.637126101628280139e+01 8.473426596337188244e+01
2.075723552730727590e+02 2.630092061723945918e+01 8.494289552141007960e+01
2.076600596271663903e+02 2.638521770468171468e+01 8.490177898633817222e+01
2.076983258526357190e+02 2.640169708088982148e+01 8.496651705271435162e+01
2.076564885496183308e+02 2.674943485240638097e+01 8.492225534842577872e+01
2.074586049864036852e+02 2.681246928545686714e+01 8.475153163188414851e+01
2.071817318087999240e+02 2.674763293254267182e+01 8.444396029223864275e+01
2.068421518199390619e+02 2.668318972578055792e+01 8.428168921796678603e+01
2.067419978376961751e+02 2.658611538839563693e+01 8.430177243390230046e+01
2.068930970088130152e+02 2.648180060937653479e+01 8.459790977295810421e+01
2.068512597057956270e+02 2.650368574517576903e+01 8.468413982898142933e+01
2.068825803492448188e+02 2.662454542476165642e+01 8.479477770861318220e+01
2.069199947580513026e+02 2.648121089014841090e+01 8.466313927202438094e+01
2.070272253710316761e+02 2.655345149559348528e+01 8.469108541100153786e+01
2.070699800150705983e+02 2.668794024178488300e+01 8.462438161386495494e+01
2.070302722537103080e+02 2.682773646102938869e+01 8.460341381908725111e+01
2.069669101988664295e+02 2.677413753562887067e+01 8.440585787766602266e+01
2.069199292336926135e+02 2.689113127805261527e+01 8.439930544179799199e+01
2.068955214100841999e+02 2.683962913212986834e+01 8.434370802345772233e+01
2.069401434983455204e+02 2.671788487370179865e+01 8.441037905841496070e+01
2.069800478327818496e+02 2.672483045572191429e+01 8.453467876683157556e+01
2.070541558824492938e+02 2.662841136192379565e+01 8.465180355797266998e+01
2.072058447727942792e+02 2.663922288110605052e+01 8.451295744192903214e+01
2.072719260885234007e+02 2.667788225272744995e+01 8.460462601972282926e+01
2.073642826720833341e+02 2.658873636274284991e+01 8.479146872849982230e+01
2.073824001572584734e+02 2.674845198702617566e+01 8.465340890476034019e+01
2.072486977033712208e+02 2.674940209022704352e+01 8.461271827801985523e+01
2.072656357500900981e+02 2.671352750384955499e+01 8.453707040592340149e+01
2.073365658683615607e+02 2.676853520296170075e+01 8.465150869835861158e+01
2.074030403302427601e+02 2.689719228123054862e+01 8.470900632310060985e+01
2.072772007993971783e+02 2.682603282770369901e+01 8.466598958162697386e+01
2.072801493955377907e+02 2.682491891360613323e+01 8.476211381581103410e+01
2.071727877338400674e+02 2.689217966779150260e+01 8.480323035088294148e+01
2.071634832749074349e+02 2.696609114438292565e+01 8.479641581758018276e+01
2.071012678963404596e+02 2.712600334174229388e+01 8.462277626707728473e+01
2.068200373488844548e+02 2.709776234315106791e+01 8.445568915244241737e+01
2.065588244930052610e+02 2.710713232644235404e+01 8.410251285915539654e+01
2.064476624185040805e+02 2.709130819382105315e+01 8.389434197162795215e+01
2.064289879762801831e+02 2.726819120007862907e+01 8.388677390820036806e+01
2.066316875798578110e+02 2.687963175310421704e+01 8.414045146283130805e+01
2.066618287848507691e+02 2.684323297185728663e+01 8.438682305146937779e+01
2.069369655669495103e+02 2.667834092323821338e+01 8.440733217573632885e+01
2.068744225665891179e+02 2.667470432133145408e+01 8.436071159453527457e+01
2.070167414736428384e+02 2.675212135111227596e+01 8.440618549945942561e+01
2.070847557579530189e+02 2.677928119778527716e+01 8.439740523539626338e+01
2.070921600104838944e+02 2.661026111456934018e+01 8.451341611243979912e+01
2.071549651082790149e+02 2.666975723225109007e+01 8.465815942076467593e+01
2.071882842446679547e+02 2.671817973331586060e+01 8.461812403761098267e+01
2.072063034433050461e+02 2.674199783769616445e+01 8.476178619401763115e+01
2.072885037512695305e+02 2.678652163941945474e+01 8.488048356976706543e+01
2.074683353536677259e+02 2.673223470825279335e+01 8.492356583559939054e+01
2.075230809553451365e+02 2.685967958588605242e+01 8.479215673426595856e+01
2.077116272974478193e+02 2.693555679323788610e+01 8.483107820332207893e+01
2.078442485994168294e+02 2.687904203387609314e+01 8.518802214723324084e+01
2.078630540903580766e+02 2.678304884840939692e+01 8.521285587917307680e+01
2.078689840448186601e+02 2.674950037676506298e+01 8.527870785964682909e+01
2.079490875733053770e+02 2.688025423451167839e+01 8.522940077973986206e+01
2.080199521672181504e+02 2.686433181535235803e+01 8.524601120466533644e+01
2.080774497919601629e+02 2.678815974838646241e+01 8.541856960325000614e+01
2.080721423189070549e+02 2.708121744258427910e+01 8.532323166137011583e+01
2.080975657700750219e+02 2.717943845624611043e+01 8.542561347180814835e+01
2.080615601349801693e+02 2.717449136716574287e+01 8.544628640697179378e+01
2.081885135799233240e+02 2.730236215313042791e+01 8.555797267634243042e+01
2.082415227860957430e+02 2.726026275267830812e+01 8.555692428660354665e+01
2.082502375258002303e+02 2.720253579268092992e+01 8.540307309242210465e+01
2.080006552435868059e+02 2.716292631785866263e+01 8.513052452249124258e+01
2.077140516987190040e+02 2.697057956295252623e+01 8.485486354552304533e+01
2.075574157192936582e+02 2.682288765848704415e+01 8.478000196573076153e+01
2.075870327294171602e+02 2.696890869180617756e+01 8.479484323297185711e+01
2.076917406545883296e+02 2.703780755495855459e+01 8.504544114274482070e+01
2.076124561805851272e+02 2.699741178783212803e+01 8.515906038069653050e+01
2.076270681125708393e+02 2.692264849457786013e+01 8.529669429610457598e+01
2.076567506470530304e+02 2.697641123087507609e+01 8.534193886577335775e+01
2.077376077056645727e+02 2.705720276512793632e+01 8.530282082364118423e+01
2.078560757461586377e+02 2.689643875110572324e+01 8.549293975035219262e+01
2.079959374897618147e+02 2.664256462339874787e+01 8.555944697441273661e+01
2.080197555941421115e+02 2.655040461291484988e+01 8.544635193133046869e+01
2.080862628182026697e+02 2.667729253349932961e+01 8.546810601841234245e+01
2.080247026832225004e+02 2.667368869377191132e+01 8.550093372211119913e+01
2.079988533237230968e+02 2.681721980146119222e+01 8.524637158863806974e+01
2.079011565049306967e+02 2.692006028240998461e+01 8.539517740720113181e+01
2.079313959964616743e+02 2.696959669757232092e+01 8.538908364184385391e+01
2.080783998951610272e+02 2.706316548176784664e+01 8.528417914359663143e+01
2.081259705795629600e+02 2.698266880712905191e+01 8.548039183566490351e+01
2.080330898011335705e+02 2.731176489860105505e+01 8.548861514267929351e+01
2.080434754119844172e+02 2.735045703240179549e+01 8.546178291779969527e+01
2.080643776824034319e+02 2.748284899911542212e+01 8.537329227140189403e+01
2.081307538577466119e+02 2.752891262326770061e+01 8.530803001015627274e+01
2.081118828424466756e+02 2.750276840415424573e+01 8.535222619008617073e+01
2.081429413884611677e+02 2.755086328342561330e+01 8.558752416210725755e+01
2.080629689086918006e+02 2.754293483602529236e+01 8.557713855125642510e+01
2.081844838318644975e+02 2.746889231071650883e+01 8.564315434262687177e+01
2.082183926874815825e+02 2.751292467974969824e+01 8.557097926154047229e+01
2.082200307964485830e+02 2.758165973200537380e+01 8.577521868754709544e+01
2.082982013563542125e+02 2.764813419388657678e+01 8.570628706221538096e+01
2.081872686171084013e+02 2.762323493758804815e+01 8.552966615339252598e+01
2.078912950889493061e+02 2.755083052124627230e+01 8.527896995708154293e+01
2.077438980440979037e+02 2.747039937096615603e+01 8.510277495659011038e+01
2.075882121678733938e+02 2.733761425810044798e+01 8.502535792680929205e+01
2.076547849162926411e+02 2.722504340988762550e+01 8.502335943386954398e+01
2.076822396225796865e+02 2.724368508993218185e+01 8.511296399436490390e+01
2.077651934606689963e+02 2.721046424008125086e+01 8.506942305802182602e+01
2.079354257445205292e+02 2.724873046555056888e+01 8.501071323264423540e+01
2.078723257871113503e+02 2.720663106509844908e+01 8.508157782655702306e+01
2.078953575991874914e+02 2.735504373750941909e+01 8.508452642269763544e+01
2.079510205418864359e+02 2.739973135012941086e+01 8.505864430101890150e+01
2.078160731251842890e+02 2.743993054417979849e+01 8.514824886151426142e+01
2.078745863774858265e+02 2.749837827212266106e+01 8.517685024407823846e+01
2.078833338793696441e+02 2.737401303934737840e+01 8.524551977197522490e+01
2.078708842512203887e+02 2.725102381810437890e+01 8.526586508534548159e+01
2.078326835501097491e+02 2.753883956360776963e+01 8.533122563312912234e+01
2.080023916390918259e+02 2.754935622317596611e+01 8.535065360547783087e+01
2.080344985748452018e+02 2.768161714117223227e+01 8.539249090849523327e+01
2.080472430626085156e+02 2.761750155620351777e+01 8.558781902172133016e+01
2.079171772106280400e+02 2.759043999606853959e+01 8.561370114340006410e+01
2.080025554499885345e+02 2.772492874225993376e+01 8.568030665399862755e+01
2.081495593486878875e+02 2.771336369295285351e+01 8.580414769190446123e+01
2.082118730137928821e+02 2.770533695901451310e+01 8.593149428299970793e+01
2.081890050126134497e+02 2.770274874684664113e+01 8.582573796808964062e+01
2.082568554860269217e+02 2.757228974871408411e+01 8.595003767650624127e+01
2.083471808144677766e+02 2.743685089932182208e+01 8.593968482783475338e+01
2.083761425810045012e+02 2.727172951544736890e+01 8.601068047046489085e+01
2.085610850833797372e+02 2.738636438095862147e+01 8.621059528879861489e+01
2.086368967663728995e+02 2.734318382858827690e+01 8.633735216066573059e+01
2.084585394620450245e+02 2.748786161255446814e+01 8.595744192903711678e+01
2.084184385545326563e+02 2.737574943485240553e+01 8.580945516495756920e+01
2.080493070799069528e+02 2.708554205025718176e+01 8.552167218163351947e+01
2.079294630278806153e+02 2.727585755004422907e+01 8.534187334141466863e+01
2.077805589227795338e+02 2.723329947908134940e+01 8.512521704943813461e+01
2.077575926350620819e+02 2.723447891753759365e+01 8.520738459522327446e+01
2.078070635258657433e+02 2.715332699931199301e+01 8.531930019984929459e+01
2.078866100973036737e+02 2.735501097533007808e+01 8.532097107099563971e+01
2.079628476886282442e+02 2.728814336729679368e+01 8.551325230154310475e+01
2.079238279330341186e+02 2.740343347639484861e+01 8.561239065622645228e+01
2.079382760541231221e+02 2.748766503947842565e+01 8.532303508829407690e+01
2.079744782622940136e+02 2.756563902630803042e+01 8.532880123185793764e+01
2.078616780788258041e+02 2.744310847557579436e+01 8.535356943943911290e+01
2.078162696982603279e+02 2.753582544310847524e+01 8.545198702617697961e+01
2.078332077449792052e+02 2.759905644923500390e+01 8.523166137011433818e+01
2.078749139992792436e+02 2.725567604757068452e+01 8.538364512007338192e+01
2.080941257412443122e+02 2.695436228417914393e+01 8.540294204370474063e+01
2.080849850932083882e+02 2.705605608885102953e+01 8.548583035743537550e+01
2.082787406218261594e+02 2.698266880712905191e+01 8.557432100383317675e+01
2.082960718146971146e+02 2.704373750941912746e+01 8.569177341676768833e+01
2.084137208007076651e+02 2.728041149297251167e+01 8.578304884840939337e+01
2.084622088261311035e+02 2.738878878222979552e+01 8.568407430462274021e+01
2.085171510008845814e+02 2.751184352783146991e+01 8.576388297349539869e+01
2.085170527143465620e+02 2.769960357762998271e+01 8.572139042689119037e+01
2.084910723061298086e+02 2.758084067752186996e+01 8.588785506011859638e+01
2.086490842970874553e+02 2.744559840120564687e+01 8.602257314156537404e+01
2.087833764702027963e+02 2.734003865937162203e+01 8.606598302919110210e+01
2.088676080332863876e+02 2.724047439635684498e+01 8.614831438587295054e+01
2.088241653834813008e+02 2.721950660157913759e+01 8.613285063722439361e+01
2.087381319005340288e+02 2.709120990728303369e+01 8.607849818169904665e+01
2.084437309569832451e+02 2.704668610555974340e+01 8.583222487959899638e+01
2.082388362873898302e+02 2.705916849588834694e+01 8.550604462208826817e+01
2.080377747927792029e+02 2.719617992988893462e+01 8.547190643121579967e+01
2.081542443403335199e+02 2.722999049896799306e+01 8.528404809487926741e+01
2.081522130852144414e+02 2.715100088457884198e+01 8.551472659961341094e+01
2.081205975821511629e+02 2.745821184025161443e+01 8.551403859384726047e+01
2.081074599482357428e+02 2.754277102512859088e+01 8.573728008387118393e+01
2.081774399633063695e+02 2.764862562657668121e+01 8.564449759197981393e+01
2.081102774956590054e+02 2.763761753431838386e+01 8.561556858762244815e+01
2.080678177112341416e+02 2.773524882875208775e+01 8.579209120990728366e+01
2.081142089571798408e+02 2.780146119319857334e+01 8.548474920551714717e+01
2.080071093929168171e+02 2.792523670674573211e+01 8.539484978540772886e+01
2.080019329685810590e+02 2.784781967696491023e+01 8.543246076729023741e+01
2.079607181469711463e+02 2.771588638076204703e+01 8.537601153228712292e+01
2.080834780329587659e+02 2.795465714379320588e+01 8.553811879566228527e+01
2.081731481178127865e+02 2.776011532287127892e+01 8.547852439144251946e+01
2.081905448350424308e+02 2.762975461127674137e+01 8.555630180519608530e+01
2.083393834157848232e+02 2.757484519870261863e+01 8.561950004914326939e+01
2.084280706352586492e+02 2.752137732201946108e+01 8.579042033876093853e+01
2.085027356419749083e+02 2.748415948628902683e+01 8.556360777118894134e+01
2.084768535202961743e+02 2.765661959833568062e+01 8.592929921698390672e+01
