2.053768240343347600e+02 1.012170633372350181e+02 1.330128755364806921e+02
2.059330472103004297e+02 1.015087267525035770e+02 1.335816621147093315e+02
2.058803225386916438e+02 1.014634412797502989e+02 1.335562751983352712e+02
2.056526986604239937e+02 1.012053062817011266e+02 1.333366887761737587e+02
2.059182468461438305e+02 1.015354922616725162e+02 1.335598907530238080e+02
2.058563662374821206e+02 1.014982702562101764e+02 1.335424632592014689e+02
2.056479646247886706e+02 1.016129795812199177e+02 1.332096241383794961e+02
2.055478735856418382e+02 1.014223175965665291e+02 1.331035505267264796e+02
2.053880088438028224e+02 1.014410716608141456e+02 1.330045519573416470e+02
2.054078293666276522e+02 1.014990505917544539e+02 1.328815970867472913e+02
2.055716217973728703e+02 1.014353492001560682e+02 1.328824554558460136e+02
2.056941865001950873e+02 1.014462218754064224e+02 1.329132266874756283e+02
2.056871374691117182e+02 1.015415528677331309e+02 1.330001560671088612e+02
2.058119131226427498e+02 1.017221485238652576e+02 1.331380153465990475e+02
2.058482767590063816e+02 1.017199375731564572e+02 1.331908960853166946e+02
2.058709845233450437e+02 1.018648718949148133e+02 1.332150344648198654e+02
2.058044219014176122e+02 1.018464559760697057e+02 1.331762517882689565e+02
2.058328261152295511e+02 1.018827415788789210e+02 1.331947457406684805e+02
2.058923657172584285e+02 1.017708154506437808e+02 1.332012485368708496e+02
2.058345948757965971e+02 1.018806086617245370e+02 1.332764468721550202e+02
2.059132006762908134e+02 1.019404343867863219e+02 1.332098322278579872e+02
2.059744049941474771e+02 1.019089088307972446e+02 1.333069319807517275e+02
2.060388346989205388e+02 1.020084536350630771e+02 1.333210040317336507e+02
2.061296137339055861e+02 1.021136948888021863e+02 1.335023540122252541e+02
2.060673689686565240e+02 1.021138509559110474e+02 1.334985563792430696e+02
2.060405774483027699e+02 1.021467551046950177e+02 1.334293666276498982e+02
2.060184419300299226e+02 1.019595786188060913e+02 1.333100273117440508e+02
2.058681232930159979e+02 1.018731174404994135e+02 1.331995578098582484e+02
2.058446612043178447e+02 1.017911561971647814e+02 1.332492651840291273e+02
2.058066588633112133e+02 1.018955390818051825e+02 1.331585901937833398e+02
2.057725582000259976e+02 1.019735726362335839e+02 1.331632722070490331e+02
2.058113148653921201e+02 1.019100013005592444e+02 1.332403953700091108e+02
2.058094420600858427e+02 1.019652750682793538e+02 1.332375341396800650e+02
2.059132266874756283e+02 1.021364806866952790e+02 1.333816881258941294e+02
2.060216413057614773e+02 1.022204447912602490e+02 1.334866432566003311e+02
2.060734295747171245e+02 1.021482377422291563e+02 1.333953179867342840e+02
2.060359474574066780e+02 1.021049551307062018e+02 1.333300299128625284e+02
2.059544023930289995e+02 1.020890883079724318e+02 1.333053713096631441e+02
2.058456496293406133e+02 1.020160749122122468e+02 1.333271946937182975e+02
2.059086227077643514e+02 1.018832618025751060e+02 1.331568474444010803e+02
2.058699700871374603e+02 1.018346208869813978e+02 1.331430094940824631e+02
2.058443750812849657e+02 1.018730394069449829e+02 1.331300819352321412e+02
2.058804525946156900e+02 1.018871114579269062e+02 1.331764078553778177e+02
2.059263623358043844e+02 1.019367928209129985e+02 1.333139810118350965e+02
2.059833008193523085e+02 1.019820782936662766e+02 1.335320587852776555e+02
2.058873975809597994e+02 1.019989595526076158e+02 1.333559630641175602e+02
2.058118090779034901e+02 1.018233840551437055e+02 1.333497984133177283e+02
2.057489400442190117e+02 1.017191312264273648e+02 1.333120821953440043e+02
2.055705813499805004e+02 1.016579269085706869e+02 1.330542853426973693e+02
2.055643386656262237e+02 1.015630901287553627e+02 1.330836779815320483e+02
2.056080114449213170e+02 1.017571075562491814e+02 1.332077513330732188e+02
2.057064117570555197e+02 1.018699960983222752e+02 1.333089348419820510e+02
2.057609572116009815e+02 1.019245935752373526e+02 1.330538431525556007e+02
2.057296397450903953e+02 1.018846924177396289e+02 1.329661334373780619e+02
2.056849265184029036e+02 1.018284822473663667e+02 1.329999219664455836e+02
2.058027831967746124e+02 1.018513460788138900e+02 1.329124723631161373e+02
2.058180257510729518e+02 1.019017297437898293e+02 1.328993367147873528e+02
2.057620236701781664e+02 1.018935102093900440e+02 1.329040967616074909e+02
2.056850045519573484e+02 1.019708674730133993e+02 1.330299128625308924e+02
2.057241773962803961e+02 1.019636883860059839e+02 1.330478605800494165e+02
2.057793731304460891e+02 1.019321628300169067e+02 1.330883860059825849e+02
2.058934061646507985e+02 1.021429054493432176e+02 1.332450773832748041e+02
2.059456626349330293e+02 1.023117960723110969e+02 1.333724801664715756e+02
2.059910521524255387e+02 1.022776433866562655e+02 1.334500715307582368e+02
2.060555859019378317e+02 1.023241773962804047e+02 1.335457666796722549e+02
2.060078553778124615e+02 1.023429314605280211e+02 1.335029782806606704e+02
2.058723371049551361e+02 1.021596566523605105e+02 1.333239693068019278e+02
2.056601898816491030e+02 1.020074131876706929e+02 1.330982182338405551e+02
2.054863051111978223e+02 1.018832357913902911e+02 1.329771621797372916e+02
2.053932370919495440e+02 1.018499154636493671e+02 1.329238912732475058e+02
2.054236961893614364e+02 1.018129795812199205e+02 1.331410326440369261e+02
2.054067368968656524e+02 1.017855637924307501e+02 1.331285212641435862e+02
2.054830277019118228e+02 1.019428794381584140e+02 1.331063597346859240e+02
2.055555208739758086e+02 1.020848484848484787e+02 1.331568214332162938e+02
2.056697359864741941e+02 1.022340486409155886e+02 1.333038106385745891e+02
2.058194823774223039e+02 1.024416699180647612e+02 1.332513460788138957e+02
2.059128885420730910e+02 1.024789439458967308e+02 1.334450773832748212e+02
2.058295226947587366e+02 1.024261932631031300e+02 1.334097281831187445e+02
2.058022369618936125e+02 1.024378982962673916e+02 1.334598257250617905e+02
2.056891923527116717e+02 1.022806866952789733e+02 1.333868123293015913e+02
2.056584471322668719e+02 1.022840681493042041e+02 1.333814540252308518e+02
2.055945376511900236e+02 1.021081545064377707e+02 1.333238912732474830e+02
2.055940954610482549e+02 1.020800104044739243e+02 1.332649759396540503e+02
2.056499934972038091e+02 1.021402523084926486e+02 1.331631941734946167e+02
2.057432175835609200e+02 1.021483938093380175e+02 1.331355442840421404e+02
2.056344908310573487e+02 1.019801014436207538e+02 1.329124203407465075e+02
2.054511640005202366e+02 1.017759656652360576e+02 1.327076082715567793e+02
2.052594095461048198e+02 1.016792560801144560e+02 1.325155676941084550e+02
2.052958772272077113e+02 1.016466640655481797e+02 1.325129145532579003e+02
2.052743919885550667e+02 1.015938873715697781e+02 1.325374170893484234e+02
2.051875926648458801e+02 1.015060996228378229e+02 1.323751072961373438e+02
2.051582000260111727e+02 1.015635323188971313e+02 1.324833918584991466e+02
2.052953830146963128e+02 1.015059955780985774e+02 1.325084146182858547e+02
2.052274157887891874e+02 1.014835999479776234e+02 1.325205358304070842e+02
2.053266484588372975e+02 1.014656002080894837e+02 1.325944336064507638e+02
2.053804916113928982e+02 1.014729353622057459e+02 1.326957211600988558e+02
2.053885290674990358e+02 1.013589543503706665e+02 1.327796852646638115e+02
2.053819742489270368e+02 1.012969436857848819e+02 1.326159968786578247e+02
2.053111197815060507e+02 1.013081024840681437e+02 1.324728833398361303e+02
2.052954870594355441e+02 1.012708024450513733e+02 1.323866822733775450e+02
2.053024840681493117e+02 1.012397450903888654e+02 1.324659643646768075e+02
2.053135128105085130e+02 1.012647418389907727e+02 1.325195734165691306e+02
2.053508388607100983e+02 1.012783196774613117e+02 1.325911561971647927e+02
2.054028092079594217e+02 1.013033944596176354e+02 1.325701911822083616e+02
2.053973468591494225e+02 1.012325139810118344e+02 1.325980751723240871e+02
2.053166861750552812e+02 1.011851996358434178e+02 1.324402913252698681e+02
2.052041357783847104e+02 1.009960202887241536e+02 1.322894004421901286e+02
2.050436727792950933e+02 1.008100663285212590e+02 1.320450253609051856e+02
2.050493692287683700e+02 1.007131226427363799e+02 1.320321758356093085e+02
2.050277539341917077e+02 1.008339966185459815e+02 1.320364676811028630e+02
2.050134737937312934e+02 1.008963454285342749e+02 1.319402002861230301e+02
2.050824814670308172e+02 1.009018597997138755e+02 1.320135258161009233e+02
2.050918194823774172e+02 1.008382624528547211e+02 1.321027962023670170e+02
2.051722720769930959e+02 1.011133047210300475e+02 1.323027181688125893e+02
2.052566783716998202e+02 1.010297828066068462e+02 1.323282611522954824e+02
2.052941865001950816e+02 1.010527766939784158e+02 1.323701651710235296e+02
2.051862921056054176e+02 1.009865522174535073e+02 1.322572766289504500e+02
2.051223826245285409e+02 1.008451294056444283e+02 1.320750162569904944e+02
2.051798153205878634e+02 1.008539211861100284e+02 1.321137208999869870e+02
2.051871244635193250e+02 1.007980751723241042e+02 1.321649889452464492e+02
2.052042398231239417e+02 1.008708544674209975e+02 1.321773702692157713e+02
2.052435427233710357e+02 1.009302900247106294e+02 1.322069970087137563e+02
2.052542853426973579e+02 1.009437898296267377e+02 1.322571725842112187e+02
2.053302640135258059e+02 1.010582130316035858e+02 1.322701001430615122e+02
2.053428534269735906e+02 1.010638834698920476e+02 1.322789179347119273e+02
2.053938873715697753e+02 1.010748601898816474e+02 1.322966055403823589e+02
2.052736636753804191e+02 1.009112758486149062e+02 1.319963844453114916e+02
2.051181688125894027e+02 1.007582520483807969e+02 1.318492391728443351e+02
2.048935622317596597e+02 1.006412797502926253e+02 1.315947717518533011e+02
2.048423982312394287e+02 1.006035375211340863e+02 1.315323969306801928e+02
2.048384445311483830e+02 1.005754974639094854e+02 1.314543113538821615e+02
2.047665236051502120e+02 1.004610482507478224e+02 1.315482377422291620e+02
2.048200546234880903e+02 1.004303030303030368e+02 1.315717518532969166e+02
2.048143581740148136e+02 1.004726232279880378e+02 1.316632592014566399e+02
2.049596046299909062e+02 1.005772142021069016e+02 1.317162699960983332e+02
2.050006502796202312e+02 1.006879958382104263e+02 1.317209780205488414e+02
2.050219014176095698e+02 1.007230068929639799e+02 1.317438418519963648e+02
2.049345298478345683e+02 1.005887111457926864e+02 1.317968786578228730e+02
2.049888151905319376e+02 1.006201066458577174e+02 1.318222135518272751e+02
2.050269735986474302e+02 1.006824034334763951e+02 1.318918454935622435e+02
2.050442450253609081e+02 1.006103264403693629e+02 1.319494082455455839e+02
2.050712186240083099e+02 1.006472103004291796e+02 1.318734035635323210e+02
2.051529717778644795e+02 1.007227467811158732e+02 1.319517492521784447e+02
2.051927949018077868e+02 1.007605930550136577e+02 1.319473793731304454e+02
2.052091559370529410e+02 1.007984653400962429e+02 1.321339315905839555e+02
2.052465079984393412e+02 1.007663415268565501e+02 1.322594355572896347e+02
2.052419040187280643e+02 1.007471192612823501e+02 1.321609312004161723e+02
2.050340486409155858e+02 1.005440759526596395e+02 1.318438028352191509e+02
2.049275848614904305e+02 1.004596696579529151e+02 1.315631161399401776e+02
2.047913642866432440e+02 1.002995448042658353e+02 1.316151124983742875e+02
2.047964104564962895e+02 1.003521134087657742e+02 1.314155806997008824e+02
2.048023149954480289e+02 1.003180127454805586e+02 1.314091819482377446e+02
2.048273897776043668e+02 1.003784367277929448e+02 1.314517882689556529e+02
2.048706984003121363e+02 1.004803745610612538e+02 1.315921446221875328e+02
2.049634022629730907e+02 1.006050721810378406e+02 1.317175185329691658e+02
2.049744049941474771e+02 1.006431525555989026e+02 1.317419170243204576e+02
2.050592794901807849e+02 1.006858629210560565e+02 1.318146963194173509e+02
2.050774613083625866e+02 1.006672649239172870e+02 1.318077253218883982e+02
2.050560020808947854e+02 1.005850955911041780e+02 1.318075432435947505e+02
2.050217713616855235e+02 1.004891923527116688e+02 1.317167642086097032e+02
2.050223956301209398e+02 1.005011835089088379e+02 1.318072311093770281e+02
2.050143321628300157e+02 1.004663805436337611e+02 1.317950578748861972e+02
2.050584991546365075e+02 1.004954870594355612e+02 1.316138899726882698e+02
2.051121082065288022e+02 1.005885030563142095e+02 1.315409285992977004e+02
2.050900247106255563e+02 1.006541812979581181e+02 1.314562361815580687e+02
2.052192482767590036e+02 1.007673819742489201e+02 1.314730914293145929e+02
2.052240863571335581e+02 1.007962023670178127e+02 1.314280660684094073e+02
2.051878527766939726e+02 1.005988815190531938e+02 1.314737156977500376e+02
2.050013005592404625e+02 1.004722590714006998e+02 1.314697099752893621e+02
2.048684354272337202e+02 1.001425673039406945e+02 1.314676030693198072e+02
2.047552867733125197e+02 1.001226167251918326e+02 1.314514501235531156e+02
2.046731954740538413e+02 1.000292105605410313e+02 1.315158017947717610e+02
2.046812329301599789e+02 1.000889842632331863e+02 1.314657042528287150e+02
2.046297047730524241e+02 1.002123293015996808e+02 1.315844193002991176e+02
2.047412407335154114e+02 1.001939393939393881e+02 1.315692547795551945e+02
2.048314475224346438e+02 1.002288984263233260e+02 1.315524515541683002e+02
2.049843672779295218e+02 1.003462608921836363e+02 1.316580829756795481e+02
2.050126154246325996e+02 1.004109246976199756e+02 1.316055403823644099e+02
2.050708024450513847e+02 1.004032253869163753e+02 1.314687475614514369e+02
2.049715177526336447e+02 1.004643256600338077e+02 1.313558069970087274e+02
2.050453635063077229e+02 1.006421641305761483e+02 1.312986084016126824e+02
2.050751463129145407e+02 1.007285732865131962e+02 1.314151645207439287e+02
2.051031603589543408e+02 1.006827415788789182e+02 1.315156197164780849e+02
2.051744570165170956e+02 1.006104304851085942e+02 1.314841201716738226e+02
2.052289244375081410e+02 1.007621277149174119e+02 1.315834568864611924e+02
2.053343997919105277e+02 1.007325529977890426e+02 1.316735336194563786e+02
2.053220444791260206e+02 1.007204838080374572e+02 1.316510599557809940e+02
2.052649499284692354e+02 1.006075692547795484e+02 1.315882689556509320e+02
2.050679932370919403e+02 1.003580179477175136e+02 1.313694628690336970e+02
2.048839901157497820e+02 1.001678761867603100e+02 1.312247626479386042e+02
2.047857718819092270e+02 1.001588763168162330e+02 1.311888151905319262e+02
2.047553908180517510e+02 1.001136948888021863e+02 1.311265964364676790e+02
2.046994927818962253e+02 1.001257900897385866e+02 1.311950578748862029e+02
2.046810768630511177e+02 1.000185719859539546e+02 1.312352191442320191e+02
2.047429574717128276e+02 1.001533099232670025e+02 1.312930940304330818e+02
2.048503836649759364e+02 1.002538171413707886e+02 1.314401612693458219e+02
2.049002210950708900e+02 1.003175445441539892e+02 1.315523735206138554e+02
2.049886591234230764e+02 1.002883599947977586e+02 1.315814540252308404e+02
2.050748601898816617e+02 1.002165951359084346e+02 1.316828976459877651e+02
2.050295226947587537e+02 1.002453114839380959e+02 1.317132266874756112e+02
2.049707894394589687e+02 1.001834308752763718e+02 1.316264793861360261e+02
2.049642606320717846e+02 1.002566523605150195e+02 1.315400702301989782e+02
2.050132136818832009e+02 1.002089478475744500e+02 1.315381454025230710e+02
2.049932631031343533e+02 1.001801014436207566e+02 1.315204838080374543e+02
2.050273637664195689e+02 1.002715307582260351e+02 1.314513460788138843e+02
2.050145142411236918e+02 1.003343737807257128e+02 1.315694888802185005e+02
2.051428014046039721e+02 1.004525425933151297e+02 1.317375731564572732e+02
2.051701391598387261e+02 1.003803095330992363e+02 1.317418389907660412e+02
2.049870984523344930e+02 1.001489920665886331e+02 1.313621017037326055e+02
2.047130185979971486e+02 9.990446091819482888e+01 1.312080634672909412e+02
2.046172714267135007e+02 9.979669657952919692e+01 1.309412667447002150e+02
2.044535570295226989e+02 9.967896995708154861e+01 1.308919495383014748e+02
2.043818962153726204e+02 9.967199895955261013e+01 1.308095721160098890e+02
2.044072571205618374e+02 9.951574977240213116e+01 1.306814930420080714e+02
2.043773442580309450e+02 9.953286513200676211e+01 1.306786838340486270e+02
2.044994407595266068e+02 9.969249577318247191e+01 1.307353101833788571e+02
2.045421771361685614e+02 9.977146573026401200e+01 1.308415658733255214e+02
2.045746390948107774e+02 9.952152425542983849e+01 1.308232279880348585e+02
2.046516061906619939e+02 9.955276368838600831e+01 1.308972298088177979e+02
2.045784887501625633e+02 9.950989725582000744e+01 1.309188971257640901e+02
2.044943945896735613e+02 9.946060606060605380e+01 1.308847184289244296e+02
2.045231629600728240e+02 9.942603719599428302e+01 1.309682663545324601e+02
2.045202757185589917e+02 9.949847834568863902e+01 1.308548315775783522e+02
2.044590974118871145e+02 9.945340096241383776e+01 1.307626479386136111e+02
2.045599947977630393e+02 9.942960072831317575e+01 1.307580959812719357e+02
2.045149694368578537e+02 9.954920015606711559e+01 1.307519053192872889e+02
2.046239563012095175e+02 9.960304330862270206e+01 1.307657952919755360e+02
2.046405514371179493e+02 9.955367407985433204e+01 1.307663415268565359e+02
2.046258030953309799e+02 9.937253218884120542e+01 1.307487839771101505e+02
2.043991676420860983e+02 9.921849395239952685e+01 1.304388346989205445e+02
2.041854597476915103e+02 9.909829626739498565e+01 1.302294446612043259e+02
2.041685264663805413e+02 9.903857458707244632e+01 1.301670958512160325e+02
2.041152815710755704e+02 9.900348549876446214e+01 1.299566393549226291e+02
2.041907920405774348e+02 9.910427883990115561e+01 1.299654051242034143e+02
2.042346468981662042e+02 9.919404343867863361e+01 1.300845623618155855e+02
2.042853947197294815e+02 9.939432956171152966e+01 1.301594225516972188e+02
2.044144882299388826e+02 9.942684354272337544e+01 1.302078813889972650e+02
2.045146052802705299e+02 9.941113278709845247e+01 1.304229418650019454e+02
2.046052282481467159e+02 9.944333463389257588e+01 1.305110417479516229e+02
2.045559890753023922e+02 9.944065548185719194e+01 1.305327090648979151e+02
2.045009233970607454e+02 9.936246586031994354e+01 1.306754584471322573e+02
2.044931460528027003e+02 9.934922616725191347e+01 1.307348940044219034e+02
2.045559110417479474e+02 9.932448953049811280e+01 1.307293015996878580e+02
2.045618936142541315e+02 9.932597216803225137e+01 1.306828456236181637e+02
2.045674860189881770e+02 9.937133567433996006e+01 1.307008713746911042e+02
2.046397711015736718e+02 9.931054753544023583e+01 1.306046560020809011e+02
2.045977110157367633e+02 9.922164130576148011e+01 1.305653791130185937e+02
2.045445701651710237e+02 9.922374821173104920e+01 1.305160358954350386e+02
2.044645857718819002e+02 9.902413837950318509e+01 1.303156197164780963e+02
2.041969566913772951e+02 9.870071530758225720e+01 1.300159188451033856e+02
2.040038236441669994e+02 9.855804395890233138e+01 1.299458707244114919e+02
2.039595786188060913e+02 9.845389517492522202e+01 1.298129015476654899e+02
2.038431265444141047e+02 9.848812589413448393e+01 1.298775393419170143e+02
2.039011835089088436e+02 9.854212511379893158e+01 1.300557159578618780e+02
2.039401482637534002e+02 9.869088307972428709e+01 1.300461178306671854e+02
2.040393809338015387e+02 9.880111848094681193e+01 1.301744830277019105e+02
2.041435557289634630e+02 9.884224216413058173e+01 1.303052672649239128e+02
2.043072441149694498e+02 9.886336324619585980e+01 1.304096501495642997e+02
2.043360384965535275e+02 9.890204187800753743e+01 1.303566133437378198e+02
2.043138249447262353e+02 9.885001950838861262e+01 1.304503836649759307e+02
2.042843282611522966e+02 9.879815320587853478e+01 1.303166861750552812e+02
2.042769931070360201e+02 9.876132136818831952e+01 1.303941734946026827e+02
2.043053973208479590e+02 9.882569905059175142e+01 1.303062036675770514e+02
2.042602679152035421e+02 9.882062686955390518e+01 1.301435037065938332e+02
2.042111848094680795e+02 9.874040837560150408e+01 1.300743139550006617e+02
2.042490570945506647e+02 9.883659773702692064e+01 1.300049941474834156e+02
2.043429574717128503e+02 9.884679412147222877e+01 1.300422941865001860e+02
2.043301339576017597e+02 9.887826765509169036e+01 1.300596696579529237e+02
2.041347379373130480e+02 9.865753674079854818e+01 1.299985173624658614e+02
2.039939654051242144e+02 9.846333723501105339e+01 1.298341006632851986e+02
2.039352581610092443e+02 9.830979321108075908e+01 1.297377552347509493e+02
2.039139810118350908e+02 9.833809338015346668e+01 1.296962673949798273e+02
2.038941084666406596e+02 9.838332683053712913e+01 1.298162569905059058e+02
2.038811028742359213e+02 9.839107816361035930e+01 1.299018597997138897e+02
2.039269345818701993e+02 9.847936012485368451e+01 1.299747431395500143e+02
2.040211991156197087e+02 9.858434126674470122e+01 1.300245285472753380e+02
2.042085316686174963e+02 9.862086097021719411e+01 1.302193523214982349e+02
2.042754064247626502e+02 9.871959942775393415e+01 1.301966185459747578e+02
2.042257250617765578e+02 9.880044219014176576e+01 1.301173624658603103e+02
2.040561581480036466e+02 9.885217843672779736e+01 1.300641435817401543e+02
2.040532188841201844e+02 9.869520093640265657e+01 1.298739497984133209e+02
2.040565483157757853e+02 9.868513460788139469e+01 1.298011444921316127e+02
2.040191442320197552e+02 9.859812719469371700e+01 1.298220314735336274e+02
2.040486929379633239e+02 9.855939654051242371e+01 1.299407465210040300e+02
2.041220444791260320e+02 9.857086747301339358e+01 1.299438678631811683e+02
2.042274938223436038e+02 9.858603199375731663e+01 1.299751333073221531e+02
2.041627779945376631e+02 9.850565743269605434e+01 1.300364416699180765e+02
2.040439328911431858e+02 9.834548055663935884e+01 1.299094550656782303e+02
2.037482637534139656e+02 9.827829366627649677e+01 1.296686955390817957e+02
2.036541032644036875e+02 9.804434907010013944e+01 1.295237872285082688e+02
2.035504486929379766e+02 9.795838210430484594e+01 1.293435817401482666e+02
2.035159838730654087e+02 9.791944336064507581e+01 1.292904408895825270e+02
2.034570165171023461e+02 9.785959162439849024e+01 1.292165951359084488e+02
2.035246195864221477e+02 9.786645857718819741e+01 1.292119651450123570e+02
2.036579269085706869e+02 9.793117440499415238e+01 1.293533619456366353e+02
2.036752503576537947e+02 9.802348809988295386e+01 1.295055013655872074e+02
2.037264663805436271e+02 9.802702562101703165e+01 1.293734165691247142e+02
2.037246716087917946e+02 9.796719989595526101e+01 1.293495643126544508e+02
2.036396930680192554e+02 9.807405384315255503e+01 1.293520873975809593e+02
2.037405904538951802e+02 9.808523865262063168e+01 1.294548575887631614e+02
2.035968266354532545e+02 9.802947067238912382e+01 1.295576017687605770e+02
2.036390687995838107e+02 9.808154506437767850e+01 1.295166861750552698e+02
2.036657562751983335e+02 9.813471192612823302e+01 1.295725321888411941e+02
2.037536480686695199e+02 9.805540382364416985e+01 1.295332552997789151e+02
2.038839641045649671e+02 9.808947847574457057e+01 1.296383664975939780e+02
2.037453505007153183e+02 9.807746130836260079e+01 1.295859799713877010e+02
2.036102744179997330e+02 9.787043828846404381e+01 1.294097802054883459e+02
2.034690076732995294e+02 9.780853166861750481e+01 1.292395370009103885e+02
2.034021069059695606e+02 9.764918715047470243e+01 1.290802705163220310e+02
2.033250877877487426e+02 9.765233450383665570e+01 1.290534009624138321e+02
2.032703082325400032e+02 9.759979191052151748e+01 1.290437768240343246e+02
2.033036545714657279e+02 9.762265574196904083e+01 1.289436857848874922e+02
2.033247236311613904e+02 9.764936922876836434e+01 1.290497593965405088e+02
2.033991156197164685e+02 9.764179997398881028e+01 1.291385615814800474e+02
2.035191572376121769e+02 9.763303420470802507e+01 1.293194433606450673e+02
2.034694498634412696e+02 9.763267004812068706e+01 1.293549486279100051e+02
2.035520093640265316e+02 9.762393029002471678e+01 1.294045519573416527e+02
2.034731174404994078e+02 9.763789829626739447e+01 1.293546104825074679e+02
2.034434907010014228e+02 9.755835609312003953e+01 1.293121602288984207e+02
2.034662764988945298e+02 9.744393289114319145e+01 1.293389257380673598e+02
2.034824034334764065e+02 9.759071400702302412e+01 1.293690987124463447e+02
2.034900767329951918e+02 9.763194173494602524e+01 1.294450513720900062e+02
2.035036025490961151e+02 9.758054363376251672e+01 1.294524125373910692e+02
2.034657562751983448e+02 9.759479776303810183e+01 1.293628560280920681e+02
2.034448432826115152e+02 9.750178176615945347e+01 1.292645337495122817e+02
2.033443100533229426e+02 9.739014176095720643e+01 1.291027962023670170e+02
2.031437898296267406e+02 9.730016907270126580e+01 1.288442710365457060e+02
2.031262843022499567e+02 9.717458707244115601e+01 1.289207439198855525e+02
2.030117050331642474e+02 9.711650409676160223e+01 1.288205488359994888e+02
2.029537521134087683e+02 9.706976199765898627e+01 1.288690076732995067e+02
2.030914293146052785e+02 9.700850565743269271e+01 1.289364026531408456e+02
2.031272467160879103e+02 9.716498894524644925e+01 1.289458447132266770e+02
2.030852906749902331e+02 9.722400832357914169e+01 1.289192092599817840e+02
2.031400702301989725e+02 9.718473143451684848e+01 1.288482507478215666e+02
2.032830277019118341e+02 9.720673689686564956e+01 1.289847314345168456e+02
2.033039667056834503e+02 9.721438418519963420e+01 1.290132396930680159e+02
2.033173884770451423e+02 9.719050591754454160e+01 1.290049941474834156e+02
2.032332683053712969e+02 9.720460397971127975e+01 1.289276368838600604e+02
2.032431005332292955e+02 9.734433606450774334e+01 1.289343217583561056e+02
2.032157887891793564e+02 9.725243854857588133e+01 1.288432045779685211e+02
2.032158928339185877e+02 9.726474183899077275e+01 1.287307062036675802e+02
2.032844062947067130e+02 9.733523214982442084e+01 1.289060215892833980e+02
2.033355442840421290e+02 9.747616074912211559e+01 1.290414618285862787e+02
2.033282091299258809e+02 9.736860449993497468e+01 1.288512160228898438e+02
2.031885290674990188e+02 9.712201846794121707e+01 1.287964104564962895e+02
2.030511900117050459e+02 9.710284822473663269e+01 1.287183769020678881e+02
2.029073481597086754e+02 9.702047080244504684e+01 1.285770321238132397e+02
2.027205098192222579e+02 9.698941344778255313e+01 1.284272076993107135e+02
2.028038236441669824e+02 9.706333723501104771e+01 1.284249967486018988e+02
2.028217193393159050e+02 9.707423592144621693e+01 1.283599687865782357e+02
2.028846143841851983e+02 9.698075172324099924e+01 1.283361945636623886e+02
2.030592274678111551e+02 9.719282091299258752e+01 1.285497984133177169e+02
2.032155286773312639e+02 9.758748862010664027e+01 1.289295617115359676e+02
2.034181037846273910e+02 9.758816491091168643e+01 1.291670438288464027e+02
2.033382234360775271e+02 9.755487059435557740e+01 1.291374170893484177e+02
2.033133827545844667e+02 9.749972688255950004e+01 1.290086877357263688e+02
2.034130576147743454e+02 9.761383795031863997e+01 1.291829366627650018e+02
2.033418129795812206e+02 9.765251658213031760e+01 1.291568994667707102e+02
2.032667707114059112e+02 9.757919105215242439e+01 1.289991936532709076e+02
2.033523475094290518e+02 9.771494342567304159e+01 1.292527246716088030e+02
2.033958902328000988e+02 9.774397190792041101e+01 1.291467551046950177e+02
2.033715177526336220e+02 9.777071140590453524e+01 1.292599817921706347e+02
2.035049291195213925e+02 9.789631941734945997e+01 1.293054233320327739e+02
2.033263103134347887e+02 9.764752243464690196e+01 1.291831447522434644e+02
2.031987254519443411e+02 9.764086357133567162e+01 1.291372870334243714e+02
2.030528807387176471e+02 9.729751593185069680e+01 1.288477565353101966e+02
2.029116139940174151e+02 9.712162830016907833e+01 1.286297828066068405e+02
2.029921186110027236e+02 9.721441019638444914e+01 1.287535180127454737e+02
2.029825985173624758e+02 9.714365977370269434e+01 1.286918975159318563e+02
2.029089088307972304e+02 9.698660423982312295e+01 1.285433736506697926e+02
2.030127194693718309e+02 9.711309663155157068e+01 1.287298478345688579e+02
2.030224996748601995e+02 9.713445181428014052e+01 1.287547405384315198e+02
2.029750292625829218e+02 9.714087657692807909e+01 1.286817011314865340e+02
2.029454805566393532e+02 9.706341526856547830e+01 1.286257770841461934e+02
2.029374951229028454e+02 9.707017817661593995e+01 1.285526856548315777e+02
2.029134347769540909e+02 9.695983873065418379e+01 1.285449603329431625e+02
2.028516842242163989e+02 9.699508388607101494e+01 1.284961893614254222e+02
2.028219014176095811e+02 9.678683834048641188e+01 1.285567694108466696e+02
2.029256600338145518e+02 9.689566913772922874e+01 1.285520613863961614e+02
2.029129925868123223e+02 9.679550006502796577e+01 1.284710625568994544e+02
2.029171283651970441e+02 9.672017167381974900e+01 1.283962023670178212e+02
2.030220574847184309e+02 9.675234750942905748e+01 1.284300949408245458e+02
2.030731954740538470e+02 9.678371699830927355e+01 1.283494342567304045e+02
2.029881649109116779e+02 9.673765119001170376e+01 1.283152555598907441e+02
2.028397711015736888e+02 9.657245415528677768e+01 1.281136428664325706e+02
2.026417739628039953e+02 9.631366887761737416e+01 1.279441019638444601e+02
2.024960853166861625e+02 9.623553127844972721e+01 1.279048770971517683e+02
2.024613083625959291e+02 9.613068019248277096e+01 1.277315645727662883e+02
2.024318637013915918e+02 9.618930940304331045e+01 1.277110157367668108e+02
2.024706203667577142e+02 9.619271686825334200e+01 1.276321238132396871e+02
2.025452984783456998e+02 9.626125634022629640e+01 1.277609572116009815e+02
2.024839380933801465e+02 9.625587202497074202e+01 1.276915593705293333e+02
2.025163220184679460e+02 9.625678241643906574e+01 1.277530758226037193e+02
2.024537391078163751e+02 9.607748731954740151e+01 1.276202887241513793e+02
2.023856678371699900e+02 9.587535440239302886e+01 1.275718298868513472e+02
2.023715437638184369e+02 9.578735856418259687e+01 1.275472753283912084e+02
2.023580179477175136e+02 9.587785147613473669e+01 1.276266614644297022e+02
2.023725582000260204e+02 9.573632461958642637e+01 1.275021459227467773e+02
2.024265574196904538e+02 9.568981662114708797e+01 1.275245675640525462e+02
2.024023149954480516e+02 9.571098972558199591e+01 1.275139029782806546e+02
2.025222265574196854e+02 9.585613213681882883e+01 1.277174404994147494e+02
2.025515931850695779e+02 9.578184419300299624e+01 1.276502275978670866e+02
2.025660554038236398e+02 9.572891143191571928e+01 1.277022499674860256e+02
2.027746390948107660e+02 9.617534139680061855e+01 1.281318246846143722e+02
2.027128105085186576e+02 9.625464949928469593e+01 1.280526986604239710e+02
2.024105085186630220e+02 9.578660423982312011e+01 1.277044088958252104e+02
2.022065027962023578e+02 9.571192612823513457e+01 1.275556769410846698e+02
2.022956431265444053e+02 9.583488099882949030e+01 1.276053583040707480e+02
2.023049811418910053e+02 9.570305631421511805e+01 1.275234490831057315e+02
2.022246325920145580e+02 9.549470672389126946e+01 1.274044479126024214e+02
2.021957601768760640e+02 9.563940694498634798e+01 1.274886721290154696e+02
2.023292495773182509e+02 9.570230198985564130e+01 1.276393809338015330e+02
2.023494082455455896e+02 9.570295226947587253e+01 1.275988034854987632e+02
2.023183769020678824e+02 9.567777344258030325e+01 1.276393809338015330e+02
2.023633762517882815e+02 9.583787228508258238e+01 1.277223826245285494e+02
2.023218363896475580e+02 9.587004812069189086e+01 1.276538691637404099e+02
2.023848614904408976e+02 9.583802835219144356e+01 1.276523605150214564e+02
2.024254129275588525e+02 9.582005462348810454e+01 1.277116400052022414e+02
2.024052542593315138e+02 9.585582000260112068e+01 1.277834048640915654e+02
2.024482767590063759e+02 9.587064637794252064e+01 1.277548445831707653e+02
2.026094940824554556e+02 9.586206268695539734e+01 1.278922876837039979e+02
2.025508648718949019e+02 9.585730264013525925e+01 1.278963974509038906e+02
2.025992716868253467e+02 9.596457276628950694e+01 1.278972818311874136e+02
2.026710885680842864e+02 9.596059305501366055e+01 1.278733255299778904e+02
2.025514111067759018e+02 9.599102614124073796e+01 1.277405384315255503e+02
2.023881128885420821e+02 9.577164780855767390e+01 1.276290024710625630e+02
2.022682273377552349e+02 9.568453635063076490e+01 1.274757705813499769e+02
2.021800494212511410e+02 9.557976329821823924e+01 1.272947327350760816e+02
2.020835219144232155e+02 9.554844583170763883e+01 1.272889322408635735e+02
2.020198465340096163e+02 9.556644557159579279e+01 1.273207439198855440e+02
2.020114449213161549e+02 9.552368318376902323e+01 1.272417219404343882e+02
2.020902588112888623e+02 9.553250097541942409e+01 1.272489270386266043e+02
2.022138119391338194e+02 9.567160879178047139e+01 1.274037195994277596e+02
2.022126674470022181e+02 9.564026531408505605e+01 1.273839771101573746e+02
2.021742749382234479e+02 9.564133177266224095e+01 1.273304200806346671e+02
2.021854077253218804e+02 9.565862921056054802e+01 1.273511249837430057e+02
2.022339185849915566e+02 9.564682013265704086e+01 1.273740408375601447e+02
2.022095721160098947e+02 9.563701391598387147e+01 1.273810638574587131e+02
2.021756275198335402e+02 9.567212901547665638e+01 1.273354922616725133e+02
2.022154506437768191e+02 9.563823644166991755e+01 1.273086747301339585e+02
2.022583951098972648e+02 9.567002210950708729e+01 1.273967486018988211e+02
2.023654831577578364e+02 9.574264533749511941e+01 1.274402132917154375e+02
2.023233710495512980e+02 9.574727532839121125e+01 1.274807387176485918e+02
2.024164910911692061e+02 9.579534399791910459e+01 1.276172714267134864e+02
2.023990635973468670e+02 9.587140070230198319e+01 1.276195343997919167e+02
2.023697229808817895e+02 9.568193523214982577e+01 1.274928599297698071e+02
2.021978930940304338e+02 9.559810118350890207e+01 1.272089738587592649e+02
2.020032774092859995e+02 9.545761477435297593e+01 1.270332683053713083e+02
2.021263103134347716e+02 9.538889322408635962e+01 1.270334243724801695e+02
2.019819482377422162e+02 9.538530368058265196e+01 1.268824814670308285e+02
2.019514631291455373e+02 9.537453505007152899e+01 1.269276108726752454e+02
2.020425282871634920e+02 9.546531408505657623e+01 1.270785277669397857e+02
2.021103914683313860e+02 9.547595265964365296e+01 1.270782416439068783e+02
2.020747041227728005e+02 9.546752503576537663e+01 1.270273637664195547e+02
2.021656652360514954e+02 9.567582260371959535e+01 1.272782936662764968e+02
2.022481987254519424e+02 9.559560410976719425e+01 1.274287423592144677e+02
2.021705293276108648e+02 9.546762908050462215e+01 1.271692027571855874e+02
2.021847574457016492e+02 9.554339966185459332e+01 1.271960202887241564e+02
2.022413057614774345e+02 9.566029392638834850e+01 1.274045259461568520e+02
2.022418780075432494e+02 9.561721940434387079e+01 1.274006762908050518e+02
2.022817791650409731e+02 9.563186370139159465e+01 1.273317726622447594e+02
2.023044609181948204e+02 9.575203537521133512e+01 1.274202887241513906e+02
2.022639354922616803e+02 9.574324359474573498e+01 1.273778644817271442e+02
2.023531278449733293e+02 9.579732084796462743e+01 1.274813889972688230e+02
2.024092599817921609e+02 9.576355833008193486e+01 1.275216803225386855e+02
2.024729873845753616e+02 9.583462088698139780e+01 1.275881128885420708e+02
2.023088568084276346e+02 9.562190141760957829e+01 1.274199245675640526e+02
2.021595005852516636e+02 9.552539992196643936e+01 1.272604239823123891e+02
2.020384965535180015e+02 9.531496943685785084e+01 1.271282611522954937e+02
2.019400962413837988e+02 9.521789569514891127e+01 1.270683053713096626e+02
2.019585381714137213e+02 9.521760957211600385e+01 1.271142931460528018e+02
2.019551567173884905e+02 9.523051111978151084e+01 1.271127844973338483e+02
2.018977760436987978e+02 9.517159578618806393e+01 1.271247236311614017e+02
2.018897906099622901e+02 9.527603069319808071e+01 1.272146442970477267e+02
2.018890102744180126e+02 9.537536740798543633e+01 1.274172454155286829e+02
2.020805046169853085e+02 9.537567954220314448e+01 1.274773052412537453e+02
2.023138249447262353e+02 9.573905579399141175e+01 1.277587982832617968e+02
2.023207699310703731e+02 9.574810768630510438e+01 1.276451294056444254e+02
2.021956041097672028e+02 9.563506307712316357e+01 1.274168812589413449e+02
2.021697229808817724e+02 9.563402262973077939e+01 1.273328911431915742e+02
2.022913512810508507e+02 9.571177006112628760e+01 1.273891533359344521e+02
2.023028482247366355e+02 9.582533489400442761e+01 1.274590714007022996e+02
2.024409676160749143e+02 9.594927818962153765e+01 1.276393809338015330e+02
2.024102223956301145e+02 9.592459357523735264e+01 1.276525425933151325e+02
2.025548445831707625e+02 9.604122772792300111e+01 1.278114449213161663e+02
2.026039276889062251e+02 9.603410066328521566e+01 1.278216413057614744e+02
2.025790870074131931e+02 9.597047730524126052e+01 1.278071270646377968e+02
2.023969306801924688e+02 9.579261282351410500e+01 1.277322148523865195e+02
2.022605020158668196e+02 9.574030433086227276e+01 1.276356353231889642e+02
2.021559110417479417e+02 9.560686695278970149e+01 1.274804265834308694e+02
2.021610612563402185e+02 9.559804916113928641e+01 1.274600078033554382e+02
2.021374431005332326e+02 9.555419430355053123e+01 1.274193783326830527e+02
2.021276628950448639e+02 9.557978930940303997e+01 1.274456496293406218e+02
2.021818181818181870e+02 9.572807907400182614e+01 1.275397580959812700e+02
2.022394329561711572e+02 9.581794771751853546e+01 1.274760306931980693e+02
2.022298868513460661e+02 9.570329041487839561e+01 1.274566783716998373e+02
2.022494212511379885e+02 9.560840161269345572e+01 1.273430875276368823e+02
2.023456106125634051e+02 9.568682533489401010e+01 1.274759266484588380e+02
2.024176355833008074e+02 9.577034724931721144e+01 1.275218884120171623e+02
2.022211731044349108e+02 9.570940304330862602e+01 1.274737677201196533e+02
2.022007543243594796e+02 9.568711145792690331e+01 1.274429704773052379e+02
2.023105475354402358e+02 9.573749512290284258e+01 1.275994277539341937e+02
2.023647548445831603e+02 9.575848614904408862e+01 1.277569514891403344e+02
2.023617375471452817e+02 9.584851085966965911e+01 1.277673299518793044e+02
2.024682013265704370e+02 9.591728443230589107e+01 1.276609181948237790e+02
2.025516191962543928e+02 9.593289114319156852e+01 1.277453765119001190e+02
2.025144232019768538e+02 9.596644557159578426e+01 1.276875276368838570e+02
2.023169462869033737e+02 9.584036935882429020e+01 1.274493952399531764e+02
2.020011184809468148e+02 9.560449993497203991e+01 1.271170243204578014e+02
2.019404603979711226e+02 9.545397320847965261e+01 1.272044999349720342e+02
2.019235531278449685e+02 9.542861230329042144e+01 1.272151385095591110e+02
2.019559630641175829e+02 9.539576017687605258e+01 1.271981271946937113e+02
2.019751072961373382e+02 9.542286383144752904e+01 1.270696579529197550e+02
2.020469761997659077e+02 9.554313955000650083e+01 1.271120301729743858e+02
2.020167512030172929e+02 9.557268825595005524e+01 1.270837820262712938e+02
2.021014956431265546e+02 9.560801144492131698e+01 1.271550526726492336e+02
2.021372610222395565e+02 9.558738457536740896e+01 1.272994407595265898e+02
2.021738327480816793e+02 9.567275328391208689e+01 1.273498764468721589e+02
2.021512550396670633e+02 9.566710885680842580e+01 1.271819742489270340e+02
2.020597737026921550e+02 9.551746651059956150e+01 1.271900637274027872e+02
2.021376772011965102e+02 9.561623097932110227e+01 1.272834698920535885e+02
2.023197034724931598e+02 9.572615424632591896e+01 1.275154896605540387e+02
2.022130836259591717e+02 9.570836259591624184e+01 1.274197945116400064e+02
2.022505137208999884e+02 9.559469371829887052e+01 1.274513981011835142e+02
2.023357263623358051e+02 9.576439068799584220e+01 1.275825725061776552e+02
2.023678501755754837e+02 9.567512030172974846e+01 1.275707894394589630e+02
2.021982832618025725e+02 9.546981402002860762e+01 1.273940434386786364e+02
2.019914943425673073e+02 9.531686825334894309e+01 1.271977110157367719e+02
2.018716608141500899e+02 9.513499804916114044e+01 1.270483808037456157e+02
2.018510859669657975e+02 9.507142671348680096e+01 1.269989855637924308e+02
2.018058004942125194e+02 9.494870594355572280e+01 1.268960593055013675e+02
2.018060345948757970e+02 9.505415528677330883e+01 1.269674339966185528e+02
2.018856808427623832e+02 9.517841071660814123e+01 1.271543243594745718e+02
2.019555989075302307e+02 9.530906489790609726e+01 1.272696059305501421e+02
2.020300689296397536e+02 9.530568344388086643e+01 1.273174925217843736e+02
2.021021199115619709e+02 9.546133437378072983e+01 1.273718038756665436e+02
2.020968396410456478e+02 9.536535310183379011e+01 1.274430485108596685e+02
2.021285732865131877e+02 9.532563402262972829e+01 1.273756275198335288e+02
2.020363116139940303e+02 9.541992456756405261e+01 1.272510859669657890e+02
2.020603199375731549e+02 9.540231499544803739e+01 1.272985043568734511e+02
2.021148653921186167e+02 9.539552607621277502e+01 1.272053583040707565e+02
2.021405644427103709e+02 9.553874365977370076e+01 1.272068409416048951e+02
2.021328131096371408e+02 9.554142281180908469e+01 1.271301339576017710e+02
2.022144882299388655e+02 9.557313044609182384e+01 1.271350240603459554e+02
2.023500065027961909e+02 9.559661854597476349e+01 1.272262192742879421e+02
2.023619716478085593e+02 9.566175055273767214e+01 1.272523084926518351e+02
2.023045909741188666e+02 9.547774743139549969e+01 1.272166991806476801e+02
2.019895695148914001e+02 9.520041617895695651e+01 1.269390557939914146e+02
2.019904018728053074e+02 9.539045389517492879e+01 1.271486799323709249e+02
2.019440239302900295e+02 9.530022109507088146e+01 1.271736766809728181e+02
2.018540512420340747e+02 9.506924177396280129e+01 1.270334763948497852e+02
2.018210430485108589e+02 9.504130576147743170e+01 1.270542853426973551e+02
2.019303420470802450e+02 9.526284302249968050e+01 1.271722980881779108e+02
2.020062426843542767e+02 9.535466250487709772e+01 1.271429054493432176e+02
2.020653921186110153e+02 9.524684614384185011e+01 1.271214462218754022e+02
2.021585901937833398e+02 9.534490831057354399e+01 1.271966185459747720e+02
2.022502796202367108e+02 9.537903498504357458e+01 1.273580179477175136e+02
2.021234490831057258e+02 9.544112368318377548e+01 1.272427363766419575e+02
2.021322148523865394e+02 9.546523605150214564e+01 1.270692677851476162e+02
2.020992066588633236e+02 9.546606840941605299e+01 1.270144362075692612e+02
2.020890622967876311e+02 9.552103004291845423e+01 1.269693068019248301e+02
2.021968526466380638e+02 9.555448042658342445e+01 1.270293926388346932e+02
2.021003771621797398e+02 9.548123293015996182e+01 1.270613863961503398e+02
2.022169072701261427e+02 9.554748341786968524e+01 1.271223566133437402e+02
2.022644036935882355e+02 9.544362075692548331e+01 1.271306021589283404e+02
2.022008583690987109e+02 9.545566393549226802e+01 1.271385875926648481e+02
2.020844323058915393e+02 9.542876837039926841e+01 1.270447912602419080e+02
2.018796462478865976e+02 9.517268825595006376e+01 1.267794511640005197e+02
2.017954220314735210e+02 9.499612433346338491e+01 1.267445181428014109e+02
2.017988815190531966e+02 9.503602549096110863e+01 1.268464039537000900e+02
2.018371699830927355e+02 9.501643906879958479e+01 1.269061256340226294e+02
2.017566133437377971e+02 9.493099232670047627e+01 1.268617245415528743e+02
2.018026271296657512e+02 9.504260632071790837e+01 1.270623488099882934e+02
2.019048250747821669e+02 9.515934451814280237e+01 1.271641825985173568e+02
2.020185459747691539e+02 9.534501235531278951e+01 1.272065548185719877e+02
2.020188060866172464e+02 9.529142931460528132e+01 1.271859799713876953e+02
2.019661074261932754e+02 9.516691377292235643e+01 1.271100533229288629e+02
2.020596176355832938e+02 9.536243984913512861e+01 1.271405124203407411e+02
2.019972948367798153e+02 9.540140460397971367e+01 1.270328521264143546e+02
2.020154766549616454e+02 9.534212511379892874e+01 1.270454155286773243e+02
2.019591884510339526e+02 9.527800754324358934e+01 1.268009364026531358e+02
2.020889062296787699e+02 9.549148133697489982e+01 1.269699830927298763e+02
2.021401222525686023e+02 9.553211080764728536e+01 1.271068539471972940e+02
2.022671088568084201e+02 9.568016647158277976e+01 1.272879698270256199e+02
2.023674079854337435e+02 9.567936012485368735e+01 1.273758356093120057e+02
2.024923397060736079e+02 9.568752763688385699e+01 1.273514111067759131e+02
2.023275328391208348e+02 9.547548445831706942e+01 1.271446221875406479e+02
2.021187410586552176e+02 9.548266354532448474e+01 1.271456366237482172e+02
2.019920405774483072e+02 9.540814150084536038e+01 1.270838080374561088e+02
2.018499674860189828e+02 9.516769410846663391e+01 1.269024840681493060e+02
2.018838860710105223e+02 9.512984783456886362e+01 1.268949928469241826e+02
2.019119001170503225e+02 9.521979451164000352e+01 1.269458447132266912e+02
2.019682403433476452e+02 9.524968136298608101e+01 1.270931980751723245e+02
2.019900377162179836e+02 9.530388867212901971e+01 1.271343477695409092e+02
2.021419170243204633e+02 9.541932631031343703e+01 1.273440239302900210e+02
2.022064507738327563e+02 9.554896605540382382e+01 1.274386005982572527e+02
2.021940954610482493e+02 9.553018597997139238e+01 1.274130316035895447e+02
2.022831317466510654e+02 9.544096761607491430e+01 1.273508388607100983e+02
