1.922965388446215229e+02 6.648603087649402710e+01 1.082342878486055753e+02
1.921944223107569769e+02 6.629556772908367179e+01 1.080007968127490017e+02
1.920203187250995995e+02 6.610293824701194865e+01 1.078045318725099548e+02
1.916668575697211168e+02 6.561705677290837002e+01 1.074313994023904399e+02
1.917218376494024028e+02 6.507843625498007611e+01 1.073381474103585589e+02
1.916954183266932148e+02 6.503326693227091937e+01 1.071786603585657360e+02
1.918220866533864637e+02 6.506302290836653412e+01 1.071769671314741004e+02
1.919110557768924252e+02 6.490209163346614218e+01 1.071964392430278821e+02
1.919971613545816638e+02 6.503401394422310489e+01 1.072923306772908347e+02
1.923191235059761084e+02 6.514708665338645233e+01 1.073705926294820756e+02
1.925398904382469993e+02 6.519661354581673152e+01 1.074783366533864495e+02
1.927033615537848732e+02 6.542447709163346303e+01 1.076768675298804823e+02
1.927916583665338521e+02 6.585831673306772416e+01 1.076751992031872476e+02
1.928851593625498140e+02 6.630097111553784828e+01 1.077813496015936323e+02
1.931347111553784828e+02 6.666827689243028487e+01 1.079748007968127439e+02
1.930527390438247153e+02 6.659312749003983356e+01 1.077832171314741032e+02
1.926844870517928427e+02 6.609962649402390866e+01 1.074228834661354597e+02
1.925472111553784771e+02 6.592168824701195717e+01 1.072999252988047800e+02
1.925121513944223182e+02 6.600064741035856741e+01 1.073266185258964214e+02
1.923870019920318839e+02 6.589277888446214604e+01 1.074599850597609532e+02
1.923342878486055838e+02 6.580809262948207561e+01 1.074795318725099662e+02
1.922941235059761027e+02 6.581947211155377886e+01 1.073451195219123520e+02
1.925630478087649351e+02 6.547579681274901020e+01 1.074492778884462183e+02
1.926055776892430345e+02 6.538142430278884376e+01 1.075249252988047743e+02
1.926876494023904343e+02 6.524392430278884092e+01 1.075233814741035872e+02
1.927988794820717260e+02 6.515552788844621546e+01 1.077792579681274958e+02
1.929432270916334744e+02 6.518921812749003664e+01 1.078040836653386521e+02
1.927639691235059729e+02 6.570253984063745634e+01 1.078625249003984123e+02
1.926407868525896276e+02 6.606927290836652844e+01 1.080457918326693232e+02
1.926035109561752847e+02 6.618030378486055554e+01 1.079779631474103638e+02
1.923931274900398307e+02 6.608563247011952058e+01 1.077657619521912409e+02
1.921697211155378398e+02 6.592034362549800619e+01 1.077161354581673294e+02
1.922449950199203101e+02 6.566740537848605186e+01 1.076187749003984067e+02
1.925229581673306711e+02 6.573438745019920759e+01 1.074807270916334687e+02
1.927037848605577608e+02 6.575107071713146922e+01 1.076461902390438183e+02
1.927221115537848561e+02 6.562791334661353915e+01 1.076404880478087591e+02
1.926956175298804794e+02 6.567006972111553864e+01 1.074664342629482121e+02
1.926250498007968019e+02 6.592729083665338408e+01 1.076358067729083672e+02
1.925526892430278849e+02 6.626743027888446136e+01 1.078120766932270982e+02
1.925550049800796728e+02 6.650136952191235196e+01 1.080050049800796756e+02
1.925411852589641342e+02 6.654970119521912864e+01 1.080483565737051777e+02
1.925675298804780766e+02 6.669875498007968417e+01 1.081146663346613508e+02
1.927825448207171348e+02 6.652786354581672867e+01 1.082481822709163310e+02
1.929496513944223182e+02 6.646349601593625778e+01 1.083808515936254935e+02
1.928505478087649294e+02 6.620933764940238575e+01 1.082920069721115510e+02
1.926134711155378625e+02 6.586421812749003379e+01 1.080622509960159334e+02
1.925036852589641398e+02 6.564726095617530177e+01 1.078152141434262887e+02
1.925373007968127581e+02 6.582415338645418501e+01 1.080156374501992076e+02
1.926171563745020023e+02 6.608886952191235764e+01 1.082135707171314749e+02
1.926585657370517879e+02 6.628483565737052174e+01 1.083444970119521855e+02
1.928156623505976199e+02 6.646247509960159050e+01 1.085271912350597603e+02
1.928006972111553807e+02 6.649733565737051322e+01 1.085840637450199182e+02
1.927077689243027976e+02 6.666262450199202760e+01 1.084777639442231134e+02
1.924703436254980033e+02 6.668560756972111392e+01 1.080650896414342697e+02
1.923365786852589565e+02 6.673969123505976597e+01 1.080276145418326763e+02
1.922645169322709080e+02 6.660874003984064018e+01 1.077879731075697265e+02
1.921943725099601465e+02 6.654738545816732653e+01 1.077328187250996052e+02
1.922085657370517993e+02 6.609155876494024540e+01 1.076070966135458207e+02
1.923551543824701184e+02 6.566267430278884376e+01 1.075571962151394416e+02
1.920859063745020023e+02 6.515859063745020308e+01 1.073459661354581698e+02
1.919248505976095487e+02 6.484394920318725042e+01 1.073997509960159391e+02
1.918997758964143543e+02 6.481728087649402426e+01 1.072862798804780908e+02
1.918476593625497912e+02 6.525522908366534125e+01 1.073937001992031810e+02
1.918348854581673208e+02 6.554238047808765089e+01 1.074318476095617569e+02
1.918669322709163225e+02 6.587826195219123804e+01 1.075013446215139510e+02
1.919037350597609475e+02 6.598742529880478003e+01 1.075610806772908319e+02
1.919126743027888438e+02 6.599218127490040331e+01 1.076828436254980090e+02
1.920397659362549803e+02 6.585796812749003948e+01 1.075218625498008009e+02
1.920680776892430401e+02 6.582943227091632821e+01 1.075939243027888494e+02
1.920854830677290863e+02 6.573027888446215172e+01 1.074988545816733136e+02
1.922007221115537732e+02 6.585179282868526229e+01 1.076470119521912352e+02
1.922560009960159277e+02 6.582201195219123235e+01 1.078109561752987986e+02
1.924672061752987986e+02 6.600652390438247608e+01 1.078263197211155386e+02
1.925089143426294811e+02 6.575928784860558096e+01 1.076710657370517907e+02
1.923615039840637451e+02 6.545622509960159618e+01 1.075224352589641370e+02
1.923280876494023914e+02 6.531352091633466728e+01 1.074770418326693289e+02
1.924935258964143543e+02 6.558528386454183590e+01 1.076036105577689312e+02
1.929232818725099605e+02 6.607490039840637053e+01 1.080298306772908319e+02
1.931868027888446306e+02 6.633685258964143827e+01 1.083387450199203244e+02
1.935281872509960124e+02 6.649551792828685848e+01 1.086742031872509955e+02
1.936236304780876480e+02 6.659277888446214888e+01 1.085322958167330682e+02
1.935787101593625437e+02 6.678072709163346588e+01 1.088155876494023886e+02
1.936037350597609645e+02 6.700353585657370559e+01 1.090275398406374450e+02
1.936088894422310887e+02 6.734833167330677384e+01 1.089994272908366497e+02
1.936124003984063791e+02 6.742582171314741402e+01 1.091024651394422307e+02
1.936033366533864637e+02 6.744713645418326564e+01 1.091736304780876452e+02
1.936656623505976142e+02 6.754907868525896220e+01 1.093075448207171263e+02
1.937954681274900395e+02 6.738187250996016076e+01 1.091167828685259025e+02
1.935254233067729217e+02 6.703849601593626062e+01 1.088744770916334659e+02
1.934048804780876480e+02 6.666817729083665256e+01 1.086830677290836604e+02
1.933030627490039706e+02 6.650024900398406658e+01 1.084180527888446193e+02
1.933162350597609702e+02 6.638204681274901020e+01 1.084628735059760913e+02
1.932609561752988157e+02 6.620590139442231248e+01 1.082200946215139510e+02
1.933824701195219120e+02 6.636598605577688659e+01 1.083716135458167287e+02
1.935697460159362606e+02 6.661314741035856457e+01 1.085630229083665341e+02
1.936735308764940271e+02 6.669870517928286802e+01 1.086875498007968162e+02
1.936847609561752961e+02 6.674863047808764804e+01 1.086892181274900366e+02
1.935057519920318612e+02 6.717477589641434577e+01 1.088793077689243063e+02
1.933844621513944162e+02 6.729118525896414837e+01 1.090282370517928285e+02
1.933014691235059672e+02 6.732741533864542305e+01 1.090966882470119543e+02
1.932981075697211111e+02 6.747109063745020308e+01 1.091483565737051862e+02
1.931461902390438183e+02 6.734576693227091937e+01 1.090566982071713085e+02
1.931479332669322844e+02 6.682285856573705018e+01 1.088238296812749013e+02
1.930913595617529950e+02 6.642318227091632821e+01 1.085933764940239001e+02
1.932349601593625437e+02 6.640072211155379023e+01 1.086243525896414326e+02
1.934677041832669318e+02 6.645702191235059786e+01 1.088162848605577722e+02
1.936657370517928314e+02 6.670039840637450368e+01 1.090088894422310801e+02
1.938527639442231134e+02 6.696939741035856741e+01 1.093384960159362578e+02
1.939481324701195319e+02 6.731162848605578120e+01 1.094731573705179244e+02
1.941091882470119572e+02 6.741215139442230964e+01 1.098217878486055810e+02
1.942063247011952285e+02 6.753690239043824306e+01 1.097996762948207135e+02
1.941846613545816638e+02 6.750460657370517481e+01 1.099264193227091653e+02
1.941143426294820813e+02 6.764427290836653128e+01 1.099784860557768980e+02
1.940162599601593740e+02 6.772873505976095032e+01 1.100051045816733080e+02
1.939314990039840723e+02 6.762664342629481951e+01 1.098471364541832713e+02
1.938235308764940328e+02 6.747636952191234627e+01 1.095673306772908404e+02
1.933459163346613536e+02 6.703523406374502258e+01 1.091397161354581726e+02
1.930237300796812860e+02 6.630901394422311057e+01 1.087572460159362606e+02
1.929637201195219234e+02 6.600537848605577551e+01 1.086865288844621489e+02
1.931008217131474112e+02 6.589245517928286233e+01 1.087135458167330739e+02
1.932336653386454088e+02 6.595455677290836149e+01 1.087925049800796842e+02
1.931905627490039876e+02 6.598085159362550201e+01 1.087415089641434207e+02
1.931860557768924309e+02 6.624472111553784259e+01 1.085816235059760970e+02
1.932223107569721208e+02 6.638550796812748445e+01 1.084996762948207163e+02
1.932950199203187367e+02 6.653334163346613650e+01 1.083969123505976029e+02
1.933217380478087648e+02 6.675963645418326564e+01 1.084984810756972138e+02
1.933784860557769036e+02 6.694559262948207845e+01 1.085418575697211168e+02
1.936089143426294754e+02 6.671613545816732938e+01 1.086006474103585617e+02
1.937037101593625437e+02 6.664036354581674004e+01 1.087011454183266892e+02
1.937024402390438240e+02 6.659116035856573035e+01 1.088019173306772842e+02
1.937217380478087705e+02 6.644424800796812747e+01 1.086569721115537845e+02
1.934979332669322787e+02 6.604840637450199381e+01 1.083620019920318782e+02
1.931478087649402369e+02 6.585301294820716578e+01 1.082020169322709222e+02
1.929742280876494078e+02 6.581840139442230964e+01 1.080532619521912352e+02
1.929163346613545684e+02 6.577417828685258883e+01 1.079801543824701184e+02
1.928096613545816638e+02 6.557893426294820927e+01 1.077767679282868585e+02
1.926891185258964185e+02 6.566924800796812178e+01 1.075863545816733051e+02
1.926795318725099548e+02 6.575629980079681047e+01 1.078348605577689199e+02
1.928234063745019853e+02 6.593192231075697407e+01 1.081290338645418387e+02
1.928540836653386350e+02 6.591850099601593627e+01 1.083068476095617569e+02
1.930124501992031867e+02 6.595891434262948394e+01 1.084218625498007924e+02
1.931029880478087648e+02 6.617320717131474339e+01 1.085226842629482036e+02
1.931880478087649351e+02 6.622617031872509585e+01 1.084638446215139425e+02
1.930647908366533727e+02 6.612492529880478287e+01 1.082293326693227158e+02
1.928419322709163453e+02 6.562250996015936266e+01 1.077945219123506035e+02
1.925020169322709194e+02 6.510082171314741117e+01 1.072539093625498055e+02
1.921386205179282740e+02 6.461484063745020023e+01 1.068424302788844642e+02
1.918042828685258883e+02 6.464467131474103212e+01 1.064203436254980062e+02
1.916992031872509870e+02 6.462818725099602091e+01 1.063597609561752932e+02
1.916828934262948110e+02 6.477397908366533841e+01 1.063368027888446221e+02
1.917061503984063791e+02 6.495659860557769605e+01 1.065795318725099605e+02
1.918053037848605697e+02 6.515326195219122951e+01 1.066956673306772956e+02
1.918699701195219234e+02 6.528237051792828538e+01 1.068067729083665398e+02
1.919988296812749127e+02 6.538705179282868585e+01 1.069359561752987986e+02
1.919423555776892556e+02 6.539604083665338408e+01 1.069655876494023943e+02
1.919330677290836604e+02 6.542724103585656792e+01 1.070298057768924309e+02
1.918373754980079582e+02 6.533159860557769605e+01 1.070249750996015905e+02
1.917501494023904343e+02 6.532856075697210940e+01 1.070075946215139453e+02
1.917074950199203158e+02 6.532064243027888040e+01 1.070276145418326763e+02
1.916758964143426169e+02 6.513959163346613934e+01 1.069051294820717146e+02
1.913472858565737056e+02 6.472318227091633958e+01 1.065321962151394359e+02
1.911199203187250930e+02 6.452313247011952058e+01 1.064420318725099577e+02
1.911401643426294754e+02 6.436725597609562044e+01 1.065056523904382431e+02
1.913313247011952285e+02 6.454053784860558096e+01 1.066078187250996052e+02
1.915443476095617541e+02 6.470425796812749297e+01 1.067688745019920304e+02
1.916158615537848675e+02 6.495328685258964185e+01 1.068716882470119458e+02
1.917647659362549746e+02 6.498712649402389729e+01 1.069915587649402369e+02
1.919861553784860462e+02 6.495488047808764520e+01 1.069082420318725042e+02
1.921242529880478003e+02 6.483132470119521429e+01 1.069587151394422335e+02
1.922130727091633560e+02 6.475923804780876480e+01 1.069312749003984067e+02
1.922841384462151382e+02 6.481157868525896504e+01 1.070339143426294868e+02
1.922376494023904456e+02 6.464631474103585163e+01 1.069145916334661308e+02
1.921963894422310659e+02 6.467415338645417933e+01 1.069194970119521884e+02
1.921086902390438240e+02 6.471471613545816126e+01 1.069599352589641370e+02
1.918351344621513874e+02 6.421643426294821211e+01 1.065869023904382402e+02
1.914801792828685336e+02 6.387171314741036099e+01 1.063358565737051862e+02
1.914585657370517993e+02 6.400351095617530461e+01 1.062811752988047829e+02
1.913819721115537789e+02 6.426130478087650033e+01 1.061390438247011900e+02
1.915147659362549746e+02 6.441078187250995768e+01 1.063389193227091596e+02
1.915880478087649408e+02 6.450956175298804851e+01 1.064951942231075748e+02
1.916832171314740947e+02 6.476489043824700786e+01 1.065789342629482093e+02
1.918378735059760913e+02 6.490214143426294413e+01 1.067685009960159306e+02
1.918744023904382345e+02 6.490786852589641853e+01 1.067849601593625550e+02
1.919216882470119572e+02 6.489028884462150870e+01 1.067901643426294811e+02
1.919841384462151268e+02 6.486040836653386066e+01 1.069514442231075719e+02
1.920080677290836775e+02 6.497178784860557244e+01 1.070874003984063734e+02
1.919975597609561646e+02 6.487751494023903831e+01 1.069876494023904314e+02
1.919356822709163453e+02 6.482818725099600954e+01 1.069520418326693232e+02
1.916495517928286745e+02 6.464387450199203045e+01 1.065813745019920304e+02
1.911924053784860575e+02 6.401469123505975745e+01 1.060077938247011957e+02
1.907662350597609588e+02 6.353269422310756909e+01 1.057009960159362549e+02
1.906611802788844727e+02 6.344277888446215030e+01 1.056978087649402340e+02
1.906610059760956233e+02 6.355814243027888466e+01 1.056579432270916357e+02
1.907686752988047942e+02 6.378916832669322901e+01 1.058181772908366582e+02
1.907666832669322616e+02 6.380829183266932603e+01 1.057755229083665398e+02
1.907598605577689170e+02 6.394103585657370559e+01 1.056519422310756937e+02
1.907822211155378511e+02 6.386663346613546111e+01 1.057178037848605641e+02
1.908662350597609532e+02 6.433926792828685848e+01 1.059859312749003948e+02
1.908009462151394473e+02 6.446735557768924707e+01 1.060533615537848675e+02
1.909253984063745122e+02 6.491581175298804851e+01 1.062867778884462098e+02
1.909098107569721208e+02 6.510194223107569655e+01 1.064937998007968076e+02
1.908938745019920304e+02 6.515019920318725610e+01 1.065205179282868500e+02
1.911761703187250987e+02 6.485343625498008180e+01 1.064838147410358573e+02
1.910859810756972195e+02 6.442328187250996052e+01 1.062564243027888438e+02
1.908188496015936266e+02 6.384900398406374222e+01 1.059021663346613593e+02
1.907946464143426226e+02 6.372547310756971939e+01 1.059740537848605584e+02
1.908712151394422278e+02 6.385231573705178931e+01 1.060621264940239001e+02
1.911629980079681275e+02 6.387983067729083331e+01 1.062754980079681246e+02
1.912522161354581556e+02 6.381690737051793150e+01 1.063275647410358573e+02
1.914462151394422449e+02 6.383261952191234911e+01 1.062648406374502059e+02
1.914479581673306825e+02 6.387542330677290892e+01 1.064412848605577722e+02
1.914602091633466046e+02 6.387081673306772700e+01 1.064173555776892499e+02
1.914190239043824704e+02 6.390184262948206850e+01 1.063742280876493993e+02
1.915059760956175410e+02 6.384584163346613650e+01 1.063958914342629498e+02
1.914951693227091596e+02 6.377084163346613366e+01 1.064831175298804737e+02
1.914845866533864580e+02 6.395229083665338976e+01 1.065095866533864495e+02
1.915512948207171178e+02 6.391267430278884376e+01 1.064516434262948223e+02
1.913774153386454202e+02 6.397656872509960380e+01 1.064080677290836690e+02
1.910160607569721094e+02 6.386601095617530177e+01 1.059753486055776932e+02
1.907468625498007953e+02 6.363296812749003806e+01 1.055742778884462183e+02
1.905862798804780880e+02 6.350012450199203329e+01 1.054284611553784856e+02
1.904702938247012014e+02 6.360512948207171036e+01 1.053633964143426311e+02
1.905797061752988100e+02 6.361874999999999858e+01 1.057002739043824704e+02
1.906759462151394473e+02 6.361797808764940498e+01 1.059069721115537845e+02
1.909666085657370616e+02 6.372661852589641285e+01 1.060926792828685308e+02
1.907482569721115624e+02 6.345774402390438240e+01 1.057823705179282854e+02
1.908091882470119458e+02 6.355657370517928229e+01 1.058538844621513988e+02
1.906712898406374563e+02 6.357430278884461927e+01 1.056190488047808742e+02
1.906552290836653469e+02 6.370445717131474339e+01 1.053826693227091624e+02
1.905803784860557641e+02 6.377300796812748729e+01 1.051853336653386464e+02
1.905716633466135477e+02 6.361269920318724758e+01 1.050409362549800818e+02
1.904514442231075577e+02 6.365550298804780738e+01 1.048959412350597660e+02
1.907292828685258996e+02 6.310438247011952484e+01 1.049596364541832685e+02
1.905392679282868471e+02 6.254935258964143685e+01 1.047752490039840580e+02
1.904545318725099605e+02 6.209868027888446562e+01 1.046128237051792809e+02
1.906905378486055724e+02 6.207410358565736885e+01 1.048069223107569741e+02
1.908429282868525831e+02 6.216439243027888750e+01 1.050919073705179301e+02
1.908166832669322730e+02 6.290976095617529751e+01 1.053606075697211111e+02
1.908024402390438183e+02 6.328732569721115198e+01 1.055139940239043881e+02
1.910022659362549859e+02 6.349551792828685137e+01 1.057677539840637451e+02
1.910088645418326792e+02 6.370109561752988014e+01 1.060089890438246982e+02
1.910286105577689284e+02 6.392320717131474339e+01 1.059508964143426226e+02
1.910063745019920418e+02 6.392753984063745065e+01 1.059797061752988014e+02
1.909754233067729103e+02 6.392915836653386208e+01 1.060456175298804737e+02
1.909584163346613650e+02 6.378388944223107870e+01 1.060362798804780908e+02
1.909915089641434349e+02 6.384755976095617314e+01 1.061138197211155330e+02
1.910282868525896447e+02 6.370371015936255077e+01 1.061088396414342583e+02
1.907117031872510040e+02 6.365141932270916669e+01 1.058794820717131415e+02
1.900676045816732938e+02 6.342559760956175552e+01 1.054258466135458150e+02
1.900023655378486183e+02 6.338169820717131131e+01 1.053107320717131472e+02
1.900816235059760970e+02 6.359160856573705445e+01 1.054082420318725042e+02
1.901781623505976029e+02 6.365393426294820500e+01 1.055289093625497969e+02
1.903908864541832600e+02 6.391770418326693459e+01 1.057635707171314721e+02
1.905563496015936380e+02 6.390029880478087421e+01 1.058871264940239030e+02
1.906769920318725156e+02 6.399414840637449942e+01 1.059205926294820728e+02
1.908205926294820642e+02 6.411292330677291318e+01 1.060634711155378511e+02
1.909025149402390298e+02 6.419765936254979977e+01 1.061675049800796842e+02
1.910949203187250873e+02 6.413194721115537789e+01 1.063373754980079724e+02
1.912120268924302877e+02 6.385572709163346872e+01 1.064706175298804851e+02
1.913779880478087705e+02 6.384624003984063734e+01 1.065583416334661422e+02
1.913510707171314777e+02 6.394693725099601522e+01 1.067171065737051805e+02
1.911799053784860689e+02 6.369658864541832344e+01 1.066446713147410321e+02
1.908573954183266892e+02 6.347562250996016076e+01 1.059081424302788861e+02
1.905363296812749070e+02 6.312624501992031867e+01 1.054214143426294754e+02
1.905836404382470164e+02 6.316008466135458121e+01 1.052970617529880428e+02
1.906118027888446136e+02 6.332968127490040189e+01 1.053527639442231134e+02
1.907042081673306768e+02 6.343374003984063592e+01 1.054001992031872561e+02
1.907045816733067625e+02 6.367323207171314436e+01 1.058044820717131529e+02
1.907421812749003891e+02 6.398934262948207419e+01 1.060121015936255020e+02
1.907159860557768809e+02 6.413647908366533557e+01 1.062187500000000000e+02
1.907702191235059672e+02 6.429116035856573319e+01 1.063355577689243034e+02
1.907708416334661479e+02 6.434018924302789344e+01 1.063769671314741032e+02
1.908461653386454202e+02 6.433037848605577835e+01 1.064257470119521969e+02
1.909910856573705189e+02 6.445834163346613366e+01 1.062425796812749041e+02
1.908932768924302650e+02 6.429848107569721094e+01 1.060593625498007953e+02
1.908785607569721208e+02 6.423981573705179926e+01 1.060365786852589594e+02
1.908567978087649522e+02 6.433921812749004232e+01 1.060045567729083729e+02
1.905858316733067852e+02 6.398314243027888182e+01 1.056491035856573717e+02
1.901455179282868642e+02 6.364439741035856457e+01 1.049742778884462098e+02
1.899812499999999886e+02 6.352943227091633815e+01 1.047561254980079610e+02
1.900345368525896390e+02 6.353553286852589821e+01 1.047909611553784828e+02
1.899973854581673436e+02 6.358832171314740833e+01 1.048597858565737084e+02
1.903333914342629498e+02 6.336217629482072056e+01 1.053094123505976114e+02
1.906119770916334630e+02 6.323797310756972223e+01 1.054955428286852595e+02
1.907282868525896333e+02 6.326817729083665398e+01 1.058005976095617484e+02
1.908617031872510097e+02 6.337385458167330654e+01 1.060831673306772842e+02
1.908410607569720980e+02 6.341299800796812747e+01 1.060969870517928229e+02
1.908387699203187253e+02 6.363488545816733222e+01 1.062804033864541822e+02
1.906961902390438297e+02 6.399210657370517907e+01 1.063333416334661337e+02
1.905296065737051663e+02 6.402686752988047658e+01 1.061502988047808742e+02
1.904034113545816638e+02 6.410674800796812178e+01 1.062067231075697151e+02
1.903834661354581783e+02 6.408391434262948394e+01 1.060126743027888381e+02
1.903388944223107444e+02 6.379384960159362805e+01 1.058296065737051777e+02
1.900909362549800790e+02 6.328548306772908205e+01 1.053835657370517964e+02
1.899329930278884433e+02 6.297036852589641143e+01 1.051278884462151382e+02
1.898833914342629612e+02 6.290781872509960237e+01 1.050477589641434264e+02
1.899081922310757022e+02 6.283256972111554006e+01 1.050361802788844585e+02
1.901175049800796728e+02 6.270042330677291176e+01 1.051597111553784885e+02
1.901918077689242921e+02 6.271225099601593911e+01 1.049734810756972081e+02
1.902118027888446079e+02 6.268832171314740975e+01 1.050280129482071771e+02
1.903716882470119458e+02 6.264116035856573461e+01 1.053288097609561760e+02
1.904038844621513817e+02 6.275455677290836576e+01 1.053291334661354597e+02
1.904046563745019967e+02 6.282039342629482093e+01 1.053667828685259025e+02
1.903980328685258883e+02 6.304960159362549632e+01 1.052707918326693175e+02
1.905278635458167287e+02 6.327044322709163282e+01 1.053767181274900366e+02
1.905979830677290749e+02 6.340592629482071629e+01 1.055322709163346673e+02
1.906192978087649408e+02 6.348523406374501832e+01 1.055474352589641427e+02
1.906498754980079582e+02 6.315321215139442046e+01 1.054907121513944190e+02
1.902752490039840723e+02 6.256959661354581925e+01 1.049871264940238973e+02
1.897267181274900452e+02 6.192333167330676957e+01 1.042711404382470164e+02
1.897279133466135477e+02 6.194173306772908205e+01 1.041399153386454230e+02
1.897948456175298872e+02 6.185455677290836718e+01 1.042685756972111619e+02
1.898125747011952171e+02 6.231347111553785112e+01 1.044890936254980147e+02
1.899461653386454145e+02 6.258969123505976029e+01 1.047171812749003976e+02
1.899986304780876480e+02 6.278314243027888608e+01 1.048372758964143401e+02
1.900474352589641569e+02 6.311389442231075719e+01 1.050571962151394416e+02
1.902078187250995995e+02 6.319183266932270726e+01 1.050829930278884490e+02
1.902533615537848561e+02 6.336267430278884660e+01 1.053131972111553836e+02
1.903068476095617427e+02 6.348827191235059786e+01 1.053049551792828709e+02
1.904066733067729160e+02 6.365809262948206992e+01 1.054435258964143429e+02
1.904088147410358545e+02 6.378799800796812747e+01 1.054391185258964185e+02
1.904401394422310716e+02 6.373715139442231248e+01 1.053672559760956204e+02
1.904153635458167457e+02 6.363468625498008180e+01 1.052419820717131529e+02
1.902038097609561760e+02 6.322148904382470391e+01 1.048106822709163310e+02
1.897883715139442131e+02 6.284833167330677384e+01 1.043540089641434321e+02
1.895583416334661422e+02 6.271782868525896504e+01 1.041360059760956176e+02
1.895034611553784885e+02 6.266511454183267205e+01 1.041655627490039819e+02
1.896875249003984152e+02 6.275931274900398193e+01 1.045945219123506007e+02
1.896500498007968076e+02 6.285535358565736885e+01 1.048554282868525860e+02
1.897457918326693118e+02 6.313817231075697123e+01 1.049857818725099605e+02
1.897840886454183362e+02 6.311192729083665398e+01 1.050993525896414411e+02
1.899180029880478173e+02 6.330844123505976029e+01 1.053200199203187282e+02
1.899861553784860462e+02 6.327365537848605470e+01 1.051702938247011900e+02
1.899580428286852509e+02 6.323411354581673294e+01 1.051003486055776932e+02
1.899731573705179244e+02 6.330044820717131415e+01 1.051994272908366526e+02
1.899897659362549689e+02 6.331347111553785112e+01 1.053061254980079724e+02
1.899571713147410321e+02 6.342833665338645233e+01 1.052482818725099634e+02
1.900484561752988100e+02 6.327898406374502116e+01 1.050750996015936209e+02
1.899846115537848732e+02 6.309272908366533983e+01 1.049447709163346616e+02
1.897818476095617655e+02 6.267482569721115482e+01 1.044995766932270982e+02
1.895935507968127354e+02 6.254992529880478003e+01 1.043275398406374563e+02
1.896296563745019910e+02 6.258705179282868869e+01 1.042971613545816751e+02
1.899923306772908234e+02 6.211108067729083615e+01 1.046100846613545770e+02
1.902673057768924423e+02 6.178705179282868443e+01 1.050425049800796842e+02
1.903286603585657417e+02 6.179252988047808515e+01 1.051877988047808827e+02
1.905280876494023801e+02 6.189387450199203045e+01 1.054087898406374535e+02
1.906072460159362549e+02 6.199193227091633673e+01 1.056285856573705217e+02
1.904142430278884603e+02 6.264785856573705303e+01 1.054289840637450197e+02
1.902218874501992047e+02 6.319008964143426255e+01 1.052012948207171377e+02
1.900797061752988100e+02 6.349399900398406515e+01 1.051384462151394388e+02
1.901230826693227129e+02 6.348749999999999716e+01 1.051992280876494021e+02
1.900648655378486183e+02 6.360888944223107444e+01 1.051357071713147349e+02
1.901684013944223182e+02 6.334681274900398051e+01 1.052502241035856514e+02
1.902784113545816638e+02 6.308007968127490273e+01 1.053175049800796756e+02
1.902744770916334573e+02 6.249599103585657645e+01 1.051455926294820671e+02
1.900600348605577778e+02 6.210921314741035815e+01 1.050455428286852566e+02
1.899910856573705189e+02 6.199738545816732938e+01 1.049923057768924366e+02
1.898620766932270953e+02 6.226725597609561902e+01 1.049883964143426311e+02
1.898302290836653299e+02 6.247786354581673152e+01 1.050172559760956119e+02
1.898273157370518049e+02 6.261795318725099690e+01 1.050776145418326735e+02
1.899212400398406260e+02 6.285122011952191201e+01 1.051249003984063677e+02
1.900155876494023914e+02 6.293251992031872533e+01 1.052080677290836661e+02
1.899864292828685279e+02 6.302198705179282712e+01 1.051069472111553722e+02
1.900279382470119458e+02 6.308413844621514244e+01 1.050143675298804737e+02
1.900237798804780880e+02 6.313904382470119714e+01 1.049667330677290806e+02
1.900962151394422222e+02 6.312821215139442188e+01 1.049480577689243006e+02
1.900994023904382573e+02 6.313471115537848277e+01 1.047962400398406402e+02
1.901465637450199324e+02 6.309937749003984209e+01 1.048364292828685223e+02
1.901065488047808856e+02 6.286932270916334886e+01 1.047927788844621517e+02
1.900595119521912295e+02 6.275622509960159334e+01 1.047372509960159306e+02
1.897135458167330739e+02 6.235460657370517623e+01 1.044197958167330711e+02
1.894955677290836604e+02 6.202086653386454174e+01 1.039995766932270982e+02
1.894212898406374563e+02 6.185866533864541594e+01 1.040223107569721179e+02
1.894857569721115453e+02 6.184511952191235196e+01 1.041455179282868500e+02
1.895693974103585617e+02 6.191379482071712914e+01 1.042190488047808827e+02
1.897547559760956233e+02 6.215580179282868301e+01 1.043514193227091624e+02
1.898270418326693232e+02 6.220861553784860831e+01 1.044011703187250930e+02
1.899654133466135590e+02 6.232325697211155102e+01 1.046365288844621517e+02
1.900110059760956176e+02 6.243999003984063734e+01 1.049068974103585674e+02
1.901687998007968190e+02 6.264681274900398478e+01 1.049922559760956204e+02
1.902257470119521940e+02 6.281820219123505922e+01 1.050193476095617484e+02
1.903320219123505979e+02 6.289434760956175552e+01 1.051439492031872476e+02
1.905123256972111676e+02 6.290727091633466017e+01 1.054302041832669374e+02
1.905076444223107615e+02 6.298735059760956290e+01 1.054322211155378426e+02
1.905460906374501917e+02 6.288214641434262830e+01 1.054898655378486012e+02
1.903176294820717089e+02 6.246984561752987730e+01 1.052364541832669289e+02
1.900137201195219063e+02 6.232993027888446136e+01 1.050243774900398392e+02
1.900840139442231020e+02 6.238588147410358431e+01 1.048263944223107558e+02
1.901720866533864580e+02 6.263411354581673152e+01 1.047453934262948252e+02
1.903241533864541850e+02 6.285953685258964185e+01 1.047757719123505922e+02
1.904094870517928371e+02 6.290627490039840808e+01 1.047627490039840694e+02
1.905532121513944332e+02 6.307168824701194865e+01 1.049726095617529893e+02
1.906689492031872533e+02 6.315209163346613508e+01 1.050621264940239001e+02
1.907265189243027805e+02 6.296725597609561476e+01 1.050480577689243091e+02
1.907467629482071629e+02 6.297940737051792581e+01 1.051317231075697265e+02
1.907168575697211281e+02 6.304977589641434577e+01 1.051563745019920333e+02
1.907021663346613423e+02 6.292064243027888182e+01 1.051910856573705217e+02
1.906781623505976029e+02 6.317258466135458406e+01 1.052518177290836690e+02
1.905763197211155386e+02 6.334434760956175126e+01 1.053853087649402340e+02
1.905843127490039706e+02 6.326240039840637763e+01 1.053949950199203158e+02
1.902747260956175239e+02 6.282853585657370843e+01 1.051578187250996024e+02
1.899186503984063847e+02 6.246354581673306683e+01 1.047019920318725070e+02
1.898654880478087534e+02 6.237216135458167088e+01 1.046743525896414297e+02
1.899030129482071629e+02 6.256449203187251129e+01 1.046934013944223096e+02
1.900299053784860632e+02 6.265151892430279190e+01 1.047543326693227073e+02
1.900270169322709251e+02 6.275634960159362663e+01 1.048571215139442216e+02
1.901004731075697123e+02 6.283361553784860831e+01 1.047942978087649379e+02
1.900583167330677270e+02 6.306894920318725184e+01 1.048443227091633503e+02
1.900304282868525831e+02 6.320662350597609702e+01 1.049076444223107529e+02
1.900902888446215115e+02 6.317171314741035815e+01 1.050185507968127467e+02
1.900524153386454316e+02 6.322813745019920617e+01 1.049551045816733108e+02
1.899587649402390355e+02 6.322437749003984209e+01 1.049199950199203215e+02
1.899367280876494135e+02 6.317385458167330370e+01 1.049297559760956204e+02
1.900019920318725042e+02 6.320590139442231248e+01 1.049245766932270953e+02
1.899259462151394473e+02 6.304753486055776790e+01 1.049926792828685223e+02
1.898669571713147377e+02 6.305328685258964327e+01 1.049953187250996081e+02
1.896810507968127411e+02 6.271812749003984067e+01 1.048286105577689256e+02
1.897009960159362549e+02 6.236205179282868727e+01 1.046167579681274873e+02
1.898082918326693118e+02 6.227676792828685137e+01 1.045236553784860547e+02
1.900293077689242978e+02 6.228197211155378454e+01 1.046685507968127524e+02
1.902227838645418387e+02 6.221877490039840808e+01 1.047586404382470135e+02
1.903731075697211281e+02 6.241917330677291176e+01 1.050330926294820699e+02
1.903273157370518049e+02 6.288784860557768752e+01 1.051398157370517907e+02
1.903747011952191315e+02 6.325981075697211509e+01 1.052632968127490045e+02
1.903565737051792723e+02 6.341299800796812747e+01 1.053277639442231077e+02
1.902496513944223011e+02 6.339076195219123377e+01 1.052910358565736999e+02
1.902192231075697180e+02 6.349016434262948394e+01 1.053299302788844614e+02
1.903705179282868585e+02 6.318792330677290892e+01 1.052873505976095601e+02
1.903605328685258939e+02 6.305747011952190917e+01 1.051686503984063705e+02
1.904034860557768809e+02 6.300306274900398051e+01 1.052425049800796870e+02
1.903581175298804737e+02 6.290107071713147491e+01 1.053197211155378454e+02
1.901934760956175410e+02 6.261972111553784970e+01 1.050100846613545826e+02
1.898663595617530007e+02 6.238438745019920617e+01 1.046232818725099634e+02
1.897024651394422392e+02 6.219843127490040047e+01 1.045337898406374535e+02
1.897453187250995938e+02 6.241137948207171604e+01 1.047354332669322758e+02
1.898448705179282854e+02 6.251573705179282570e+01 1.048018426294820671e+02
1.900420318725099662e+02 6.283134960159362237e+01 1.049713645418326706e+02
1.902168077689242978e+02 6.292009462151394672e+01 1.051739790836653441e+02
1.903079930278884433e+02 6.316152888446215030e+01 1.053112300796812804e+02
1.903264442231075577e+02 6.321987051792828538e+01 1.053301045816733108e+02
1.903354332669322844e+02 6.317634462151394104e+01 1.053546563745019853e+02
1.902828187250995882e+02 6.315478087649402283e+01 1.053244272908366526e+02
1.899890687250995995e+02 6.356317231075697549e+01 1.053688247011952228e+02
1.898251992031872533e+02 6.372803784860558096e+01 1.052338894422310744e+02
1.895107071713147491e+02 6.366018426294820642e+01 1.050732818725099662e+02
1.894350597609561646e+02 6.371446713147410179e+01 1.051029382470119486e+02
1.891495268924302877e+02 6.351063247011952484e+01 1.048419322709163310e+02
1.891916085657370559e+02 6.267460159362549632e+01 1.044666334661354625e+02
1.892893177290836775e+02 6.220652390438247181e+01 1.043327938247011986e+02
1.894692978087649351e+02 6.211160358565737027e+01 1.044269173306772842e+02
1.897039840637450254e+02 6.225617529880478429e+01 1.046113047808764946e+02
1.898781872509960067e+02 6.240595119521912437e+01 1.047466384462151439e+02
1.901527639442230964e+02 6.229579183266932318e+01 1.047771663346613593e+02
1.904143924302788946e+02 6.257141434262948110e+01 1.051146663346613508e+02
1.905675049800796899e+02 6.247679282868526229e+01 1.051493276892430231e+02
1.906722609561753075e+02 6.259778386454183163e+01 1.052818974103585674e+02
1.907053535856573774e+02 6.275084661354581783e+01 1.052089890438247011e+02
1.905723605577689170e+02 6.293000498007967991e+01 1.053082171314741089e+02
1.904341882470119458e+02 6.325953685258964043e+01 1.053877739043824704e+02
1.903559262948207049e+02 6.339404880478087989e+01 1.053363296812749041e+02
1.902884960159362606e+02 6.336160358565737027e+01 1.053032868525896362e+02
1.900962649402390525e+02 6.315318725099601949e+01 1.050118276892430345e+02
1.897216135458167230e+02 6.263623007968127610e+01 1.046021912350597631e+02
1.895166583665338749e+02 6.253351593625497884e+01 1.045390687250995967e+02
1.895441982071713198e+02 6.252084163346613366e+01 1.045541334661354540e+02
1.896446464143426169e+02 6.260971115537848419e+01 1.045920318725099634e+02
1.897790338645418444e+02 6.276013446215139169e+01 1.048896414342629413e+02
1.899581673306772984e+02 6.275704681274900310e+01 1.050820468127489988e+02
1.900248007968127411e+02 6.292119023904382402e+01 1.050489043824701128e+02
1.901929780876494078e+02 6.307064243027888750e+01 1.052563994023904428e+02
1.903647161354581669e+02 6.328092629482071629e+01 1.052387450199203158e+02
1.903026145418326678e+02 6.319325199203187537e+01 1.053392430278884433e+02
1.901192978087649408e+02 6.334633964143426255e+01 1.050126245019920361e+02
1.900920816733067795e+02 6.341720617529880144e+01 1.049405627490039876e+02
1.900128984063744895e+02 6.349927788844621546e+01 1.046901145418326706e+02
1.899400149402390525e+02 6.345747011952191485e+01 1.044597858565737027e+02
1.898534362549800676e+02 6.338381474103585589e+01 1.044963147410358602e+02
1.896526394422310773e+02 6.272552290836653555e+01 1.039254731075697151e+02
1.894586902390438183e+02 6.229454681274900452e+01 1.036840388446215115e+02
1.895196215139442302e+02 6.202420318725099690e+01 1.037125000000000057e+02
1.897266185258964128e+02 6.210582669322709393e+01 1.037955677290836718e+02
1.897755478087649408e+02 6.209501992031872675e+01 1.038243276892430345e+02
1.896882719123505865e+02 6.231334661354581783e+01 1.040123754980079696e+02
1.897834412350597688e+02 6.266904880478087847e+01 1.041839143426294783e+02
1.897229332669322730e+02 6.282895916334661024e+01 1.043600099601593598e+02
1.898162350597609702e+02 6.302983067729083899e+01 1.045206673306772842e+02
1.899564741035856628e+02 6.304586653386454032e+01 1.047530129482071715e+02
1.901215388446215115e+02 6.300831673306772984e+01 1.050398157370517964e+02
1.901883715139442188e+02 6.280876494023904399e+01 1.052391683266932318e+02
1.902448456175298759e+02 6.279429780876493794e+01 1.052523904382470050e+02
1.903631723107569655e+02 6.270754482071713198e+01 1.052611802788844670e+02
1.903008964143426169e+02 6.267260956175298503e+01 1.053800796812749070e+02
1.901685756972111676e+02 6.262998007968127467e+01 1.049720368525896390e+02
1.897785856573705132e+02 6.231889940239043568e+01 1.045202938247011986e+02
1.896412848605577608e+02 6.212903386454183163e+01 1.042983565737051777e+02
1.897094123505976029e+02 6.226145418326693459e+01 1.042165587649402454e+02
1.896665587649402482e+02 6.234454681274900167e+01 1.041450697211155330e+02
1.900128984063744895e+02 6.224658864541832770e+01 1.043117529880478145e+02
1.901774900398406487e+02 6.231581175298804709e+01 1.044705428286852538e+02
1.903780378486055724e+02 6.251914840637450510e+01 1.046169322709163367e+02
1.903789840637450084e+02 6.255667330677290749e+01 1.046434511952191286e+02
1.905046563745019910e+02 6.266362051792828680e+01 1.047434760956175239e+02
1.905043824701195092e+02 6.267791334661354341e+01 1.047977589641434264e+02
1.905185507968127467e+02 6.269494521912350393e+01 1.048754233067729018e+02
1.904571962151394473e+02 6.276035856573705018e+01 1.049999501992031838e+02
1.905227091633466046e+02 6.288289342629482093e+01 1.050160109561752932e+02
1.903375249003983924e+02 6.292532370517928086e+01 1.048699950199203244e+02
1.904715637450199210e+02 6.252051792828684995e+01 1.048480079681274901e+02
1.902375249003983981e+02 6.177019422310756624e+01 1.045377739043824761e+02
1.900252988047808742e+02 6.122955677290836718e+01 1.041238296812748985e+02
1.897674302788844614e+02 6.113921812749003948e+01 1.041385707171314721e+02
1.898198207171314777e+02 6.122818725099601522e+01 1.041808515936255048e+02
1.897932519920318839e+02 6.144581673306772984e+01 1.041679033864541850e+02
1.896937998007968247e+02 6.177749003984063592e+01 1.042890936254980119e+02
1.896755478087649465e+02 6.192176294820717430e+01 1.043491782868525917e+02
1.896372260956175353e+02 6.211272410358565566e+01 1.043393924302788776e+02
1.896365288844621375e+02 6.225052290836653412e+01 1.044529133466135420e+02
1.898392181274900281e+02 6.213383964143426397e+01 1.046012450199203130e+02
1.900265189243027919e+02 6.221317231075697407e+01 1.047435009960159391e+02
1.900489790836653299e+02 6.217201195219123377e+01 1.047982569721115595e+02
1.901094621513944105e+02 6.207390438247011843e+01 1.047432021912350564e+02
1.901764940239043824e+02 6.204728585657370843e+01 1.047558764940239087e+02
1.901949452191234968e+02 6.227024402390438240e+01 1.047785856573705132e+02
1.900163097609561760e+02 6.201772908366533699e+01 1.045113545816733023e+02
1.896712151394422392e+02 6.170575199203187111e+01 1.041397161354581726e+02
1.895690488047808628e+02 6.161411852589641569e+01 1.039721613545816723e+02
1.896074701195219063e+02 6.178630478087649180e+01 1.040075199203187282e+02
1.895085657370517822e+02 6.221740537848605612e+01 1.041420567729083615e+02
1.894005229083665256e+02 6.251633466135458406e+01 1.043160109561753046e+02
1.892767430278884433e+02 6.284788346613545684e+01 1.044479083665338663e+02
1.893766932270916357e+02 6.304086155378485756e+01 1.045749003984063705e+02
1.894829432270916243e+02 6.328946713147410463e+01 1.047780876494023943e+02
1.896256972111553694e+02 6.324238047808764662e+01 1.047670816733067767e+02
1.897336902390438240e+02 6.321820219123505780e+01 1.047729830677290863e+02
1.898959163346613650e+02 6.321396912350597574e+01 1.049243525896414297e+02
1.897839890438247039e+02 6.328827191235059502e+01 1.048833167330677298e+02
1.899306523904382402e+02 6.327943227091633815e+01 1.048806523904382431e+02
1.898384711155378568e+02 6.329372509960159476e+01 1.047691235059760970e+02
1.896859063745019967e+02 6.320886454183266778e+01 1.047613296812749013e+02
1.894039591633466273e+02 6.276628486055776790e+01 1.042373505976095629e+02
1.891796314741035872e+02 6.251494023904382402e+01 1.038845866533864495e+02
1.891641185258964128e+02 6.245709661354581499e+01 1.039189492031872533e+02
1.893429033864541964e+02 6.226150398406374364e+01 1.041402888446215087e+02
1.895242778884462211e+02 6.209683764940238859e+01 1.043973107569721179e+02
1.897524900398406373e+02 6.211977091633465875e+01 1.045111055776892499e+02
1.899003735059760913e+02 6.223057768924302735e+01 1.046407370517928257e+02
1.900241533864541736e+02 6.217335657370517765e+01 1.048881723107569712e+02
1.900692729083665427e+02 6.215978585657370559e+01 1.047956673306772899e+02
1.902250249003984095e+02 6.216989541832669630e+01 1.047597609561752989e+02
1.903764442231075691e+02 6.212704183266932034e+01 1.048086653386454117e+02
1.903521165338645460e+02 6.217158864541832486e+01 1.048508217131474112e+02
1.904563496015936153e+02 6.220159362549800619e+01 1.049782868525896475e+02
1.904388446215139368e+02 6.253364043824701213e+01 1.048976842629482036e+02
1.904249501992031810e+02 6.261065737051792723e+01 1.048250747011952200e+02
1.901584910358565708e+02 6.240557768924302451e+01 1.044419322709163396e+02
1.897052788844621602e+02 6.178515936254979835e+01 1.039831673306772899e+02
1.895479581673306768e+02 6.162694223107569513e+01 1.037971364541832600e+02
1.894297061752988043e+02 6.169362549800796813e+01 1.037677290836653441e+02
1.894618276892430231e+02 6.182432768924302735e+01 1.039078685258964185e+02
1.894842131474103724e+02 6.190527888446214888e+01 1.041003735059760942e+02
1.895170318725099605e+02 6.199696215139442046e+01 1.040567729083665398e+02
1.895797559760956119e+02 6.204581673306773126e+01 1.040310009960159334e+02
1.897611055776892499e+02 6.206175298804780738e+01 1.041180776892430231e+02
1.897329681274900395e+02 6.201668326693226874e+01 1.041473107569721179e+02
1.898613545816733108e+02 6.189982569721115624e+01 1.042080428286852651e+02
1.898541832669322673e+02 6.188735059760956148e+01 1.041382719123506035e+02
1.897832918326693346e+02 6.193339143426295124e+01 1.041291085657370559e+02
1.897299551792828822e+02 6.188819721115537931e+01 1.040982569721115567e+02
1.896461404382470164e+02 6.216889940239043710e+01 1.043768177290836690e+02
1.895938994023904343e+02 6.204701195219123377e+01 1.043559760956175353e+02
1.895224103585657360e+02 6.197567231075696981e+01 1.042127490039840580e+02
1.890652639442231191e+02 6.153989043824701355e+01 1.039650896414342611e+02
1.888353585657370388e+02 6.155231573705179215e+01 1.037102340637450197e+02
1.887255229083665427e+02 6.155829183266932603e+01 1.037416085657370530e+02
1.887874750996016076e+02 6.174755976095617882e+01 1.037588396414342640e+02
1.889139442231075634e+02 6.189178286852589395e+01 1.037882470119521940e+02
1.889788346613545684e+02 6.189442231075697265e+01 1.038102838645418302e+02
1.892036354581673265e+02 6.178271912350597717e+01 1.040084163346613479e+02
1.894414840637450084e+02 6.171205179282868869e+01 1.042450199203187253e+02
1.896187749003983924e+02 6.173229581673307109e+01 1.042180527888446164e+02
1.896777141434263001e+02 6.183354083665338408e+01 1.041951693227091624e+02
1.897208416334661365e+02 6.187320717131473913e+01 1.042364043824701128e+02
1.897232320717131415e+02 6.162216135458167088e+01 1.042461404382470107e+02
1.897631972111553864e+02 6.169165836653386492e+01 1.042209412350597546e+02
1.896659860557768980e+02 6.164250498007967849e+01 1.040751743027888381e+02
1.897359063745019796e+02 6.172686752988047942e+01 1.042736304780876537e+02
1.897650896414342583e+02 6.170749501992031583e+01 1.043139442231075691e+02
1.893933515936255105e+02 6.163662848605577693e+01 1.038609810756972109e+02
1.889496264940239030e+02 6.157026892430278764e+01 1.033810258964143429e+02
1.888798555776892556e+02 6.150117031872510154e+01 1.032742778884462211e+02
1.888329432270916470e+02 6.165321215139442046e+01 1.033551294820717175e+02
1.889365537848605641e+02 6.183792330677290749e+01 1.034095119521912380e+02
1.892277390438246982e+02 6.159726095617529751e+01 1.034911852589641370e+02
1.894417579681274901e+02 6.154539342629482235e+01 1.035862549800796870e+02
1.895655876494024028e+02 6.166513944223107302e+01 1.037238545816733080e+02
1.897127241035856571e+02 6.173207171314741259e+01 1.037168326693227129e+02
1.899042330677290806e+02 6.186815239043824732e+01 1.039158366533864495e+02
1.898133217131474169e+02 6.214200697211155244e+01 1.042563745019920276e+02
