1.892520729684908929e+02 5.880911534282609665e+01 8.494018413678732315e+01
1.873013667295705318e+02 5.606524847029221803e+01 8.188368502316005504e+01
1.879879910790873225e+02 5.329987991079087095e+01 8.001555441184879669e+01
1.899210842340023930e+02 5.315783153199519973e+01 8.032252530451192740e+01
1.926189169097043532e+02 5.563635843769657185e+01 8.266558014525075748e+01
1.931821353005089463e+02 5.493572368044833354e+01 8.241036198318751360e+01
1.927724595413735926e+02 5.218991250643335178e+01 8.001275233030250433e+01
1.960076056499113690e+02 5.549253731343283391e+01 8.965791731000172149e+01
1.943000514668039216e+02 5.518190655915822873e+01 8.440921827643391850e+01
1.940408303311031091e+02 5.476090810316235036e+01 8.221272945616743755e+01
1.960418024818436606e+02 5.714159089609424313e+01 8.458860868073425365e+01
1.988098587522159448e+02 6.333116029050151496e+01 9.025333104591982192e+01
1.974017841825356072e+02 6.099531080231028568e+01 8.778309601418196451e+01
1.963775375993595276e+02 5.653382512723737818e+01 8.426602619088465929e+01
1.972183908045977034e+02 5.817595928403957117e+01 8.528392520157831314e+01
1.949302338880310970e+02 5.350517527305999010e+01 8.115034025275919305e+01
1.946049636873105726e+02 5.139137645107794583e+01 7.899639732372619960e+01
1.975639046148567388e+02 5.280591296391605027e+01 8.719305770000572409e+01
1.968843712472122149e+02 5.296574598273002721e+01 8.325407445530966299e+01
2.014155086635786631e+02 5.739486475667639098e+01 8.622216503688454736e+01
2.067530737119002708e+02 6.600503230971578716e+01 9.461228341053353574e+01
2.084237433522044967e+02 7.137010350546120208e+01 9.976925716246354625e+01
2.073284153942929038e+02 7.457808657860124413e+01 1.024450162978212404e+02
2.078143192085549344e+02 7.943861154000114766e+01 1.064297478126608354e+02
2.070165837479270294e+02 7.894372962772345659e+01 1.064258020243609479e+02
2.055178704180248133e+02 7.636101103677016511e+01 1.041876822782638499e+02
2.049445302224509646e+02 7.501726997197918934e+01 1.031272373763367085e+02
2.075565277062960945e+02 7.833619260021730213e+01 1.137694859038142567e+02
2.061147709727225958e+02 7.704100188711613839e+01 1.092103848573225804e+02
2.039114770972722681e+02 7.493972665408588796e+01 1.031262652255961569e+02
2.028227826385314927e+02 7.144724652599073522e+01 1.002519585978155163e+02
2.031609767255675649e+02 7.094321495968434022e+01 9.981935151827072161e+01
2.035549265168410784e+02 7.212918167781781165e+01 1.006898839137645041e+02
2.033791387888145437e+02 7.194189969691771580e+01 1.002899868473723330e+02
2.042804940813175563e+02 7.380482644250014346e+01 1.017081832218219262e+02
2.045121518842568662e+02 7.525493223537485221e+01 1.027630811459941640e+02
2.051172299422428011e+02 7.675518956939440329e+01 1.041929433293303617e+02
2.077440384285469293e+02 7.825213015382855986e+01 1.139391548007091046e+02
2.079984559958826651e+02 8.180511236918853513e+01 1.139855892949047842e+02
2.075496082804368996e+02 8.666174872762623238e+01 1.131190026877108750e+02
2.075329101618345078e+02 8.830554125922112974e+01 1.145322811231200291e+02
2.073782810087493544e+02 8.813518613827415038e+01 1.143611825927832086e+02
2.078246697546749147e+02 8.925092926173728358e+01 1.153512895293646778e+02
2.061174586835935258e+02 8.357076685537828098e+01 1.106990335677932222e+02
2.036572310859495758e+02 7.343031966603763294e+01 1.023109738663006851e+02
2.019634585692228654e+02 6.519317207068107223e+01 9.539269171384457024e+01
2.020993309315491615e+02 6.294555955852919027e+01 9.379201692685995795e+01
2.040842340024017858e+02 5.942877566192028382e+01 1.006388745925544725e+02
2.005092926173728927e+02 4.969240006862240477e+01 8.826848516040487880e+01
1.968721907702864939e+02 4.387802367472979626e+01 7.504809286898839105e+01
1.942547606793618229e+02 3.189557957339738081e+01 6.466569451592611983e+01
1.939597415222737027e+02 2.719277177331732176e+01 6.047172185051752535e+01
1.935635043174929990e+02 2.519197117858981017e+01 5.857499857036656010e+01
1.927505575570423844e+02 2.344884771544575841e+01 5.688986103962943730e+01
1.936958311888831759e+02 2.555458340481500557e+01 5.815319951964316658e+01
1.949385829473322929e+02 2.851318122033510605e+01 6.054846457368330448e+01
1.950189283467719008e+02 2.893864013266998469e+01 6.065534396980613963e+01
1.994684051009321308e+02 3.046525990735975142e+01 7.853319608852289946e+01
1.990849202264539315e+02 3.076422485274775553e+01 7.486349859895922521e+01
1.941853948647566881e+02 2.858969520215016757e+01 6.022239377823525786e+01
1.922286841653800025e+02 2.535780865786012583e+01 5.741939726654086229e+01
1.929259449877051509e+02 2.514959684336935908e+01 5.795699662606507729e+01
1.931221478812832402e+02 2.609652885000285849e+01 5.821793332189626824e+01
1.928944358666437893e+02 2.613381369016984124e+01 5.785795162120432167e+01
1.929754674901355429e+02 2.662537885286212713e+01 5.831863670154972112e+01
1.927644535940984838e+02 2.762011780179561882e+01 5.906324698347344082e+01
1.917399782695716794e+02 2.693509464173385837e+01 5.825916395036312423e+01
1.966906273231543310e+02 2.931989477897867147e+01 7.888322754045861984e+01
1.967385486361297069e+02 3.014456453365357191e+01 7.629090181277520344e+01
1.906826785612169033e+02 2.804449019271458710e+01 5.917555898667581715e+01
1.883383084577114346e+02 2.481260364842454536e+01 5.615611597186481418e+01
1.884632012352032859e+02 2.450643335048893334e+01 5.644221421627494806e+01
1.887471264367815991e+02 2.549688339909647183e+01 5.708675015725967938e+01
1.880643335048893334e+02 2.578715617315720365e+01 5.718190655915822873e+01
1.878792245668210796e+02 2.654932235374849725e+01 5.740904672042088208e+01
1.877585635043174932e+02 2.693051981471950640e+01 5.751215188425687330e+01
1.874365528678446822e+02 2.691445073483158978e+01 5.764116200606164853e+01
1.942340595871218625e+02 3.025230170984159628e+01 7.991708126036483861e+01
1.959083319036998887e+02 3.138645851203751391e+01 8.067701721278663740e+01
1.886533996683250507e+02 2.849591124835592026e+01 5.935403442557328191e+01
1.877235088923200124e+02 2.666666666666666785e+01 5.750082918739634863e+01
1.884936238348487336e+02 2.611465660204723349e+01 5.824549665465774240e+01
1.895330817178475513e+02 2.865940412878137877e+01 6.024143649568250680e+01
1.901237490707382563e+02 3.106873677589066318e+01 6.208005947275118785e+01
1.897944187110424821e+02 3.165105506948018643e+01 6.218333619260021550e+01
1.894776691256361971e+02 3.114239149082175473e+01 6.188357065248469979e+01
1.893375078629839265e+02 3.124646880539829752e+01 6.191833933779378896e+01
1.947754331789329285e+02 3.356899410991022137e+01 8.090478641276376948e+01
1.966391605192428642e+02 3.357682850117230089e+01 8.274689769543088858e+01
1.888079716360725229e+02 3.004363241264939788e+01 6.092108423400240014e+01
1.876623777663407111e+02 2.802687710870932847e+01 5.911557156745010388e+01
1.885939841024761279e+02 2.767095556699262460e+01 5.960107508434837342e+01
1.889206839366386532e+02 2.865557271115686078e+01 6.005993023388803209e+01
1.893084005261051175e+02 2.910064619431577881e+01 6.033870875507519571e+01
1.888460570709669923e+02 2.804083033110310552e+01 5.912277691999771179e+01
1.887840681649225019e+02 2.733436266941156134e+01 5.872997083547778630e+01
1.885040315663063950e+02 2.599857036655801323e+01 5.762663693029107037e+01
1.939194830445473769e+02 2.672899868473723473e+01 7.797237948190084467e+01
1.961467947618230596e+02 2.607411219763252674e+01 8.397947046377308311e+01
1.843516326413907507e+02 1.962640818894035633e+01 5.145662492137016386e+01
1.801808772230799889e+02 1.483107451249499675e+01 4.676388174072167914e+01
1.803946360153256592e+02 1.303917195631040116e+01 4.627157316863956282e+01
1.807481557728598318e+02 1.485429175959284009e+01 4.676182306856522075e+01
1.807167038371361514e+02 1.550237319151369597e+01 4.710201864242008440e+01
1.806337850975010042e+02 1.609384113913192493e+01 4.734871618916909597e+01
1.808087150454623497e+02 1.661748727626236644e+01 4.766329273174358150e+01
1.810674215131240317e+02 1.710356264653742642e+01 4.792497283696459931e+01
1.912198776233773572e+02 2.128455424029278831e+01 8.276674100760564556e+01
1.969314347801223732e+02 2.481792188482873129e+01 9.299445302224509646e+01
1.802357179619145597e+02 1.767798936352719252e+01 4.811351289529364550e+01
1.775695087779493235e+02 1.543134900211585681e+01 4.525847772631097143e+01
1.790829187396351472e+02 1.404380396866243430e+01 4.588477154457596896e+01
1.797876136558586495e+02 1.564831017327157348e+01 4.670663921770457705e+01
1.800234459884485716e+02 1.669079887916738159e+01 4.710476353862869558e+01
1.799647166466517945e+02 1.708532052381769262e+01 4.735432035226168068e+01
1.799963401383885184e+02 1.720598158632126840e+01 4.730908675015726317e+01
1.805365128381083082e+02 1.773734774403842707e+01 4.750208726482529897e+01
1.893428832847257866e+02 2.157528449705495532e+01 7.775427460399153290e+01
1.968663578658431845e+02 2.522456682106707859e+01 9.434945959855892283e+01
1.799524789843883923e+02 1.848264425001429601e+01 4.836141133413392623e+01
1.768064848172928407e+02 1.597203636987476472e+01 4.547618230685652208e+01
1.777485560702236000e+02 1.488871733287585108e+01 4.586813061131125835e+01
1.785362269114199023e+02 1.646926288099731295e+01 4.688763081145994249e+01
1.790159547092125649e+02 1.763309887344884785e+01 4.747195059186824295e+01
1.794000114370675476e+02 1.850386001029336214e+01 4.802796363012523528e+01
1.797542174186538659e+02 1.923789100474638403e+01 4.851661234059587002e+01
1.799134213987533712e+02 1.955698518899754035e+01 4.886395608166066040e+01
1.892422942757476960e+02 2.350471779035855135e+01 8.027734888774517685e+01
1.974567392920455120e+02 2.749516783896608985e+01 9.688825985017442122e+01
1.795005432607079570e+02 1.914742380053754189e+01 4.874369531652084220e+01
1.776033053125178753e+02 1.706501972894150043e+01 4.644038428546920727e+01
1.785061474238005417e+02 1.555647052095842575e+01 4.669891919711785988e+01
1.787219648882026775e+02 1.681094527363184099e+01 4.731817921884828593e+01
1.783381940870360722e+02 1.724212271973465960e+01 4.738868874020700872e+01
1.782497283696460215e+02 1.741167724595413802e+01 4.758740778864299159e+01
1.787849831303253723e+02 1.835191856807914590e+01 4.815308514896780423e+01
1.789575112941041937e+02 1.844616000457482841e+01 4.826682678561216733e+01
1.876469377251672768e+02 2.176994338651569905e+01 7.818442271401612231e+01
1.979232000914965397e+02 2.719162806656373377e+01 1.008758506318979755e+02
1.788424543946931919e+02 1.818213530050894988e+01 4.855464059015268674e+01
1.757665694515926020e+02 1.531503402527591895e+01 4.498078572653971463e+01
1.771051066506547613e+02 1.392720306513409945e+01 4.563630125235889778e+01
1.773890890375707556e+02 1.509767255675644826e+01 4.621387316292102554e+01
