2.050905201750121591e+02 8.782090422946038188e+01 1.352128342245989359e+02
2.085545454545454618e+02 9.167802625182304155e+01 1.400867768595041412e+02
2.090399124939231967e+02 9.227073407875546707e+01 1.407990763247447603e+02
2.092622751579970952e+02 9.294151677199805306e+01 1.413221682061254114e+02
2.097236752552260555e+02 9.355663587749148746e+01 1.420702965483714024e+02
2.092991249392318878e+02 9.212080700048613835e+01 1.407474477394263488e+02
2.097605736509479755e+02 9.290554205153135570e+01 1.412186193485658805e+02
2.105388429752066202e+02 9.404350996596986079e+01 1.424020904229460314e+02
2.101719008264462900e+02 9.340029168692269934e+01 1.419087019931939722e+02
2.108861934856587368e+02 9.447938745746232314e+01 1.428641225085075348e+02
2.112025279533301045e+02 9.517929022848808529e+01 1.434923675255226101e+02
2.106494409333981537e+02 9.414394749635391690e+01 1.424843461351482858e+02
2.110422459893048028e+02 9.457569275644141271e+01 1.422779776373359368e+02
2.117747204666990797e+02 9.456237238697131886e+01 1.414491006319883297e+02
2.119251823043266825e+02 9.424535731648030890e+01 1.405010695187165766e+02
2.123618862421001552e+02 9.463203694701020652e+01 1.398144385026737950e+02
2.131392805055906763e+02 9.479820126397666513e+01 1.396730675741370931e+02
2.136988818667963130e+02 9.521706368497812889e+01 1.393734078755469170e+02
2.139603791929995111e+02 9.532892561983470614e+01 1.388818667963053031e+02
2.136594069032571781e+02 9.382075838599902795e+01 1.365856587263004371e+02
2.139485172581429140e+02 9.384098201263977046e+01 1.364954302382109859e+02
2.137339815264948868e+02 9.322231404958677103e+01 1.350035488575595650e+02
2.138626154594068964e+02 9.299533300923675938e+01 1.350702965483714024e+02
2.142580456976178880e+02 9.390904229460379327e+01 1.357438502673796847e+02
2.140298006806028184e+02 9.369032571706368628e+01 1.358080700048614347e+02
2.143322314049586907e+02 9.398585318424891000e+01 1.366666504618376337e+02
2.144056878949926954e+02 9.461142440447252966e+01 1.370490520175012250e+02
2.143087506076810769e+02 9.433801652892562117e+01 1.370724842002916830e+02
2.141862907146329746e+02 9.453407875546912464e+01 1.373712202236266364e+02
2.143793874574623146e+02 9.497783179387457153e+01 1.381883325230918729e+02
2.143466212931453470e+02 9.534404472532814623e+01 1.385105979581915392e+02
2.140016528925619923e+02 9.487326203208556308e+01 1.380980554205153226e+02
2.142322314049586680e+02 9.446237238697132454e+01 1.375411278561011272e+02
2.145852698104035028e+02 9.480709771511909878e+01 1.373612056392805130e+02
2.148755955274671976e+02 9.492338356830335044e+01 1.371240641711229955e+02
2.145617403986387899e+02 9.414491978609625278e+01 1.358369956246961578e+02
2.149928536703937709e+02 9.475741370928537322e+01 1.359787068546426951e+02
2.151786582401555563e+02 9.492498784637821529e+01 1.352215362177929023e+02
2.149845405930967388e+02 9.414073894020418720e+01 1.340268838113757965e+02
2.152553232863393191e+02 9.355692756441419533e+01 1.333912493923189118e+02
2.152776859504132290e+02 9.362430724355857592e+01 1.330758385999027666e+02
2.154062712688381112e+02 9.347632474477394737e+01 1.324188624210014495e+02
2.153363636363636431e+02 9.342552260573650358e+01 1.326511910549343725e+02
2.154646572678658174e+02 9.365362177929023346e+01 1.331493923189110262e+02
2.155572678658240022e+02 9.362182790471560168e+01 1.337475449684005753e+02
2.153061740398638904e+02 9.333573164803111410e+01 1.339479824987846257e+02
2.150582887700534798e+02 9.305085075352455704e+01 1.342092367525522718e+02
2.151430724355857933e+02 9.319270782693241983e+01 1.348791443850267342e+02
2.147798249878463821e+02 9.291998055420515357e+01 1.350951871657753998e+02
2.144246475449683942e+02 9.245201750121536577e+01 1.350320855614973254e+02
2.145493923189110319e+02 9.263942634905201601e+01 1.354717063684978200e+02
2.142244530870199242e+02 9.235634419056879096e+01 1.353954302382109915e+02
2.140790957705396238e+02 9.189013125911522195e+01 1.348740884783665592e+02
2.147928536703937823e+02 9.262649489547885651e+01 1.352384540593096744e+02
2.145368983957219200e+02 9.185201750121535724e+01 1.342316966456003797e+02
2.145563441905687796e+02 9.195935828877004781e+01 1.338244044725328195e+02
2.147985901798735995e+02 9.227588721438988273e+01 1.338287311618862532e+02
2.144576081672338432e+02 9.154929508993680543e+01 1.324596499756927699e+02
2.144698590179873463e+02 9.094428779776373517e+01 1.314397666504618485e+02
2.146685464268352064e+02 9.107676227515800349e+01 1.309437530384054469e+02
2.154591152163344816e+02 9.198590179873602324e+01 1.315870685464268490e+02
2.153312105007292132e+02 9.197933884297520990e+01 1.312487603305785058e+02
2.150765192027224089e+02 9.157311618862421199e+01 1.302807486631016047e+02
2.153397666504618257e+02 9.193422459893048426e+01 1.302161886242100195e+02
2.150269810403500230e+02 9.087428293631502640e+01 1.291844433641225010e+02
2.155373845405931093e+02 9.164487117160913954e+01 1.297873116188624181e+02
2.155565872630043884e+02 9.164117647058823479e+01 1.296533300923675256e+02
2.495576081672338375e+02 1.656593096742829232e+02 2.496832766164316979e+02
2.491452600875060739e+02 1.605052989790957838e+02 2.494606708799222190e+02
2.489834710743801622e+02 1.565724842002916830e+02 2.493308701993194063e+02
1.927642197374817670e+02 6.271438988818668037e+01 9.754842002916869603e+01
1.960198347107437939e+02 6.922561983471074143e+01 1.030742343218279018e+02
1.961208556149732658e+02 6.913159941662615893e+01 1.030415653864851748e+02
1.956271268838113713e+02 6.882843947496354531e+01 1.017836169178415133e+02
1.990086047642197400e+02 7.081973748176956462e+01 1.041867768595041355e+02
2.022424404472532729e+02 7.344487117160913670e+01 1.075856587263004371e+02
2.048306271268837975e+02 7.607554691298007299e+01 1.102528925619834723e+02
2.070996110841030600e+02 7.858570734078755038e+01 1.131896937287311573e+02
2.087499756927564363e+02 8.081239669421488259e+01 1.150032571706368429e+02
2.099917841516771944e+02 8.185760816723383471e+01 1.162163830821584867e+02
2.108473991249392441e+02 8.284229460379192744e+01 1.169725814292659152e+02
2.113205153135634475e+02 8.363344676713660419e+01 1.176544482255712154e+02
2.124184248906174162e+02 8.513840544482255268e+01 1.188212445308702030e+02
2.129268351968886748e+02 8.602124453087020584e+01 1.194816237238697170e+02
2.127013612056392731e+02 8.544846864365581496e+01 1.189795333009236771e+02
2.135439961108410216e+02 8.664691298006806619e+01 1.196616917841516710e+02
2.139347107438016451e+02 8.722630043753038365e+01 1.200961108410306224e+02
2.142050072921730646e+02 8.759129800680602784e+01 1.206050072921730703e+02
2.143225571220223742e+02 8.804423918327661625e+01 1.209267865824015615e+02
2.144947010209042162e+02 8.854589207583859434e+01 1.209538648517258110e+02
2.141832280019445705e+02 8.789995138551287823e+01 1.204303354399611123e+02
2.142699076324744851e+02 8.799076324744774524e+01 1.204748663101604222e+02
2.141840544482255666e+02 8.802639766650462150e+01 1.202305785123966899e+02
2.142373845405930979e+02 8.780175012153621594e+01 1.204797277588721442e+02
2.141119591638308179e+02 8.774341273699562294e+01 1.198912980068060250e+02
2.139470102090423040e+02 8.741302868254740588e+01 1.195546912980068015e+02
2.140054934370442368e+02 8.737306757413709590e+01 1.193528439474963534e+02
2.143432668935342633e+02 8.766305298979095539e+01 1.199046669907632463e+02
2.145315994166261646e+02 8.825901798736023807e+01 1.200207097715119176e+02
2.142226057365094789e+02 8.771142440447253819e+01 1.193735537190082709e+02
2.140111813320369549e+02 8.724467671366066668e+01 1.189675741370928534e+02
2.136001458434613482e+02 8.666193485658726559e+01 1.183785123966942194e+02
2.135578998541565454e+02 8.654968400583373977e+01 1.181424890617403918e+02
2.138340787554691360e+02 8.686383082158482694e+01 1.184720952843947543e+02
2.135441905687895030e+02 8.657603305785123382e+01 1.180578998541565454e+02
2.134876033057851146e+02 8.643427321341759750e+01 1.179467671366067094e+02
2.137036947010209076e+02 8.673480797277588294e+01 1.182743315508021453e+02
2.137276130286825548e+02 8.680384054448225584e+01 1.181767136606708846e+02
2.138475935828876970e+02 8.687656781720953347e+01 1.182218279047156102e+02
2.136022362664074024e+02 8.691934856587262459e+01 1.180199805542051479e+02
2.134903257170636834e+02 8.665911521633447023e+01 1.176849781234808034e+02
2.138746718522119465e+02 8.683320369470102662e+01 1.181932425862907081e+02
2.135696159455517886e+02 8.629158969372872434e+01 1.176958677685950363e+02
2.138827418570733983e+02 8.683616917841516170e+01 1.179447739426349102e+02
2.135819154107924192e+02 8.659688867282450531e+01 1.177710257656781749e+02
2.133955760816723455e+02 8.626771998055420454e+01 1.174389402041808523e+02
2.131166747690811860e+02 8.569450656295576607e+01 1.171221195916383095e+02
2.131032085561497240e+02 8.565192027224112792e+01 1.169843461351482716e+02
2.125660184735050962e+02 8.457335926105979240e+01 1.161300923675255206e+02
2.125526981040350165e+02 8.466927564414194762e+01 1.160639280505590705e+02
2.129589207583860002e+02 8.551516771998055333e+01 1.169913952357802600e+02
2.128873602333495398e+02 8.543339815264948811e+01 1.170366067087992263e+02
2.131878463782207120e+02 8.594982984929508518e+01 1.175605250364608594e+02
2.132826932425863049e+02 8.622484200291687273e+01 1.172865824015556626e+02
2.134358288770053491e+02 8.630904229460379895e+01 1.174450656295576039e+02
2.138111327175498388e+02 8.667870685464268377e+01 1.180175498298493011e+02
2.137423432182790464e+02 8.677122022362664211e+01 1.179249392318911021e+02
2.135959163830821694e+02 8.666417112299465941e+01 1.176443364122508513e+02
2.140233349538162315e+02 8.742795333009236458e+01 1.182239669421487633e+02
2.140995138551288335e+02 8.769572192513369657e+01 1.184027710257656736e+02
2.141246961594555103e+02 8.729217306757414008e+01 1.181111327175498360e+02
2.142796791443850282e+02 8.760121536217792482e+01 1.182872630043753048e+02
2.141542051531356208e+02 8.758201263976664563e+01 1.182120563928050530e+02
2.141210014584346197e+02 8.754103062712688654e+01 1.182800680602819625e+02
2.139877005347593695e+02 8.710850753524550782e+01 1.181035488575595593e+02
2.141453087019932013e+02 8.739684005833738922e+01 1.185408361691784194e+02
2.139373359261059875e+02 8.707272727272727764e+01 1.181270782693242580e+02
2.140900340301409699e+02 8.743587749149246235e+01 1.186131259115216352e+02
2.137544968400583514e+02 8.695109382596014314e+01 1.181863879436072011e+02
2.140565872630043884e+02 8.700743801652892273e+01 1.184506076810889681e+02
2.141486631016042850e+02 8.720991735537189982e+01 1.186492950899367997e+02
2.145848808945065684e+02 8.779056878949927523e+01 1.192665046183762740e+02
2.149834224598930348e+02 8.859110354885756067e+01 1.200659698590179829e+02
