2.494237031242360558e+02 5.345176746687527469e+01 2.211990905979562783e+01
2.495856353591160257e+02 5.320243973989146014e+01 2.196333056275362949e+01
2.495408741993839499e+02 5.256224025815284051e+01 2.163861047279127803e+01
2.495865643181929272e+02 5.261648657898597037e+01 2.166904610570576395e+01
2.495352759986310218e+02 5.281225248129858585e+01 2.169366352124382757e+01
2.495853420036180523e+02 5.345626558451083099e+01 2.196848873025961879e+01
2.495739989243631669e+02 5.341067325086784479e+01 2.198609006013787592e+01
2.495165990319268587e+02 5.317359311592431226e+01 2.179315992763897825e+01
2.495454701021855044e+02 5.329091086882120010e+01 2.173886471422285283e+01
2.495461545983474423e+02 5.318491174888769280e+01 2.168056030900112319e+01
2.496016721263384284e+02 5.314491761599765596e+01 2.168745416320344077e+01
2.496015010022979652e+02 5.316379015303378708e+01 2.174084486383415538e+01
2.495516305676428885e+02 5.307473231310810036e+01 2.165445166968170909e+01
2.495322691047768160e+02 5.304613015205593030e+01 2.156803402923776503e+01
2.495490637070356286e+02 5.306050457145651222e+01 2.155175279910037744e+01
2.496025521928323485e+02 5.303686500757834921e+01 2.157800811616877823e+01
2.495435632914486916e+02 5.314988021317166300e+01 2.158199286168288111e+01
2.495113430792548854e+02 5.317532880262064054e+01 2.156092015841196741e+01
2.495818461839338909e+02 5.326137974869212144e+01 2.156859629394221045e+01
2.495693052363956497e+02 5.327695203637608046e+01 2.153786730552975115e+01
2.495218305383073414e+02 5.322016330122720262e+01 2.146526181978194003e+01
2.494975309245587312e+02 5.290605290177479958e+01 2.128849068596294103e+01
2.494957218989879095e+02 5.237798855913558072e+01 2.101019410355448969e+01
2.494474404732802100e+02 5.231122573705568612e+01 2.093907984158803259e+01
2.494701755243729622e+02 5.231499046594631608e+01 2.088796264606659037e+01
2.494772405026157571e+02 5.241128440815528222e+01 2.082716471911211187e+01
2.495280887889307166e+02 5.276382437784187829e+01 2.102290617513323312e+01
2.495670806238693729e+02 5.275446144819830607e+01 2.098987923532000366e+01
2.495373294871168071e+02 5.273084633061164794e+01 2.097147117782232328e+01
2.495108785997164205e+02 5.266968170928470272e+01 2.089823008849557695e+01
2.495460568131814512e+02 5.256238693590182720e+01 2.085708697990514793e+01
2.495303867403314939e+02 5.248860802816212612e+01 2.086050946071480894e+01
2.495170146188823139e+02 5.260394563144770785e+01 2.088889160514349896e+01
2.495426098860802711e+02 5.312335598689679017e+01 2.112819635261330831e+01
2.495672517479098360e+02 5.342952134161247812e+01 2.126900699163936892e+01
2.496294186671881903e+02 5.396677748985479184e+01 2.148645675451033910e+01
2.495762479831809628e+02 5.420515327824769258e+01 2.155409964308414317e+01
2.495452500855620315e+02 5.431887742629442783e+01 2.155373294871168000e+01
2.496331100572043340e+02 5.469483694323571399e+01 2.172114115288710678e+01
2.495837529946707036e+02 5.429362440717743254e+01 2.149838654476116062e+01
2.496477044932283889e+02 5.462963868381166321e+01 2.173637119249010041e+01
2.495754168092700240e+02 5.400046447953845075e+01 2.140849753092455998e+01
2.494528675499926749e+02 5.364985576688016522e+01 2.130961228181684675e+01
2.494681953747616490e+02 5.349464626216202845e+01 2.130565198259424164e+01
2.495203882071089936e+02 5.357553904072752005e+01 2.140705519972620152e+01
2.495803549601525333e+02 5.371544516696817340e+01 2.147479587346599672e+01
2.496058768884760184e+02 5.407695692563438428e+01 2.166107661467755463e+01
2.495973940253263663e+02 5.414423311983571807e+01 2.160775925292133337e+01
2.495897423360876246e+02 5.393089033393633969e+01 2.148939030949005158e+01
2.496136263628807512e+02 5.389126289541876247e+01 2.152962890529506623e+01
2.495899134601280878e+02 5.388656920745123102e+01 2.145736566762822051e+01
2.495710653693834615e+02 5.392560993497286148e+01 2.147200899623527093e+01
2.495404830587199854e+02 5.401977704982154194e+01 2.159419156114017468e+01
2.496042145406541692e+02 5.409590280154500874e+01 2.164951351879919983e+01
2.495723854691243275e+02 5.409135579132645688e+01 2.168119591258006196e+01
2.495500171124040492e+02 5.387461497090891527e+01 2.161643768640297125e+01
2.495911113284114720e+02 5.391617366645479592e+01 2.167205299955996622e+01
2.496303720725565825e+02 5.388500464479538721e+01 2.167999804429668131e+01
2.495734366596587392e+02 5.391174888769374007e+01 2.174060040091918111e+01
2.495758079499339885e+02 5.400926514447758109e+01 2.181379259766293544e+01
2.494778027673201848e+02 5.391348457439006836e+01 2.195203637608174674e+01
2.495150589155625198e+02 5.394494695154745045e+01 2.179866034322593293e+01
2.494203539823008953e+02 5.305016379015303585e+01 2.141006209358040380e+01
2.494932772698381598e+02 5.308852002151273552e+01 2.155383073387767112e+01
2.494999266611254995e+02 5.273021072703270562e+01 2.137077690314379197e+01
2.495456167799344769e+02 5.317039065173813128e+01 2.160120764679998118e+01
2.495284310370116714e+02 5.308064831565051378e+01 2.157541680927003469e+01
2.495875421698528385e+02 5.351865252041265109e+01 2.181682393780863549e+01
2.496306898743460749e+02 5.362308707769031457e+01 2.185918936097393939e+01
2.495985430010267407e+02 5.345695008067276177e+01 2.176328655942893420e+01
2.496406884075685753e+02 5.354373441548916901e+01 2.182772698381655374e+01
2.495868821199823913e+02 5.357262993203931245e+01 2.176074414511318622e+01
2.495798171417395963e+02 5.360137877084046210e+01 2.182342443651297970e+01
2.496225492592773776e+02 5.359553610717254202e+01 2.173201975260353080e+01
2.496036767222412323e+02 5.357651689238742421e+01 2.178196352613308662e+01
2.496193467950911895e+02 5.352576639123844870e+01 2.179396665525839794e+01
2.496342101403217271e+02 5.362003129125312029e+01 2.182335109763848990e+01
2.495961961570429821e+02 5.356967193076810219e+01 2.172862171808536758e+01
2.496214002835769747e+02 5.361277074267833598e+01 2.166234782183542862e+01
2.496147753385811257e+02 5.362279372219234119e+01 2.164237520168190443e+01
2.496278296582408416e+02 5.372732606463599581e+01 2.166415684740624670e+01
2.496374859433823872e+02 5.351855473524665996e+01 2.156387815968317767e+01
2.496390016134552354e+02 5.320904023859580434e+01 2.142431428152349326e+01
2.496005475969295446e+02 5.314895125409475440e+01 2.137566616144330922e+01
2.495889111621766858e+02 5.321659414266855492e+01 2.143981323033295894e+01
2.495945338092211330e+02 5.327849215274042649e+01 2.148931697061555823e+01
2.496149220163301266e+02 5.333718769862611708e+01 2.148528333251845623e+01
2.496264117733339845e+02 5.348980589644551031e+01 2.152926221092260306e+01
2.496058524421845277e+02 5.394445802571750193e+01 2.172788832934043768e+01
2.495684007236102389e+02 5.361604654573901030e+01 2.150393585293111087e+01
2.495932626020632767e+02 5.352376179533564482e+01 2.146218158705324441e+01
2.496216936390749481e+02 5.361937124138268018e+01 2.143868870092406809e+01
2.496487312374712815e+02 5.365533173617562568e+01 2.142585439788783930e+01
2.496634967975358279e+02 5.372820613112990884e+01 2.149523297315797166e+01
2.496417151518114679e+02 5.371828093678188765e+01 2.149640639514985452e+01
2.496578985967828714e+02 5.378726837138805905e+01 2.155813328118124517e+01
2.496208380188725471e+02 5.355634870190192487e+01 2.140089473426881028e+01
2.496843005916002483e+02 5.352740429276878587e+01 2.143047474698088450e+01
2.496000097785166076e+02 5.349916882608908253e+01 2.134884857967046301e+01
2.495647582261770765e+02 5.309646506624945062e+01 2.116694372463697249e+01
2.494731090793526675e+02 5.279946707084535262e+01 2.103525155233950983e+01
2.494634283479196313e+02 5.269887058133281243e+01 2.100508482863149595e+01
2.494857967046399096e+02 5.231621278052119806e+01 2.083151615899868148e+01
2.495656627389624873e+02 5.272889062729183962e+01 2.107338776707573302e+01
2.495438077543636552e+02 5.282200655160612257e+01 2.117704004302547460e+01
2.495032269104776788e+02 5.288969833276291865e+01 2.119107221434508403e+01
2.495738766929056851e+02 5.295719454358773959e+01 2.124099154158314207e+01
2.495370605779103244e+02 5.297528479929594880e+01 2.122889062729183962e+01
2.495246418618295650e+02 5.292807901041412322e+01 2.125228572825502482e+01
2.495154256099349652e+02 5.295274531853517885e+01 2.126744242898352155e+01
2.495187747518701542e+02 5.249872879284212246e+01 2.104598347430694716e+01
2.494759937417493632e+02 5.245240307045420991e+01 2.102456852295506806e+01
2.495187991981616449e+02 5.241280007822813047e+01 2.105607979269544927e+01
2.495242262748741098e+02 5.242974135823595816e+01 2.116699261721996805e+01
2.495920647337798925e+02 5.278609494939617974e+01 2.136165843641519757e+01
2.495959028015450087e+02 5.277255170390651529e+01 2.139172737495722032e+01
2.496075147900063484e+02 5.278565491614921967e+01 2.142211411528871068e+01
2.495298978145015383e+02 5.235850486481200505e+01 2.127030264508874069e+01
2.495379161981127538e+02 5.242759008458416758e+01 2.139390309490050512e+01
2.495310467902019127e+02 5.228624162714515933e+01 2.138950276243093995e+01
2.493568669632816750e+02 5.188923385322446791e+01 2.134552388402679313e+01
2.493666699261721931e+02 5.136813670366205287e+01 2.120860020534884782e+01
2.493766195668117120e+02 5.130638537133916799e+01 2.122082335109763918e+01
2.494348750794504497e+02 5.184053684056128475e+01 2.157729917371534611e+01
2.494711778223243641e+02 5.203092455874443800e+01 2.162120471324499960e+01
2.494919082775143124e+02 5.238815821639857262e+01 2.179137534835965440e+01
2.495323424436512880e+02 5.220361316188333944e+01 2.172832836258739420e+01
2.494780472302351768e+02 5.234288368454505758e+01 2.170312423605339092e+01
2.494637950422920767e+02 5.201870141299564665e+01 2.150200459590280033e+01
2.494670219527697554e+02 5.235647582261771049e+01 2.174991443797975776e+01
2.494296191267784764e+02 5.198027184276145363e+01 2.154348995257419475e+01
2.494720823351097749e+02 5.195883244511807675e+01 2.157441451131863275e+01
2.495240307045421275e+02 5.202041265340047715e+01 2.164679998044296738e+01
2.494888035984941155e+02 5.199366841050212429e+01 2.165980540751968064e+01
2.494920305089717942e+02 5.199965775191903106e+01 2.166401016965726356e+01
2.494847944066885077e+02 5.201339656774067066e+01 2.166493912873417216e+01
2.495250574487850201e+02 5.239805896445508893e+01 2.191842272527257762e+01
2.495071627634087861e+02 5.251234537720628026e+01 2.190052803989634711e+01
2.495497970957805762e+02 5.249122378135236744e+01 2.185581577274727394e+01
2.495648560113430676e+02 5.253574047816945836e+01 2.195196303720725695e+01
2.494934728401701420e+02 5.223945142521879603e+01 2.179340439055395251e+01
2.494653351586564440e+02 5.171209602503300573e+01 2.149772649489072407e+01
2.493759595169412933e+02 5.133789664107954565e+01 2.131968415391385108e+01
