2.495458567980691953e+02 1.544340615137075323e-01 1.035754068939909622e+01
2.495501268642861703e+02 1.546197165666192141e-01 1.040438764775047886e+01
2.495630298904635254e+02 1.555170493223590467e-01 1.039872516863667329e+01
2.495263011324958313e+02 1.409121851599727804e-01 1.042573797883532372e+01
2.494974936567856787e+02 1.247292530478371214e-01 1.037428058666996655e+01
2.494870660313138160e+02 1.171483383872764378e-01 1.055767683643789923e+01
2.495507766569713510e+02 1.109288941147348190e-01 1.047335849990717271e+01
2.495519524723064535e+02 1.065969428801287200e-01 1.039061823132619544e+01
2.495854322668481871e+02 1.230893000804505200e-01 1.045250324896342597e+01
2.495743857911999442e+02 1.296181694411782936e-01 1.042276749798873681e+01
2.496699981434494759e+02 1.573426573426573438e-01 1.048446686057305577e+01
2.496708026486787446e+02 1.459867566062256206e-01 1.066541865214431617e+01
2.496876972584937278e+02 1.736803019988860664e-01 1.082044062132557727e+01
2.495994801658518440e+02 1.546506590754378463e-01 1.074447676217587677e+01
2.496220681972894226e+02 1.625719413330032892e-01 1.071161581781050742e+01
2.496669967200940619e+02 1.689770406584565898e-01 1.079237576582709401e+01
2.496586731852218577e+02 1.618293211213565064e-01 1.081870784083173476e+01
2.496657899622501304e+02 1.666254099882418516e-01 1.087273346122903561e+01
2.496106813540441749e+02 1.457701590444953343e-01 1.084516368587165047e+01
2.496207067269014033e+02 1.450894238504857880e-01 1.089522866514016997e+01
2.496184479237576568e+02 1.486478123646265137e-01 1.095702085525094382e+01
2.496574354848691257e+02 1.501330527879200516e-01 1.082607215793056454e+01
2.496105575840089159e+02 1.283804690884337019e-01 1.063716814159291957e+01
2.496734018194195244e+02 1.600655981186954735e-01 1.063812735936629750e+01
2.496343523732904259e+02 1.485859273469893049e-01 1.069896033170369520e+01
2.496513398106318391e+02 1.530416486168698631e-01 1.065684757720156028e+01
2.496480599046970781e+02 1.466365492914165347e-01 1.063135094993502072e+01
2.496613961259978964e+02 1.473172844854260810e-01 1.070496317841450562e+01
2.496432947583390103e+02 1.358685562225385168e-01 1.063283619035831506e+01
2.496791880685686067e+02 1.867070982115229816e-01 1.089374342471687562e+01
2.496475338820471563e+02 1.726591992078717608e-01 1.074797326567238009e+01
2.495743548486911436e+02 1.306702147410112036e-01 1.057701590444953332e+01
2.496407574726158884e+02 1.587350702394950130e-01 1.079590321183241564e+01
2.496369515440311773e+02 1.621387462095426613e-01 1.079655300451760702e+01
2.495790271675227530e+02 1.522990284052231080e-01 1.063930317470140530e+01
2.496138993749613348e+02 1.483074447676217544e-01 1.069453555294263225e+01
2.496406955875982305e+02 1.481217897147100726e-01 1.080512407946036291e+01
2.496572807723250094e+02 1.474101120118819219e-01 1.081180766136518301e+01
2.496410978402128933e+02 1.521443158611300306e-01 1.082013119623739072e+01
2.496218825422365342e+02 1.484930998205334363e-01 1.079732656723807160e+01
2.496198403366545051e+02 1.518658332817624801e-01 1.082548425026301153e+01
2.496389009220867763e+02 1.687295005879076715e-01 1.087622996472554071e+01
2.496561977845163653e+02 1.651711120737669458e-01 1.076814778142211715e+01
2.496330837304288650e+02 1.533820162138746224e-01 1.078395940342842962e+01
2.496592920353982379e+02 1.729376817872393113e-01 1.087186707098211436e+01
2.496577139674484727e+02 1.596633455040534777e-01 1.077213936505971859e+01
2.497300266105575872e+02 1.919982672195061635e-01 1.097205891453678994e+01
2.496932978525898932e+02 1.682344204468098348e-01 1.084596819110093513e+01
2.495723745281267441e+02 1.438207809889225919e-01 1.076267095736122315e+01
2.497089547620521159e+02 2.100068073519401057e-01 1.104294820224023788e+01
2.495925181013676593e+02 1.552076242341729195e-01 1.079927594529364399e+01
2.496052973575097553e+02 1.661922148647812236e-01 1.084497803081873890e+01
2.496903273717433080e+02 2.118633578810570073e-01 1.107593291664088042e+01
2.496383439569280256e+02 1.796212636920601624e-01 1.095748499288322364e+01
2.496749798873692612e+02 1.958660808218330440e-01 1.112742125131505588e+01
2.497501392412896735e+02 2.254780617612476001e-01 1.133699486354353603e+01
2.497817315427934943e+02 2.389999381149823521e-01 1.140961693174082470e+01
2.496779813107246753e+02 1.858716504734203856e-01 1.122417847639086652e+01
2.497637230026610666e+02 2.257256018317965185e-01 1.147552447552447497e+01
2.497194442725416081e+02 1.930193700105204413e-01 1.141738350145429770e+01
2.497496132186397801e+02 2.140602760071786681e-01 1.145640200507457074e+01
2.497278296924314702e+02 2.255399467788848367e-01 1.152905501578067948e+01
2.497137199084101837e+02 2.139055634630855907e-01 1.144848072281700624e+01
2.496610867009097205e+02 2.055820285908781520e-01 1.136094436536914465e+01
2.497139365059719012e+02 2.153598613775604964e-01 1.135809765455783094e+01
2.497303669781545921e+02 2.197536976298038180e-01 1.132390618231326229e+01
2.497053035460115211e+02 2.069744414877158212e-01 1.137805557274583812e+01
2.497430224642614007e+02 2.231573735998514663e-01 1.148972708707221990e+01
2.498487839594034199e+02 2.660127483136332516e-01 1.166040596571570021e+01
2.498368092084906209e+02 2.666315984900055613e-01 1.176737421870165257e+01
2.498087134104833353e+02 2.547806176124760014e-01 1.171545268890401559e+01
2.497729438702889979e+02 2.371433875858654505e-01 1.162417228788910251e+01
2.498181199331641835e+02 2.445077046846958480e-01 1.162274893248344654e+01
2.497640943127668720e+02 2.246426140231450042e-01 1.162120180704251560e+01
2.497788538894733676e+02 2.494585060956742428e-01 1.151862739030880611e+01
2.497228170060028560e+02 2.403614085030014169e-01 1.156606225632774354e+01
2.497349774119685719e+02 2.418157064174763227e-01 1.159140417105018805e+01
2.497558017204034968e+02 2.427749241908533917e-01 1.158103843059595306e+01
2.498280524784949534e+02 2.778327866823441794e-01 1.173132619592796644e+01
2.498357571631907774e+02 2.747075932916641094e-01 1.184683458134785639e+01
2.497955009592177760e+02 2.384120304474286745e-01 1.166634692740887402e+01
2.498229160220310803e+02 2.490562534810322470e-01 1.175929822389999302e+01
2.498177486230583497e+02 2.436413144377746198e-01 1.179775976236153312e+01
2.497526455845039948e+02 2.285723126431090935e-01 1.160071786620459200e+01
2.497548115601212828e+02 2.303050931369515497e-01 1.154960084163623968e+01
2.498381397363698113e+02 2.484064607958413329e-01 1.169171978464013861e+01
2.497899931926480690e+02 2.395259607648988209e-01 1.165403180889906487e+01
2.498191410359551980e+02 2.455906924933473623e-01 1.169660870103347960e+01
2.497295005879076655e+02 2.134723683396249905e-01 1.166489262949439976e+01
2.497715823999009785e+02 2.277678074138251019e-01 1.159533386967015289e+01
2.497928399034593667e+02 2.460857726344451990e-01 1.168317965220620103e+01
2.497890030323658550e+02 2.427439816820347873e-01 1.162785444643851740e+01
2.498416671823751471e+02 2.782659818058048073e-01 1.169524723064546023e+01
2.497616498545702086e+02 2.372362151123213192e-01 1.159542669719660957e+01
2.497023330651649360e+02 2.028900303236586544e-01 1.144885203292282938e+01
2.496958351383130150e+02 1.955566557336468891e-01 1.133201311962373836e+01
2.497164737916950230e+02 2.234667986880376211e-01 1.140160282195680352e+01
2.498319821771149236e+02 2.640943127668791135e-01 1.147428677517173057e+01
2.498576335169255458e+02 2.653629556284423652e-01 1.141032860944365446e+01
2.498521876353734683e+02 2.555541803329414163e-01 1.144779998762299655e+01
2.497933659261092885e+02 2.360294572683953318e-01 1.146311652948821092e+01
2.497836499783402360e+02 2.257565443406151506e-01 1.136230583575716402e+01
2.497945726839532199e+02 2.243950739525960858e-01 1.149186212018070385e+01
2.497438579119994984e+02 2.172782969243146345e-01 1.155018874930379269e+01
2.498073209975864870e+02 2.610000618850176202e-01 1.163531159106380386e+01
2.497920353982300981e+02 2.520576768364378717e-01 1.161519896033170340e+01
2.497157930565010133e+02 2.184541122594219897e-01 1.147162571941333020e+01
2.497123584380221644e+02 2.214864781236462743e-01 1.152252614641995088e+01
2.497514697691688923e+02 2.322544711925242922e-01 1.163837489943684567e+01
2.497591125688470868e+02 2.508199764836933077e-01 1.154796088866885384e+01
2.497658270932607252e+02 2.560492604740392530e-01 1.159879943065783792e+01
2.498034222414753458e+02 2.471687604430967133e-01 1.165050436289374325e+01
2.497360294572683870e+02 2.122037254780617666e-01 1.154709449842193258e+01
2.497186707098211400e+02 2.178971471006869165e-01 1.150386781360232646e+01
2.496549291416548044e+02 1.998576644594343699e-01 1.140608948573550308e+01
2.496873259483878940e+02 2.251376941642428409e-01 1.144857355034346114e+01
2.497131010582338035e+02 2.554613528064855754e-01 1.151878210285289938e+01
2.497655176681725493e+02 2.788229469645399083e-01 1.146797450337273361e+01
2.496017080264867900e+02 2.030447428677517041e-01 1.129203539823008917e+01
2.496565690946221991e+02 2.003836871093508387e-01 1.136212018070425067e+01
2.497322235286837042e+02 2.586793737236214863e-01 1.155597499845287501e+01
2.497082740268581063e+02 2.283247725725601751e-01 1.161049569899127398e+01
2.496959898508571030e+02 2.242713039173216127e-01 1.161640571817562950e+01
2.497614641995172917e+02 2.490871959898508514e-01 1.172990284052230869e+01
2.497021474101120191e+02 2.355653196361160995e-01 1.160523547249210985e+01
2.497232502011263193e+02 2.443220496317841384e-01 1.173339934401881379e+01
2.497836190358314354e+02 2.694473667924995319e-01 1.172544711925242922e+01
2.497565752831239649e+02 2.639086577139674317e-01 1.167507271489572318e+01
2.497267467046227978e+02 2.684572065103038585e-01 1.173361594158054366e+01
2.498314561544650019e+02 2.826598180580481290e-01 1.186382201868927488e+01
2.498225137694164175e+02 2.896218825422365306e-01 1.179342781112692684e+01
2.497062937062937067e+02 2.633826350640510183e-01 1.184423541060709262e+01
2.497201868927532757e+02 2.616807970790271942e-01 1.179531530416486085e+01
2.497817315427934943e+02 2.674361037192895529e-01 1.189541432019308154e+01
2.498267219506157630e+02 2.914165480537161956e-01 1.196045547372981055e+01
2.497621449347113014e+02 2.675289312457453939e-01 1.182898075375951485e+01
2.497303669781545921e+02 2.849186212018070541e-01 1.181923386348165117e+01
2.498056501021102918e+02 3.082183303422241227e-01 1.193152422798440426e+01
2.497568847082121408e+02 2.749241908533943679e-01 1.183615941580543307e+01
2.496557645893929021e+02 2.529550095921777597e-01 1.165335107370505519e+01
2.497500773562720440e+02 2.913237205272603547e-01 1.179209728324772577e+01
2.497596385914970085e+02 2.929636734946469701e-01 1.196658209047589594e+01
2.498268147781422215e+02 3.315180394826412469e-01 1.209917074076366106e+01
