2.509941205092855512e+02 1.067634417322196105e+00 2.258616495012569914e+01
2.509815100154083325e+02 7.728489173627443032e-01 1.547473846403373621e+01
2.509745357229746219e+02 8.449030897737409562e-01 1.510802043629875868e+01
2.506468656232260059e+02 7.047684697104857898e-01 1.426919957829859698e+01
2.502639688589733282e+02 5.326413105182061791e-01 1.341634903900737896e+01
2.500137052955964521e+02 4.054010218149379785e-01 1.296853458762468492e+01
2.500453734490309046e+02 4.318790041359176213e-01 1.303937231368096583e+01
2.501255778120184914e+02 4.702376125212878177e-01 1.315298840321141860e+01
2.500819073878842005e+02 4.588435649987835374e-01 1.304054821182385915e+01
2.500834482199335014e+02 4.669532073635552782e-01 1.308166409861325086e+01
2.500474819560457433e+02 4.567350579839429270e-01 1.296606114670342969e+01
2.501698970075419766e+02 5.017435731084258776e-01 1.331619495580244994e+01
2.500964641959289736e+02 4.534912010380341973e-01 1.325695401832779119e+01
2.501967399237693712e+02 5.062849728326981324e-01 1.351617873651771973e+01
2.502194063741789023e+02 5.173951828724353552e-01 1.369211742762144191e+01
2.501423242235017312e+02 4.744546265509690941e-01 1.344108344821993306e+01
2.501182385856783696e+02 4.443678533776660444e-01 1.346500689319601030e+01
2.501467034303787216e+02 4.759954586002757004e-01 1.343281161300786586e+01
2.501754926607736707e+02 5.023517962857837471e-01 1.346403373611223664e+01
2.501969426648284696e+02 5.048252372070392013e-01 1.346042494525991451e+01
2.500240856378233616e+02 4.264455437515205505e-01 1.319057659557213569e+01
2.501614629794825930e+02 5.042575622415051972e-01 1.338877625496715673e+01
2.501085475630524684e+02 4.778606763441732297e-01 1.337908523234125369e+01
2.500256670180845049e+02 4.284324061308896203e-01 1.315996269564512211e+01
2.500222609682913060e+02 4.227962046873732782e-01 1.319305003649339092e+01
2.500557537912578141e+02 4.322439380423323541e-01 1.319726705052307203e+01
2.500010542535074194e+02 3.993593382531830382e-01 1.315967885816235494e+01
2.500884761981996576e+02 4.298921417565485514e-01 1.326356337685508002e+01
2.500920849890519833e+02 4.506933744221879867e-01 1.315169086043305491e+01
2.499878760846646628e+02 4.120914767658745981e-01 1.296922390722569141e+01
2.500745276133322648e+02 4.805774065363717651e-01 1.315246127645770891e+01
2.500629713729624655e+02 4.646419592895953410e-01 1.313968858973319342e+01
2.501043305490227908e+02 4.816316600437920425e-01 1.313093017597923939e+01
2.500668640012975459e+02 4.636282539939988734e-01 1.300669045495093634e+01
2.501679101451626082e+02 4.979725894088070648e-01 1.322013624199172810e+01
2.500405076636120327e+02 4.406374178898710414e-01 1.312103641229421847e+01
2.501510015408320555e+02 5.021896034384883967e-01 1.332835941934960644e+01
2.500746087097558927e+02 4.623307112156354037e-01 1.325821101289433201e+01
2.501149947287324551e+02 4.833346849403941103e-01 1.326510420890438802e+01
2.501077771470278037e+02 4.564917687129997348e-01 1.331668153434433499e+01
2.500444002919471131e+02 4.418944124564106457e-01 1.331907387884194272e+01
2.501037628740572529e+02 4.736031141026680880e-01 1.318656232260157246e+01
2.501644635471575668e+02 4.926607736598815901e-01 1.323185467520882241e+01
2.501129673181412727e+02 4.710485767577649585e-01 1.325342632389911657e+01
2.501953207363555407e+02 4.965534019949719990e-01 1.344436785337766693e+01
2.501234693050036526e+02 5.157732543994809626e-01 1.328160733111669778e+01
2.501106966182791211e+02 4.801313762063093016e-01 1.332527775525099401e+01
2.500059605871381052e+02 4.528424296488524625e-01 1.290467115400210929e+01
2.500237612521287929e+02 4.769686156840483582e-01 1.293723136809666663e+01
2.499581947936096071e+02 4.304598167220825555e-01 1.282973805855161764e+01
2.499558835455356416e+02 4.379612359094963714e-01 1.282499391776822684e+01
2.499472467764171597e+02 4.161868461600843339e-01 1.288577568729219003e+01
2.500315465087989537e+02 4.726705052307193511e-01 1.289887275971129732e+01
2.500434676830751641e+02 4.746168193982645556e-01 1.299513421458113704e+01
2.500317897980698945e+02 4.564512205011759249e-01 1.299116048982239846e+01
2.500644311085881100e+02 4.723461195361284837e-01 1.310311410266807286e+01
2.499724677641715971e+02 4.456653961560295141e-01 1.289964317573594954e+01
2.499019544238099115e+02 3.981428918984672993e-01 1.275476441488930313e+01
2.498843970480901930e+02 3.878436460952072173e-01 1.252538318060173594e+01
2.499060497932041187e+02 3.861000729867812842e-01 1.263583650960992699e+01
2.499368664341902502e+02 3.884924174843889522e-01 1.273282783229259607e+01
2.500031627605222582e+02 4.171600032438569361e-01 1.284583569864568986e+01
2.500181250506852564e+02 4.307436542048495576e-01 1.281587057010785813e+01
2.500370610656070198e+02 4.305003649339064209e-01 1.290836104127807893e+01
2.500824345146378960e+02 4.433135998702457115e-01 1.302850539291217302e+01
2.500862054983375344e+02 4.320817451950368926e-01 1.301224555997080579e+01
2.501753710161382003e+02 4.956207931230232622e-01 1.332402076068445318e+01
2.501138999270132217e+02 4.620063255210445363e-01 1.327244343524450620e+01
2.501038439704809093e+02 4.551942259346362651e-01 1.329312302327467421e+01
2.501950774470845715e+02 4.886465006893195850e-01 1.356739112805125380e+01
2.501385126915903072e+02 4.583569864568972640e-01 1.338772200145973557e+01
2.501824264049955389e+02 4.822804314329738329e-01 1.335151244830102968e+01
2.502296650717703415e+02 5.047035925715676052e-01 1.329762387478712249e+01
2.501976319844294778e+02 4.978509447733354687e-01 1.343889384478144500e+01
2.502529397453572244e+02 5.291947125131781782e-01 1.346160084340280605e+01
2.502678614873084086e+02 5.153677722812424200e-01 1.383099505311815669e+01
2.502710242478306668e+02 5.165031222123104282e-01 1.372873246289838534e+01
2.502625902197713117e+02 5.258697591436217733e-01 1.375776498256426805e+01
2.501653961560295159e+02 4.926607736598815901e-01 1.344363798556483580e+01
2.501374584380828878e+02 4.883221149947287176e-01 1.338253183034628258e+01
2.500551861162922762e+02 4.449760765550239139e-01 1.312095531587057096e+01
2.501358770578217445e+02 4.773740978022869008e-01 1.327163247100802934e+01
2.501012488849241890e+02 4.694671964966344868e-01 1.311706268753547988e+01
2.500834076717216874e+02 4.768064228367528967e-01 1.298544319195523400e+01
2.500587543589327595e+02 4.592490471170221356e-01 1.307464925796772448e+01
2.500818668396723581e+02 4.747790122455599615e-01 1.298974130240856439e+01
2.500102992458032531e+02 4.345957343281161567e-01 1.296326332008758442e+01
2.500329656962127842e+02 4.463952639688589796e-01 1.283111669775362884e+01
2.500261130484145724e+02 4.328116130078663581e-01 1.288865461033168458e+01
2.498961965777309331e+02 3.915335333711783550e-01 1.260668234530857212e+01
2.499388532965696186e+02 4.095369394209715241e-01 1.272102830265185247e+01
2.499523558511069723e+02 4.004135917606033712e-01 1.269868623793690610e+01
2.499356499878355464e+02 3.819236071689238732e-01 1.260104614386505517e+01
2.499186197388695234e+02 3.875598086124402153e-01 1.261596788581623585e+01
2.500159759954586036e+02 4.185791906576920018e-01 1.277820128132349353e+01
2.500435893277106345e+02 4.322033898305084887e-01 1.285382369637498989e+01
2.500090017030248930e+02 4.448544319195523733e-01 1.284210526315789558e+01
2.499724272159597831e+02 4.205255048252372063e-01 1.261325115562403631e+01
2.499489903495255874e+02 3.841537588192360797e-01 1.276782093909658578e+01
2.499196334441651004e+02 3.896683156272808257e-01 1.256791825480496350e+01
2.499253912902441073e+02 3.850458194793609512e-01 1.272321790609034053e+01
2.499786310923688291e+02 4.228773011110210089e-01 1.274474900656881005e+01
2.499874300543345953e+02 4.372719163084907712e-01 1.259930257075662929e+01
2.499525991403779130e+02 4.262833509042251445e-01 1.260810153272240619e+01
2.498811937393560925e+02 3.832211499472873428e-01 1.240126510420890504e+01
2.499885654042656711e+02 4.148487551698969988e-01 1.263903981834401158e+01
2.498901954423809855e+02 3.702051739518287254e-01 1.265720541724109971e+01
2.499727516016543802e+02 4.116859946476360554e-01 1.265315059605871362e+01
2.498215473197631979e+02 3.456329575865704218e-01 1.247267050523071852e+01
2.498379287973400267e+02 3.761252128781120696e-01 1.249724272159597760e+01
2.499297299489092552e+02 4.174032925148000728e-01 1.288593788013948505e+01
2.499060092449923047e+02 4.213364690617144026e-01 1.267407347335982415e+01
2.499225934636282602e+02 5.102181493796124068e-01 1.282422350174357284e+01
2.498631497850944641e+02 5.529559646419592855e-01 1.276048171275646759e+01
2.497277187576027870e+02 5.020274105911929352e-01 1.256191711945503187e+01
2.497193252777552459e+02 4.560051901711134614e-01 1.238411321060741166e+01
2.497468980617954628e+02 4.108750304111588592e-01 1.212679425837320579e+01
2.498029356905360601e+02 4.376773984267293693e-01 1.223809909982969835e+01
2.497195685670261867e+02 4.334198361852242276e-01 1.203089773740978075e+01
2.496069661827913251e+02 4.140783391452436679e-01 1.196962938934393073e+01
2.496471900089206031e+02 3.622982726461763114e-01 1.192867569540183226e+01
2.496312951098856558e+02 3.655421295920849856e-01 1.193840726623955817e+01
2.496071689238504518e+02 3.568648122617792406e-01 1.178841943070310627e+01
2.496916713972913726e+02 3.730030005676749916e-01 1.190365744870651277e+01
2.496523801800340721e+02 3.719081988484307932e-01 1.179790771226988966e+01
2.496406211986051460e+02 3.829373124645203408e-01 1.187953126267131587e+01
2.497593058146135832e+02 4.280674722244748875e-01 1.207120265996269559e+01
2.497320168680561210e+02 4.234855242883788784e-01 1.196362825399399910e+01
2.496462168518368401e+02 4.005757846078987772e-01 1.201581380261130505e+01
2.497010785824345191e+02 3.944935528343200271e-01 1.211771145892466173e+01
2.497044440840159041e+02 3.716649095774876566e-01 1.198268591355121160e+01
2.496537993674479026e+02 3.450247344092125523e-01 1.210404671154002187e+01
2.496922390722569105e+02 3.537020517395182972e-01 1.217087016462573956e+01
2.496948341578136308e+02 3.598653799367447781e-01 1.205591598410510024e+01
2.497049306625577856e+02 3.510258697591436272e-01 1.213851269159030011e+01
2.496870489011434699e+02 3.344416511231854683e-01 1.206398507825804955e+01
2.496851025869759155e+02 3.542697267050523013e-01 1.209090909090909172e+01
2.497035925715675830e+02 3.765712432081745331e-01 1.195036898872759679e+01
2.496951990917200419e+02 3.592166085475630433e-01 1.188910064066174677e+01
2.496370124077528203e+02 3.110047846889952283e-01 1.175849485037709918e+01
2.496671397291379435e+02 3.309545049063336575e-01 1.176113048414564943e+01
2.496559889708863977e+02 3.135593220338983023e-01 1.169961884680885511e+01
2.497202984348390373e+02 3.568648122617792406e-01 1.182402076068445318e+01
