2.465230416776808511e+02 3.593138161952595055e+01 1.619468675654242773e+01
2.463972156137104719e+02 3.239067318706494092e+01 1.532183452286545133e+01
2.464662525332628320e+02 3.168208652744735332e+01 1.507820072253061916e+01
2.465656886069257325e+02 3.290034364261168065e+01 1.578354921138426370e+01
2.466503216142391466e+02 3.462223543924574898e+01 1.670642787910828986e+01
2.468014362498898606e+02 3.635016300995682315e+01 1.746805885981143547e+01
2.468952550885540518e+02 3.648017446471054370e+01 1.741589567362763091e+01
2.469881927923165108e+02 3.691818662437218990e+01 1.749623314829500487e+01
2.469168649220195562e+02 3.672814785443651431e+01 1.734705700942814488e+01
2.469364481452110454e+02 3.685518547889682139e+01 1.743973037272006366e+01
2.469516697506388141e+02 3.684018415719446438e+01 1.739827297559256181e+01
2.469762534143977462e+02 3.711580315446294520e+01 1.753584016212882091e+01
2.470267204158956815e+02 3.744578817516961777e+01 1.766552119129438836e+01
2.470230196493083099e+02 3.740745880694334602e+01 1.757449995594325642e+01
2.470755573178253712e+02 3.795228654507005217e+01 1.782227509031632806e+01
2.471104062031897115e+02 3.791126971539342350e+01 1.762670719887214688e+01
2.470998766411137524e+02 3.776235791699708955e+01 1.751645519429024489e+01
2.470653802097100993e+02 3.741607190060798160e+01 1.739274385408405976e+01
2.467942550004405575e+02 3.600623402942990481e+01 1.692893647017358205e+01
2.462873601198343465e+02 3.181324345757335337e+01 1.553603841748171632e+01
2.462288968191029994e+02 3.042162305048902837e+01 1.503467265838399847e+01
2.462971186888712793e+02 3.059441360472288451e+01 1.519744030311040639e+01
2.464257643845272696e+02 3.174094633888448413e+01 1.576841571944664722e+01
2.466801260022909617e+02 3.382643845272711047e+01 1.658324521984315680e+01
2.468701647722266159e+02 3.533157106352982879e+01 1.727348224513173136e+01
2.469370649396422550e+02 3.643605163450524032e+01 1.760236584721120678e+01
2.469987664111375523e+02 3.665263459335623963e+01 1.761805004846241829e+01
2.469841175433958824e+02 3.698010837959291308e+01 1.766891356066613739e+01
2.470161688254471812e+02 3.700462595823420742e+01 1.749394219755044588e+01
2.470473169442241499e+02 3.748217904661203903e+01 1.771990924310511772e+01
2.471092607278174285e+02 3.761428319675742671e+01 1.771189091549916128e+01
2.471339325050665252e+02 3.822270684641818406e+01 1.796968895937968114e+01
2.472187637677328382e+02 3.884972244250594997e+01 1.822603313067230602e+01
2.472862366728346046e+02 3.900989073927217987e+01 1.816834082297999942e+01
2.472699797338972587e+02 3.884126354744911680e+01 1.796341087320468688e+01
2.472715657767204220e+02 3.870834434751960629e+01 1.789457220900519729e+01
2.472580623843510352e+02 3.870413692836373087e+01 1.785893030222927180e+01
2.470071812494493031e+02 3.719340911093488700e+01 1.732044673539519053e+01
2.465855141422151746e+02 3.344558991981672591e+01 1.613921931447704594e+01
2.465750286368842978e+02 3.221966693100713997e+01 1.575392105031280288e+01
2.466287558375187245e+02 3.256663582694510239e+01 1.605161247687020776e+01
2.466701251211560475e+02 3.378075160807119914e+01 1.659152788791963928e+01
2.467345801392193039e+02 3.486802802008987356e+01 1.710399594677945245e+01
2.468247422680412342e+02 3.632879548858930008e+01 1.755401356947748681e+01
2.469176359150585824e+02 3.677407701119041405e+01 1.752517842981760410e+01
2.468871045907128519e+02 3.660069169089787522e+01 1.737750022028372499e+01
2.468617939906599759e+02 3.602255705348488846e+01 1.707372896290421949e+01
2.468596792668957676e+02 3.583104238258877672e+01 1.700599171733192350e+01
2.468456912503304181e+02 3.607872940347166946e+01 1.706203189708344325e+01
2.469669354128116936e+02 3.687034099920698083e+01 1.738395453343906993e+01
2.470626486915146813e+02 3.745263899903075355e+01 1.760452462772050453e+01
2.470730901401004473e+02 3.795250682879548521e+01 1.785626486915146671e+01
2.471109128557582153e+02 3.811822627544277253e+01 1.782753987135430407e+01
2.471602123535113265e+02 3.818631597497576990e+01 1.776180720768349630e+01
2.472231914706141538e+02 3.887465856022556920e+01 1.803432020442329886e+01
2.471550797427086081e+02 3.866770200017622727e+01 1.783787117807736422e+01
2.467155916820865400e+02 3.509776191734954409e+01 1.665411049431667934e+01
2.465631333157106440e+02 3.173784033835580232e+01 1.575061679443122742e+01
2.466551678561987728e+02 3.175433958939113666e+01 1.585520750726936257e+01
2.469078993743942192e+02 3.320310159485417500e+01 1.653707375099127574e+01
2.469443563309542640e+02 3.527396686932769398e+01 1.731128293241695459e+01
2.472374217992774561e+02 3.764635650718125248e+01 1.837071548154022338e+01
2.473122301524363422e+02 3.909923781830998024e+01 1.875704907921402764e+01
2.473654066437571544e+02 3.972499779716274304e+01 1.898757599788527628e+01
2.474256762710371049e+02 4.014071724381003037e+01 1.912483478720591989e+01
2.474227244691162184e+02 4.001502335007489819e+01 1.905877169794695547e+01
2.473952771169265930e+02 3.993695479777954205e+01 1.892948717948717885e+01
2.473744603048726844e+02 3.958980967486122182e+01 1.874704819807912415e+01
2.473714203894616332e+02 3.969021499691602628e+01 1.879366023438188549e+01
2.473793506035774215e+02 3.969224160719006278e+01 1.881430081945545751e+01
2.473823684906159031e+02 3.961459159397303864e+01 1.874262049519781570e+01
2.473273195876288639e+02 3.945785972332364366e+01 1.866820865274473462e+01
2.473146092166710730e+02 3.898354480570975511e+01 1.846565776720415997e+01
2.472915455106176807e+02 3.874962551766675745e+01 1.830989514494669024e+01
2.472412987928451855e+02 3.853513525420741814e+01 1.819296854348400672e+01
2.472275971451229282e+02 3.830982905982906317e+01 1.804564278791082899e+01
2.472643845272711189e+02 3.842675566129174314e+01 1.815798748788439454e+01
2.467194025905366175e+02 3.466895761741122328e+01 1.703709577936382047e+01
2.463745704467353903e+02 2.986712485681557894e+01 1.559282756189972652e+01
2.463226055159044847e+02 2.889329456339765656e+01 1.539208300290774467e+01
2.465103313067230602e+02 2.953614855934443639e+01 1.581791347255264846e+01
2.466484051458278373e+02 3.104557670279319836e+01 1.653211736716891522e+01
2.466573927218257154e+02 3.237082562340294345e+01 1.700070490792140276e+01
2.467554850647634055e+02 3.386373248744382636e+01 1.762807295796986651e+01
2.468501409815842749e+02 3.466609392898052988e+01 1.805086351220371910e+01
2.467956868446559042e+02 3.434324610097805675e+01 1.786078068552295406e+01
2.467637236760947985e+02 3.397975592563221170e+01 1.769631685611066985e+01
2.467617631509384069e+02 3.378174288483566556e+01 1.755315446294827808e+01
2.467559696889593681e+02 3.402520045819014882e+01 1.754568684465591843e+01
2.468562868975240008e+02 3.483348753194113812e+01 1.787221341087320425e+01
2.469783901665344956e+02 3.571100978059740783e+01 1.810644109613181740e+01
2.470216318618380456e+02 3.651132258348753368e+01 1.830355097365406536e+01
2.470445193409110800e+02 3.717662349105648190e+01 1.849200370076658828e+01
2.471767776896642772e+02 3.774795136135342233e+01 1.870706670191206200e+01
2.472071107586571372e+02 3.786668428936469866e+01 1.865853819719799134e+01
2.472099303903427483e+02 3.792078597233236081e+01 1.863483566834082339e+01
2.472133668164595974e+02 3.799986782976473876e+01 1.848140805357300209e+01
2.472196669310071400e+02 3.792754868270332480e+01 1.843261520838840539e+01
2.471723059300378793e+02 3.755357300202661008e+01 1.812410785091197596e+01
2.465222927130143660e+02 3.299927306370605606e+01 1.652813023173847995e+01
2.461664904396863278e+02 2.847687020882897002e+01 1.506108467706405918e+01
2.460887743413516660e+02 2.746636267512556273e+01 1.461945986430522559e+01
2.461595294739624649e+02 2.807088730284606726e+01 1.497504185390783249e+01
2.463472552647810403e+02 2.962701559608776236e+01 1.573339060710194737e+01
2.464256542426645638e+02 3.084011807207683376e+01 1.620572297118688709e+01
2.465595206626134370e+02 3.208035950303991513e+01 1.658533791523482392e+01
2.466473698123182601e+02 3.268411313772138271e+01 1.681989602608159373e+01
2.466269495109701211e+02 3.226984756366199747e+01 1.658791523482245012e+01
2.465978059740946264e+02 3.164450612388756667e+01 1.627110318089699703e+01
2.466309807031456387e+02 3.184011807207683376e+01 1.643682262754427725e+01
2.467424883249625509e+02 3.259536082474226504e+01 1.679211824830381516e+01
2.467364084941404485e+02 3.333740858225394277e+01 1.707062296237554122e+01
2.468206670191206342e+02 3.440968367257026728e+01 1.737459247510793858e+01
2.468770816812053965e+02 3.517272446911621842e+01 1.770222045995241800e+01
2.469589170852057407e+02 3.575321614239140189e+01 1.797149528592827394e+01
2.470093180015860526e+02 3.595224248832496272e+01 1.795274914089347007e+01
2.470058154903515799e+02 3.636375451581637464e+01 1.796449026345933575e+01
2.470508635122037049e+02 3.631044585426028704e+01 1.788730284606573306e+01
2.470515243633800253e+02 3.632784826856991600e+01 1.783855405762622226e+01
2.470207507269362850e+02 3.608397215613710785e+01 1.764505683320116347e+01
2.468983610890827265e+02 3.591915587276412225e+01 1.758947924927306516e+01
2.464015552031015943e+02 3.094556789144418119e+01 1.588199400828266761e+01
2.460167195347607674e+02 2.699495550268746058e+01 1.446887390959555830e+01
2.460493435544981935e+02 2.599907480835315710e+01 1.421385144065556361e+01
2.461428760243193210e+02 2.662780861749934047e+01 1.461399682791435417e+01
2.462188298528504617e+02 2.791025641025640880e+01 1.531632742972949224e+01
2.462934619790289901e+02 2.904191999295091975e+01 1.573356683408229806e+01
2.463541721737597925e+02 3.028584016212882091e+01 1.624744470878491498e+01
2.464023261961406206e+02 3.053848356683408127e+01 1.638573883161512157e+01
2.464499515375804037e+02 3.002533262842541362e+01 1.603396775046259748e+01
2.464175478015684178e+02 2.958130672305929920e+01 1.584710106617323078e+01
2.463794387170675861e+02 2.938578288836020747e+01 1.583388404264692895e+01
2.464193100713719389e+02 2.951883425852497922e+01 1.591129174376597000e+01
2.464297735483302461e+02 2.969968719710987770e+01 1.597735483302493620e+01
2.464399947131906004e+02 3.011108908273856599e+01 1.616164419772667316e+01
2.464810996563574008e+02 3.030537932857520644e+01 1.623711340206185483e+01
2.464993171204511384e+02 3.046647281698827925e+01 1.633421446823508560e+01
2.464420653802096979e+02 3.019404793373865559e+01 1.618323200281963281e+01
2.463057097541633595e+02 2.978484888536435093e+01 1.597083443475196063e+01
2.462812582606397029e+02 2.967105031280289040e+01 1.596407172438100197e+01
2.463929861661820553e+02 2.983908273856727433e+01 1.605793461979029146e+01
2.465127984844479556e+02 3.041056480747202428e+01 1.635168296766234874e+01
2.464681029165565178e+02 3.083084412723588130e+01 1.654844039122389532e+01
