2.341477324263038611e+02 6.963718820861677927e-02 7.133786848072562470e-02
2.347071655328798272e+02 7.174603174603175204e-02 7.251700680272109290e-02
2.348646938775510193e+02 8.517006802721088787e-02 7.455782312925170185e-02
2.349106349206349194e+02 1.000226757369614555e-01 8.374149659863945605e-02
2.350017460317460234e+02 1.221995464852607682e-01 6.231292517006802728e-02
2.349760544217687084e+02 1.248299319727891182e-01 3.941043083900226673e-02
2.350057369614512481e+02 1.229931972789115591e-01 3.331065759637188289e-02
2.349747392290249479e+02 1.222902494331065820e-01 2.925170068027210801e-02
2.349446485260770885e+02 1.245124716553288047e-01 2.662131519274376495e-02
2.348632199546485140e+02 1.233106575963718865e-01 2.659863945578231151e-02
2.349741043083900252e+02 1.472335600907029585e-01 3.242630385487528522e-02
2.350201814058956984e+02 1.325170068027210768e-01 2.596371882086167746e-02
2.350283219954648644e+02 1.276417233560090680e-01 2.814058956916099669e-02
2.350650566893424127e+02 1.280952380952380953e-01 2.780045351473922968e-02
2.350769160997732286e+02 1.368027210884353861e-01 2.725623582766439901e-02
2.350750566893424036e+02 1.250113378684807319e-01 3.115646258503401364e-02
2.351497052154194876e+02 1.209070294784580502e-01 3.551020408163265557e-02
2.350973696145124734e+02 1.222675736961451182e-01 3.553287981859410555e-02
2.350435147392290389e+02 1.195011337868480683e-01 3.043083900226757274e-02
2.350264852607709827e+02 1.136961451247165550e-01 3.206349206349206477e-02
2.350767573696145121e+02 1.192063492063492047e-01 2.603174603174603086e-02
2.348909750566893422e+02 1.199319727891156456e-01 3.088435374149660004e-02
2.347928117913832295e+02 1.085034013605442188e-01 3.117913832199546362e-02
2.347241043083900252e+02 9.984126984126984183e-02 3.247165532879818517e-02
2.347758503401360599e+02 1.025396825396825418e-01 3.868480725623582583e-02
2.348317913832199508e+02 1.006575963718820826e-01 3.902494331065759631e-02
2.348322902494331004e+02 1.012925170068027236e-01 4.739229024943310969e-02
2.348929931972789120e+02 1.059410430839002326e-01 4.303854875283446429e-02
2.348823129251700550e+02 1.021315192743764144e-01 4.260770975056689391e-02
2.349402494331065725e+02 1.031292517006802689e-01 3.666666666666666685e-02
2.349359637188208580e+02 1.057823129251700689e-01 3.240362811791383524e-02
2.348348299319727914e+02 1.043083900226757371e-01 3.444444444444444420e-02
2.348161678004535133e+02 1.052380952380952417e-01 3.104308390022675682e-02
2.347688208616779946e+02 1.049206349206349143e-01 3.102040816326530684e-02
2.348848752834467177e+02 1.042176870748299372e-01 2.784580498866213311e-02
2.348530385487528349e+02 1.066666666666666735e-01 2.605442176870748430e-02
2.348844217687074831e+02 1.109070294784580551e-01 2.632653061224489791e-02
2.348887981859410559e+02 1.095011337868480733e-01 2.575963718820861725e-02
2.348589795918367429e+02 1.204535147392290229e-01 2.387755102040816160e-02
2.348666666666666742e+02 1.136507936507936550e-01 2.705215419501133881e-02
2.348804761904762017e+02 1.120408163265306095e-01 2.544217687074830023e-02
2.349439229024943359e+02 1.182312925170068002e-01 2.841269841269841376e-02
2.347750113378684773e+02 1.095011337868480733e-01 2.598639455782313090e-02
2.347853061224489863e+02 1.019501133786848007e-01 2.571428571428571383e-02
2.348111564625850463e+02 1.120408163265306095e-01 2.680272108843537518e-02
2.348488435374149788e+02 1.003174603174603191e-01 2.748299319727891266e-02
2.349052834467120192e+02 1.035147392290249463e-01 2.603174603174603086e-02
2.349620408163265211e+02 1.177097505668934230e-01 2.938775510204081481e-02
2.349886848072562486e+02 1.195011337868480683e-01 3.517006802721088510e-02
2.349295238095238005e+02 1.178231292517006867e-01 3.040816326530612276e-02
2.349901814058956973e+02 1.231065759637188228e-01 2.782312925170067966e-02
2.350052607709750703e+02 1.157596371882086139e-01 3.569160997732426233e-02
2.349535147392290355e+02 1.061224489795918324e-01 2.637188208616780133e-02
2.349177097505668996e+02 1.128344671201814003e-01 2.571428571428571383e-02
2.349251020408163129e+02 1.039455782312925236e-01 3.229024943310657841e-02
2.348936734693877497e+02 9.791383219954648276e-02 2.727891156462584898e-02
2.348214739229024985e+02 9.712018140589569193e-02 2.600907029478458088e-02
2.348599092970521554e+02 1.149433106575963731e-01 3.605442176870748278e-02
2.348751473922902449e+02 1.154195011337868504e-01 3.367346938775510334e-02
2.348534467120181546e+02 1.163038548752834411e-01 3.072562358276643979e-02
2.348123809523809484e+02 8.603174603174602864e-02 3.115646258503401364e-02
2.348416553287981969e+02 9.383219954648526484e-02 3.551020408163265557e-02
2.347850793650793548e+02 1.070521541950113370e-01 4.328798185941042792e-02
2.346619727891156515e+02 1.061451247165532824e-01 5.197278911564626180e-02
2.344800680272108764e+02 1.128344671201814003e-01 5.367346938775510029e-02
2.344639682539682610e+02 1.107029478458049915e-01 4.814058956916100057e-02
2.345422902494331083e+02 1.184807256235827638e-01 5.430839002267573434e-02
2.345531065759637102e+02 1.178458049886621367e-01 6.111111111111110911e-02
2.344760544217687084e+02 1.158049886621315139e-01 6.600907029478457477e-02
2.344775283446712137e+02 1.169614512471655321e-01 6.197278911564625681e-02
2.345141496598639321e+02 1.178004535147392229e-01 5.938775510204081370e-02
2.343419501133786866e+02 1.246031746031746046e-01 6.369614512471655221e-02
2.342521995464852580e+02 1.307709750566893314e-01 6.129251700680272280e-02
2.341938548752834492e+02 1.261224489795918502e-01 5.936507936507936373e-02
2.340785034013605355e+02 1.198639455782312957e-01 6.403628117913831574e-02
2.340741043083900195e+02 1.195238095238095183e-01 6.784580498866213394e-02
2.341824943310657545e+02 1.235374149659864002e-01 7.410430839002267456e-02
2.342623129251700789e+02 1.127437641723356004e-01 8.598639455782312868e-02
2.343297052154194944e+02 1.140362811791383185e-01 7.582766439909296996e-02
2.343706575963718706e+02 1.144671201814058958e-01 7.929705215419501074e-02
2.343910657596372005e+02 1.258730158730158866e-01 8.414965986394558339e-02
2.344184353741496523e+02 1.282993197278911590e-01 8.746031746031746046e-02
2.345165759637188216e+02 1.148752834467120232e-01 7.208616780045351558e-02
2.345288888888889005e+02 1.217233560090702910e-01 6.913832199546485202e-02
2.346482086167800389e+02 1.233106575963718865e-01 7.804988662131519261e-02
2.343879818594104449e+02 1.243537414965986410e-01 6.079365079365079555e-02
2.342621768707483056e+02 1.213605442176870775e-01 7.151927437641723839e-02
2.341832653061224505e+02 1.137868480725623549e-01 6.852607709750567488e-02
2.343330385487528247e+02 1.246938775510204045e-01 9.662131519274376468e-02
2.343550793650793764e+02 1.247619047619047683e-01 7.376417233560091102e-02
2.343918367346938680e+02 1.145804988662131457e-01 7.589569160997731989e-02
2.344721995464852569e+02 9.945578231292516447e-02 8.310657596371881506e-02
2.345250340136054490e+02 1.219954648526077046e-01 8.102040816326530615e-02
2.344749206349206361e+02 1.178684807256235867e-01 8.235827664399092418e-02
2.344871882086167716e+02 1.273242630385487406e-01 8.011337868480725155e-02
2.345669841269841243e+02 1.225396825396825456e-01 6.852607709750567488e-02
2.345419047619047603e+02 1.203628117913832229e-01 7.090702947845804738e-02
2.344751700680272108e+02 1.138548752834467187e-01 7.482993197278911546e-02
2.345168934240362830e+02 1.172789115646258457e-01 7.496598639455782920e-02
2.345229478458049925e+02 1.157142857142857140e-01 6.818594104308389747e-02
2.344990476190476159e+02 1.124036281179138369e-01 5.984126984126984100e-02
2.345401360544217653e+02 1.201360544217687093e-01 6.154195011337868643e-02
2.345513832199546584e+02 1.085034013605442188e-01 5.278911564625850261e-02
2.345742630385487644e+02 1.155555555555555503e-01 5.460317460317460486e-02
2.345206122448979613e+02 1.056689342403628051e-01 7.879818594104308349e-02
2.344623809523809541e+02 1.088208616780045324e-01 7.920634920634921083e-02
2.343158049886621370e+02 1.113151927437641686e-01 7.825396825396825629e-02
2.341744671201814185e+02 1.114739229024943323e-01 7.659863945578231081e-02
2.342502267573696031e+02 1.152380952380952367e-01 7.725623582766440178e-02
2.342199773242630272e+02 1.128117913832199504e-01 6.920634920634920195e-02
2.343339002267573790e+02 1.226757369614512455e-01 7.310657596371882005e-02
2.343634240362811738e+02 1.142403628117913822e-01 7.464852607709750176e-02
2.343373242630385391e+02 1.265532879818594136e-01 8.029478458049886525e-02
2.343341043083900104e+02 1.262811791383219862e-01 7.328798185941043375e-02
2.343117913832199406e+02 1.178684807256235867e-01 8.068027210884354261e-02
2.342728344671201910e+02 1.240589569160997774e-01 7.476190476190476553e-02
2.342951927437641757e+02 1.246258503401360546e-01 6.834467120181406119e-02
2.343300907029478424e+02 1.308616780045351591e-01 6.140589569160997963e-02
2.343074829931972829e+02 1.238095238095238138e-01 5.999999999999999778e-02
2.343727664399092987e+02 1.193197278911564685e-01 6.170068027210884321e-02
2.343683900226757260e+02 8.235827664399092418e-02 5.011337868480725960e-02
2.344834013605442067e+02 1.043764172335600871e-01 4.256235827664399396e-02
2.345282993197278927e+02 1.265759637188208497e-01 5.145124716553287764e-02
2.344293424036281124e+02 1.274376417233560044e-01 5.251700680272108901e-02
2.344028344671201864e+02 1.259863945578231226e-01 5.494331065759637533e-02
2.343695238095237983e+02 1.426757369614512494e-01 6.219954648526077046e-02
2.342634920634920661e+02 1.299773242630385406e-01 7.349206349206349742e-02
2.341456462585034046e+02 1.078004535147392279e-01 6.020408163265306145e-02
2.342192517006802746e+02 1.038548752834467098e-01 6.006802721088435465e-02
2.342967120181405960e+02 1.183673469387755139e-01 7.113378684807256103e-02
2.342238095238095354e+02 1.117233560090702960e-01 6.501133786848072027e-02
2.342100453514739229e+02 1.162131519274376412e-01 7.326530612244898377e-02
2.342260997732426233e+02 1.128344671201814003e-01 6.312925170068027503e-02
2.343001133786848129e+02 1.123129251700680231e-01 6.274376417233559766e-02
2.343873696145124654e+02 1.067120181405895735e-01 5.909297052154195012e-02
2.344097278911564501e+02 1.149886621315192731e-01 6.321995464852607494e-02
2.345334467120181330e+02 1.185034013605442138e-01 5.650793650793650702e-02
2.346327437641723463e+02 1.170294784580498820e-01 5.981859410430839102e-02
2.347151700680272199e+02 1.115873015873015822e-01 5.782312925170068202e-02
2.347554875283446734e+02 1.054875283446712053e-01 5.603174603174602975e-02
2.347454195011337958e+02 1.132879818594104276e-01 5.417233560090702754e-02
2.347625623582766536e+02 1.270975056689342408e-01 5.575963718820861614e-02
2.346833786848072521e+02 1.290702947845804860e-01 7.301587301587302015e-02
