2.496214929214929157e+02 1.133848133848133904e-01 1.052175032175032143e+01
2.497010939510939522e+02 1.380952380952381042e-01 1.062683397683397679e+01
2.497196267696267569e+02 1.369047619047619180e-01 1.061969111969112056e+01
2.496868082368082469e+02 1.394465894465894418e-01 1.078719433719433773e+01
2.496849099099099192e+02 1.659588159588159528e-01 1.096110038610038551e+01
2.496855534105534105e+02 1.670527670527670594e-01 1.097808880308880397e+01
2.496875160875160873e+02 1.634169884169884290e-01 1.096010296010295981e+01
2.496779601029600997e+02 1.737773487773487668e-01 1.102667310167310255e+01
2.497687258687258804e+02 2.203346203346203402e-01 1.107921492921492934e+01
2.497652187902187961e+02 2.310167310167310084e-01 1.106702059202059196e+01
2.496783462033461944e+02 2.083333333333333426e-01 1.106071428571428505e+01
2.496888674388674474e+02 2.100707850707850821e-01 1.107316602316602250e+01
2.497035392535392475e+02 1.853925353925353903e-01 1.106016731016731036e+01
2.497524131274131207e+02 2.219111969111969007e-01 1.123349420849420888e+01
2.497762548262548137e+02 2.534427284427284155e-01 1.148841698841698822e+01
2.498087516087516065e+02 2.607464607464607398e-01 1.140289575289575374e+01
2.497299549549549624e+02 2.391248391248391170e-01 1.134456241956242017e+01
2.497266087516087509e+02 2.395752895752895628e-01 1.134797297297297369e+01
2.496968790218790275e+02 2.312741312741312671e-01 1.127384169884169829e+01
2.497504182754182693e+02 2.488095238095238138e-01 1.139617117117117040e+01
2.497681145431145353e+02 2.489703989703989651e-01 1.142075289575289609e+01
2.497786679536679628e+02 2.593629343629343387e-01 1.154288931788931727e+01
2.497916344916344826e+02 2.696267696267696246e-01 1.154543114543114513e+01
2.497693371943371972e+02 2.466537966537966642e-01 1.145640283140283167e+01
2.497773487773487773e+02 2.603281853281853020e-01 1.147586872586872531e+01
2.497356821106821201e+02 2.292471042471042608e-01 1.158400900900900865e+01
2.497236164736164596e+02 2.188867438867438953e-01 1.140894465894465881e+01
2.496819176319176279e+02 2.052123552123552019e-01 1.139272844272844232e+01
2.498113256113256000e+02 2.684041184041184303e-01 1.164781209781209803e+01
2.497725225225225358e+02 2.590411840411840361e-01 1.164330759330759335e+01
2.497929536679536682e+02 2.542471042471042275e-01 1.162184684684684655e+01
2.497875482625482562e+02 2.523809523809523725e-01 1.158677606177606201e+01
2.497701415701415613e+02 2.584298584298584389e-01 1.171126126126126188e+01
2.497276705276705400e+02 2.445624195624195585e-01 1.165077220077220055e+01
2.498300193050193059e+02 2.865186615186615104e-01 1.192165379665379632e+01
2.497993886743886662e+02 2.683719433719433667e-01 1.183471685971685972e+01
2.498650257400257431e+02 2.729086229086228887e-01 1.173922136422136475e+01
2.498035392535392418e+02 2.547619047619047450e-01 1.167831402831402876e+01
2.497814993564993529e+02 2.386100386100385995e-01 1.162976190476190474e+01
2.498110038610038544e+02 2.545045045045045140e-01 1.171846846846846901e+01
2.498333011583011682e+02 2.657335907335907077e-01 1.187326254826254868e+01
2.498302767052767024e+02 2.537001287001287020e-01 1.179025096525096572e+01
2.498114221364221237e+02 2.408622908622908565e-01 1.177062419562419571e+01
2.497292471042470936e+02 2.111325611325611251e-01 1.144958172458172463e+01
2.497125160875160930e+02 2.079150579150579048e-01 1.155421492921492899e+01
2.497080437580437717e+02 2.183719433719433778e-01 1.171853281853281814e+01
2.497675997425997423e+02 2.444980694980694869e-01 1.184597812097812053e+01
2.497955276705276617e+02 2.476833976833976714e-01 1.184816602316602285e+01
2.497656048906048909e+02 2.210102960102960090e-01 1.176335263835263767e+01
2.498296010296010365e+02 2.522200772200772212e-01 1.177972972972973054e+01
2.498327220077219977e+02 2.516087516087516240e-01 1.169121621621621543e+01
2.498287644787644695e+02 2.570463320463320378e-01 1.175424710424710462e+01
2.498167953667953611e+02 2.548262548262548166e-01 1.187857142857142811e+01
2.498842985842985911e+02 2.605855855855855885e-01 1.178848133848133806e+01
2.498078828828828932e+02 2.525096525096525157e-01 1.167030244530244509e+01
2.497942728442728537e+02 2.353603603603603711e-01 1.178667953667953583e+01
2.497381917631917645e+02 2.042149292149292028e-01 1.160260617760617841e+01
2.497472651222651336e+02 1.927927927927927942e-01 1.153523166023166091e+01
2.497060167310167174e+02 2.112290862290862326e-01 1.127364864864864913e+01
2.496962033462033332e+02 2.026383526383526423e-01 1.125984555984556046e+01
2.496688867438867305e+02 2.081724581724581635e-01 1.135730373230373225e+01
2.497303088803088826e+02 2.275418275418275293e-01 1.137651222651222582e+01
2.498024774774774812e+02 2.306949806949807058e-01 1.133407335907335955e+01
2.497287966537966497e+02 2.005148005148005286e-01 1.120048262548262485e+01
2.496501930501930531e+02 1.701415701415701365e-01 1.106988416988416901e+01
2.497093629343629289e+02 1.685006435006435044e-01 1.111579794079794148e+01
2.497366151866151824e+02 2.055662805662805681e-01 1.117985842985842915e+01
2.496691763191763300e+02 1.812419562419562424e-01 1.118378378378378457e+01
2.497067567567567608e+02 2.158301158301158262e-01 1.113725868725868651e+01
2.497189832689832656e+02 2.250321750321750414e-01 1.142258687258687289e+01
2.496969755469755512e+02 2.082689832689832710e-01 1.125707850707850710e+01
2.497043114543114655e+02 2.165057915057914950e-01 1.127059202059202114e+01
2.497326898326898288e+02 2.280244530244530110e-01 1.134041184041184103e+01
2.497030244530244545e+02 1.975225225225225312e-01 1.120212355212355249e+01
2.497309523809523739e+02 2.124517374517374546e-01 1.113738738738738654e+01
2.498159266409266479e+02 2.562097812097812177e-01 1.126920849420849358e+01
2.498003861003861061e+02 2.342342342342342287e-01 1.124221364221364183e+01
2.496963320463320599e+02 1.977155727155727183e-01 1.111692406692406720e+01
2.497105212355212416e+02 2.047940797940797919e-01 1.115009652509652582e+01
2.497427606177606094e+02 2.196589446589446715e-01 1.118162805662805681e+01
2.496933075933075941e+02 1.910875160875160905e-01 1.100135135135135123e+01
2.496790540540540633e+02 1.987129987129987174e-01 1.095704633204633183e+01
2.496559523809523853e+02 1.752895752895752834e-01 1.084938867438867405e+01
2.496428893178893134e+02 1.620656370656370637e-01 1.091509009009008935e+01
2.497075611325611249e+02 1.794079794079793955e-01 1.098194980694980671e+01
2.497370978120978009e+02 1.943693693693693825e-01 1.099501287001286975e+01
2.497376447876447969e+02 1.902509652509652427e-01 1.092342342342342398e+01
2.497084298584298665e+02 1.711711711711711714e-01 1.081280566280566369e+01
2.497798262548262471e+02 1.989060489060489045e-01 1.085807593307593244e+01
2.497023487773487886e+02 1.622265122265122150e-01 1.069810167310167337e+01
2.497215572715572591e+02 1.683719433719433611e-01 1.076151866151866088e+01
2.497054054054054006e+02 1.948519948519948641e-01 1.075669240669240700e+01
2.496747425997425864e+02 1.928249678249678301e-01 1.081444658944658954e+01
2.496756113256113281e+02 1.835585585585585711e-01 1.077162162162162140e+01
2.497394144144144263e+02 2.070463320463320489e-01 1.087590090090090023e+01
2.497299871299871370e+02 2.070141570141570131e-01 1.090302445302445378e+01
2.498032496782496708e+02 2.474259974259974126e-01 1.119327541827541772e+01
2.498267696267696181e+02 2.454633204633204502e-01 1.126248391248391201e+01
2.497812741312741309e+02 2.283140283140283056e-01 1.111248391248391165e+01
2.497891891891891873e+02 2.425997425997425960e-01 1.134613899613899690e+01
2.497203989703989748e+02 2.263191763191763073e-01 1.123037323037322999e+01
2.496750321750321859e+02 2.022522522522522403e-01 1.111422136422136475e+01
2.496617438867438921e+02 2.001608751608751624e-01 1.106811454311454312e+01
2.496782175032174962e+02 2.215572715572715623e-01 1.109964607464607411e+01
2.496978442728442644e+02 2.017696267696267587e-01 1.094063706563706617e+01
2.497438545688545730e+02 2.215572715572715623e-01 1.104314671814671733e+01
2.497790540540540576e+02 2.279279279279279313e-01 1.110215572715572740e+01
2.497428249678249585e+02 2.222651222651222669e-01 1.113877091377091411e+01
2.497517052767052803e+02 2.146396396396396400e-01 1.111258043758043712e+01
2.496890283140283202e+02 1.910875160875160905e-01 1.095775418275418289e+01
2.497034105534105493e+02 1.981981981981981999e-01 1.103828828828828890e+01
2.496656048906048966e+02 1.679858429858429869e-01 1.094874517374517353e+01
2.496506113256113224e+02 1.679536679536679511e-01 1.103915701415701456e+01
2.497078507078506959e+02 2.054054054054054168e-01 1.121428571428571352e+01
2.497321106821106866e+02 2.060810810810810856e-01 1.106081081081081052e+01
2.497145431145431189e+02 2.196267696267696357e-01 1.114105534105534190e+01
2.497417953667953725e+02 2.268983268983268964e-01 1.134527027027026946e+01
2.498638352638352558e+02 2.746782496782496641e-01 1.156975546975546898e+01
2.497669562419562510e+02 2.243564993564993448e-01 1.154224581724581711e+01
2.498515122265122272e+02 2.643822393822393702e-01 1.159900257400257395e+01
2.496983912483912604e+02 2.004826254826254928e-01 1.154523809523809597e+01
2.497369369369369281e+02 2.020270270270270174e-01 1.151203346203346278e+01
2.497842342342342477e+02 2.515444015444015524e-01 1.174324324324324387e+01
2.497296975546975659e+02 2.287323037323037433e-01 1.154835907335907308e+01
2.497034427284427238e+02 2.134813384813384896e-01 1.147989060489060442e+01
2.498006113256113281e+02 2.559202059202059232e-01 1.171148648648648560e+01
2.497569176319176449e+02 2.344916344916344875e-01 1.170421492921492934e+01
2.497814993564993529e+02 2.501287001287001432e-01 1.161637709137709074e+01
2.498189510939510853e+02 2.752574002574002532e-01 1.181348133848133841e+01
2.498133204633204514e+02 2.680501930501930641e-01 1.174388674388674403e+01
2.497789897039897085e+02 2.521235521235521415e-01 1.175820463320463283e+01
2.497767696267696351e+02 2.456241956241956292e-01 1.177323037323037269e+01
2.497940154440154572e+02 2.433075933075933006e-01 1.170855855855855943e+01
2.497611003861003951e+02 2.397361647361647419e-01 1.178877091377091446e+01
2.498434684684684726e+02 2.672779922779922601e-01 1.193832046332046382e+01
2.498312419562419677e+02 2.572072072072071891e-01 1.191521879021878938e+01
2.497554697554697611e+02 2.481016731016731092e-01 1.174877734877734881e+01
2.497734234234234236e+02 2.698198198198198394e-01 1.162091377091377176e+01
2.498042471042471107e+02 2.747104247104247277e-01 1.177129987129987043e+01
2.498697232947232862e+02 3.157335907335907521e-01 1.176418918918918877e+01
2.497678249678249642e+02 2.732303732303732469e-01 1.163951093951093974e+01
2.497706885456885573e+02 2.622586872586872841e-01 1.159475546975546933e+01
2.497450128700128573e+02 2.498069498069498129e-01 1.165357142857142847e+01
