2.510925106192711951e+02 6.600044712720769535e-01 2.057558685446009505e+01
2.509006483344511480e+02 9.696847753185781071e-01 1.332761010507489452e+01
2.509015873015873126e+02 9.812206572769952562e-01 1.313968253968253919e+01
2.500751173708920305e+02 5.222445785826067555e-01 1.199950816007154053e+01
2.497387882852671623e+02 3.844846858931366129e-01 1.139664654594232118e+01
2.496465459423205857e+02 3.362843729040911889e-01 1.133521126760563469e+01
2.496299575229152765e+02 2.904091213950368844e-01 1.124627766599597578e+01
2.496310306282137219e+02 2.669796557120500680e-01 1.108544600938967051e+01
2.495763916834339398e+02 2.570534317013190018e-01 1.097250167672702936e+01
2.496170802593337896e+02 2.842834786496758470e-01 1.112331768388106390e+01
2.497144198524480316e+02 2.957299351665548803e-01 1.112837022132796783e+01
2.497472837022132808e+02 3.304270064833444986e-01 1.137084730605857352e+01
2.496754750726581733e+02 2.834339369550636922e-01 1.121287726358148973e+01
2.496876369327073633e+02 2.987704001788508701e-01 1.111517996870109570e+01
2.497052984574111463e+02 3.158953722334004177e-01 1.111705790297339647e+01
2.497234071093226078e+02 3.353901184887100317e-01 1.118399284596467780e+01
2.496786943885535379e+02 3.135703107534093537e-01 1.121931589537223317e+01
2.497106639839034301e+02 3.188911245249273496e-01 1.120518667560921067e+01
2.495907891795215789e+02 2.639391906997540782e-01 1.115712050078247231e+01
2.496477978985021196e+02 2.794992175273865453e-01 1.123550190029063245e+01
2.495913257321708159e+02 2.482003129890453796e-01 1.112644757433489850e+01
2.497514419852448100e+02 3.057008718980550044e-01 1.117048960429242044e+01
2.497372233400402308e+02 3.027498323272971303e-01 1.121609657947686145e+01
2.497329309188464208e+02 2.961323496534764010e-01 1.108544600938967051e+01
2.496646993069528264e+02 2.753856472166331115e-01 1.099637826961770593e+01
2.497369550637156408e+02 3.079365079365079527e-01 1.122083612787838192e+01
2.497366420746702431e+02 2.998435054773083142e-01 1.109425441538117596e+01
2.496786496758327871e+02 2.771294433266264234e-01 1.111370444891571729e+01
2.496492287055667418e+02 2.681868991728146856e-01 1.112005365526492362e+01
2.497391459870333108e+02 3.295774647887323994e-01 1.135949027498323360e+01
2.497633802816901323e+02 3.337357478202548355e-01 1.132336239660183352e+01
2.497685669572993561e+02 3.360160965794768417e-01 1.139561815336463191e+01
2.497505924435502038e+02 3.028839704896043039e-01 1.147815783590431415e+01
2.499288620612564387e+02 3.860943438408226958e-01 1.179602056785155462e+01
2.498875922199865727e+02 4.018332215515313943e-01 1.168947015425888658e+01
2.498062150681869014e+02 3.606528057232282758e-01 1.151464341605186625e+01
2.497418287502794669e+02 3.401743796109993334e-01 1.144712720769058834e+01
2.498253073999552782e+02 3.827856025039123589e-01 1.164122512854907221e+01
2.497582383188016877e+02 3.692823608316566086e-01 1.160438184663536809e+01
2.497925329756315591e+02 3.688352336239660301e-01 1.167873910127431181e+01
2.497877487145092914e+02 3.666443103062821396e-01 1.157370892018779429e+01
2.497818913480885215e+02 3.646769505924435384e-01 1.146456516879052145e+01
2.497518891124524885e+02 3.579253297563156910e-01 1.136713615023474233e+01
2.499191594008495372e+02 3.939637826961770450e-01 1.162866085401296701e+01
2.498477978985021366e+02 3.695059244355018979e-01 1.166711379387435699e+01
2.498074670243684352e+02 3.473284149340487570e-01 1.151424100156494568e+01
2.498175273865414852e+02 3.598926894701542367e-01 1.163639615470601463e+01
2.498887100380058257e+02 3.975408003577017846e-01 1.177017661524703840e+01
2.498415828303152182e+02 3.666890230270511974e-01 1.175676279901631993e+01
2.498004918399284691e+02 3.521126760563380031e-01 1.164180639391907057e+01
2.497967806841046183e+02 3.394142633579253499e-01 1.166224010731052907e+01
2.497401296668902262e+02 3.080706460988151263e-01 1.143621730382293755e+01
2.497656606304493607e+02 3.151799687010954365e-01 1.150699754080035753e+01
2.497347194276771631e+02 3.052090319695953680e-01 1.143179074446680055e+01
2.496271853342275904e+02 2.506147999105745594e-01 1.116543706684551829e+01
2.496500335345405688e+02 2.868768164542812582e-01 1.124140397943214786e+01
2.496461882405544372e+02 2.782025486250838120e-01 1.119257768835233691e+01
2.496034428794992266e+02 2.656829868097473901e-01 1.111674491392801301e+01
2.496073775989268881e+02 2.757880617035546877e-01 1.094486921529175127e+01
2.495226917057902938e+02 2.511960652805723115e-01 1.076360384529398573e+01
2.495690587972278252e+02 2.492734182875027960e-01 1.079494746255309678e+01
2.495292644757433607e+02 2.422088084059915158e-01 1.084135926671137895e+01
2.496420746702436873e+02 2.913480885311870994e-01 1.106085401296668991e+01
2.496605857366420764e+02 2.747596691258663015e-01 1.077469260004471252e+01
2.495920858484238636e+02 2.680527610105075120e-01 1.087958864296892436e+01
2.495899843505477236e+02 2.684551754974290327e-01 1.089358372456963941e+01
2.496628213726805257e+02 2.577688352336239830e-01 1.078077353006930394e+01
2.496870109546165963e+02 2.799463447350771239e-01 1.080049183992846018e+01
2.496143974960876335e+02 2.637603398166778468e-01 1.086130114017437975e+01
2.496520903196959580e+02 2.763246143527833820e-01 1.093163424994410882e+01
2.496461435278336580e+02 2.839704896042924420e-01 1.092774424323720162e+01
2.496738654147104910e+02 2.858037111558238141e-01 1.095443773753632932e+01
2.495965571205007905e+02 2.456964006259780842e-01 1.083241672255756782e+01
2.495988821819807697e+02 2.325508607198747968e-01 1.086295551084283417e+01
2.497139727252403247e+02 2.801251956181533553e-01 1.108714509277889526e+01
2.497449586407333015e+02 3.092331768388106306e-01 1.100013413816230745e+01
2.498980997093673011e+02 3.166107757657053434e-01 1.115041359266711396e+01
2.497517102615694284e+02 2.540129666890230120e-01 1.087999105745584671e+01
2.497247037782248924e+02 2.902302705119606530e-01 1.110748938072881664e+01
2.496523585960205764e+02 2.650122959982114668e-01 1.109595349877040071e+01
2.496334004024144804e+02 2.653699977643639851e-01 1.094974290185557741e+01
2.497024368432819017e+02 2.942544153811759711e-01 1.111321260898725605e+01
2.496843729040912194e+02 2.798122065727699503e-01 1.100804828973843108e+01
2.497017661524703840e+02 2.827632461435278244e-01 1.098730158730158735e+01
2.498148446232953290e+02 3.127654817795663122e-01 1.138949251061927193e+01
2.498283478649675828e+02 3.138385870780237008e-01 1.142204337133914649e+01
2.498042029957522914e+02 3.080259333780460684e-01 1.139807735300693103e+01
2.498363514419852436e+02 3.267605633802816989e-01 1.158993963782696213e+01
2.497625754527163053e+02 3.164766376033981699e-01 1.142021014978761428e+01
2.497127654817795701e+02 2.934048736865638163e-01 1.140867426782919658e+01
2.497415157612340693e+02 2.719874804381846589e-01 1.131526939414263389e+01
2.497408450704225231e+02 2.830762351889112294e-01 1.134697071316789696e+01
2.497591325732170731e+02 3.054773082942097151e-01 1.142857142857142883e+01
2.497829197406662161e+02 3.147775542141739158e-01 1.139709367315001032e+01
2.497622177509501569e+02 3.400849541694612177e-01 1.129635591325732236e+01
2.496035770176615358e+02 2.642968924659065411e-01 1.113637379834562857e+01
2.496890230270512063e+02 3.009166107757657027e-01 1.148289738430583462e+01
2.497746031746031861e+02 2.968477531857813823e-01 1.139374021909233115e+01
2.497684775318578261e+02 2.809300245919963968e-01 1.112103733512184256e+01
2.498336686787390875e+02 3.260451598479767732e-01 1.133914598703331045e+01
2.497155823831880070e+02 2.700201207243460577e-01 1.131272076905879764e+01
2.497124524927341724e+02 2.883076235188911096e-01 1.125642745361055219e+01
2.496487368656382841e+02 2.757433489827856299e-01 1.115613682092555337e+01
2.497183098591549424e+02 2.970266040688576137e-01 1.122427900737759821e+01
2.498246814218645113e+02 3.444220880840599408e-01 1.148008048289738348e+01
2.498292421193829682e+02 3.326626425217974470e-01 1.139754080035770123e+01
2.497842611222892799e+02 3.110216856695730003e-01 1.140049183992845983e+01
2.498426112228929128e+02 3.489380728817348398e-01 1.154075564498099737e+01
2.498104180639391814e+02 3.453163424994410979e-01 1.153825173261792969e+01
2.498204784261122313e+02 3.379834562933154429e-01 1.154169461211714776e+01
2.498287502794545105e+02 3.425441538117594553e-01 1.155336463223787113e+01
2.499289514866979687e+02 3.728146657724122348e-01 1.149769729488039260e+01
2.499053431701319141e+02 3.788061703554661541e-01 1.163272971160295022e+01
2.498922423429465596e+02 3.644980997093673070e-01 1.162928683210373393e+01
2.498850883076235050e+02 3.546613011401743565e-01 1.154317013190252617e+01
2.498894254415381226e+02 3.451374916163648665e-01 1.152443550190029065e+01
2.498885311871227373e+02 3.399955287279231020e-01 1.148482003129890394e+01
2.498733735747820219e+02 3.473731276548178148e-01 1.150319695953498744e+01
2.497657947686116700e+02 2.880393471942767625e-01 1.146662195394589823e+01
2.498614352783366996e+02 3.287279230941203001e-01 1.163612787838139973e+01
2.497701766152470384e+02 2.802593337804605289e-01 1.150400178850883037e+01
2.498640733288620481e+02 3.445115135255980565e-01 1.179141515761233983e+01
2.498322825843952728e+02 3.673597138385870653e-01 1.176972948803934749e+01
2.498452939861390689e+02 3.736642074670243896e-01 1.183487592219986517e+01
2.498188687681645490e+02 3.588642968924659060e-01 1.149367315001117795e+01
2.497139727252403247e+02 3.104851330203443061e-01 1.141864520456069698e+01
2.498213279678068375e+02 3.297116029510395729e-01 1.152376481108875517e+01
2.498134585289514860e+02 3.358819584171696682e-01 1.150310753409345033e+01
2.498216409568522351e+02 2.841046277665996156e-01 1.146653252850435933e+01
2.497964676950592491e+02 2.930024591996422956e-01 1.146304493628437271e+01
2.498218198077352952e+02 3.085624860272747627e-01 1.158748043818466300e+01
2.497881511289961907e+02 2.949698189134808968e-01 1.122588866532528584e+01
2.497776883523362415e+02 2.962664878157835746e-01 1.126067516208361319e+01
2.496969818913480879e+02 2.521797451374916399e-01 1.116378269617706209e+01
2.497065504135926801e+02 2.558909009613234975e-01 1.107784484685893212e+01
2.497319472389895054e+02 2.965794768611669796e-01 1.105835010060362222e+01
2.497656159177285815e+02 2.683210373351218592e-01 1.098023697742007521e+01
2.497562709590878569e+02 2.731947238989492766e-01 1.098010283925776953e+01
2.497603398166778561e+02 2.790968030404650246e-01 1.098801699083389138e+01
2.497129443326626301e+02 2.473060585736641948e-01 1.088982785602503967e+01
2.496791415157612448e+02 2.363067292644757400e-01 1.094777554214173954e+01
2.497110216856695786e+02 2.569640062597808861e-01 1.114348312094790927e+01
2.497535434831209500e+02 2.772188687681645392e-01 1.103809523809523796e+01
