2.501788800973828302e+02 4.077623250152160495e+01 2.368079732197200116e+01
2.503698721850273898e+02 4.112060255629945260e+01 2.406600730371271979e+01
2.505153377967133395e+02 4.179315276932440781e+01 2.452471089470480692e+01
2.504863055386488213e+02 4.275057821059038332e+01 2.514610468654899478e+01
2.503324102251978047e+02 4.254643944004869383e+01 2.483505782105903847e+01
2.504083688374923895e+02 4.305553864881314752e+01 2.511835057821059181e+01
2.504295496043822311e+02 4.300024345709068996e+01 2.509278758368837359e+01
2.504034388314059640e+02 4.313158855751673570e+01 2.509650030432136347e+01
2.502200547778454052e+02 3.803040170419963317e+01 2.307662811929397506e+01
2.500093426658551437e+02 3.333679245283018844e+01 2.115362142422398151e+01
2.500346013390139888e+02 3.216990261716372146e+01 2.080961655508216523e+01
2.501503956177723751e+02 3.274153986609859857e+01 2.129762629336579494e+01
2.501486914181375596e+02 3.435772976262934009e+01 2.214144856968959374e+01
2.501389835666463739e+02 3.553180158247108977e+01 2.283155812538040053e+01
2.501900486914181272e+02 3.689887401095556640e+01 2.332583688374923980e+01
2.501994826536822814e+02 3.768524041387705381e+01 2.377617163724893601e+01
2.502633597078514924e+02 3.803149726110773088e+01 2.388499695678636670e+01
2.503142726719415805e+02 3.797945830797321776e+01 2.387051125989044564e+01
2.503451917224589067e+02 3.776561168594034967e+01 2.378947048082775240e+01
2.503321667681071290e+02 3.780523432744978862e+01 2.376552038953134627e+01
2.502776019476567342e+02 3.807081558125380383e+01 2.386186853317103029e+01
2.502646074254412554e+02 3.841335970785149101e+01 2.401226415094339472e+01
2.502483566646378677e+02 3.889625684723067423e+01 2.429622641509433834e+01
2.502724589166159603e+02 3.934981740718198751e+01 2.450572124163116428e+01
2.502583992696287396e+02 3.976798539257455900e+01 2.455386488131467004e+01
2.502600426049908720e+02 4.002906269020085261e+01 2.444278758368837501e+01
2.502300365185635940e+02 4.049175289105295406e+01 2.473000608642726661e+01
2.503428484479610461e+02 4.084330493000608442e+01 2.485331710286062190e+01
2.503508825319537436e+02 4.104096165550821951e+01 2.485791235544735400e+01
2.502598295800365236e+02 4.152446743761412051e+01 2.489412659768715841e+01
2.502063907486305538e+02 4.161129032258064342e+01 2.487711503347534858e+01
2.501620511259890520e+02 3.712236762020693703e+01 2.326195982958003583e+01
2.500781801582471076e+02 3.264050517346317548e+01 2.126250760803408468e+01
2.500559342665855240e+02 3.164829580036518664e+01 2.102541083384053522e+01
2.500743457090687798e+02 3.219324406573341690e+01 2.136022519780888729e+01
2.501134510042604973e+02 3.346795496043822027e+01 2.207038953134509995e+01
2.500896226415094361e+02 3.470587340231283946e+01 2.260085209981740562e+01
2.501472002434570925e+02 3.565794278758368563e+01 2.304105295191722291e+01
2.502014303104078010e+02 3.678177115033475530e+01 2.361135118685331591e+01
2.502439440048691495e+02 3.695867315885575266e+01 2.368228849665246472e+01
2.501652465003043346e+02 3.644923919659159850e+01 2.335976871576384539e+01
2.502211199026171755e+02 3.620322580645161281e+01 2.316317711503347709e+01
2.502287583688375037e+02 3.603578819233110409e+01 2.308122337188070716e+01
2.502172854534388193e+02 3.655146074254412980e+01 2.338953134510042631e+01
2.501928180158247130e+02 3.717659768715763846e+01 2.375830797321971843e+01
2.502687157638466147e+02 3.797827145465611665e+01 2.400477784540474602e+01
2.502362142422398108e+02 3.822434570906877838e+01 2.407866707242848392e+01
2.502577297626293387e+02 3.858630553864881563e+01 2.430566037735848894e+01
2.502564516129032199e+02 3.827681071211198827e+01 2.407720632988435838e+01
2.502122337188070560e+02 3.819677419354838577e+01 2.395505173463176973e+01
2.501920267802799742e+02 3.813262325015215737e+01 2.386768107121119797e+01
2.502161290322580669e+02 3.839716981132075801e+01 2.402346317711503332e+01
2.502569080949482725e+02 3.902148508825319340e+01 2.421332927571515370e+01
2.502430310407790728e+02 3.976576384662203623e+01 2.449223980523432687e+01
2.502804017041996474e+02 3.950097382836275273e+01 2.432349360925136850e+01
2.500368837492391947e+02 3.373426658551430535e+01 2.211466828971393639e+01
2.499493609251369435e+02 3.107343274497869601e+01 2.108149726110772804e+01
2.499604990870359131e+02 3.042306755934266604e+01 2.073904443091905136e+01
2.500399878271454668e+02 3.105295191722458981e+01 2.112486305538648779e+01
2.500512172854534469e+02 3.250672550213025147e+01 2.192744978697504621e+01
2.499989957395009128e+02 3.326384662203286524e+01 2.232376749847839292e+01
2.501106208155812567e+02 3.389762629336579636e+01 2.258727936701156480e+01
2.501416007303712661e+02 3.438344491783323065e+01 2.292967133292757254e+01
2.501102556299452147e+02 3.406500304321363615e+01 2.275362142422397937e+01
2.500726110772976369e+02 3.365401704199634736e+01 2.251189896530736334e+01
2.500808581862446829e+02 3.370423006695070001e+01 2.253724893487522962e+01
2.500580645161290363e+02 3.356199026171637456e+01 2.252258064516129110e+01
2.501227328058429578e+02 3.389637857577601920e+01 2.280173463177115067e+01
2.501371880706025479e+02 3.375699939135727590e+01 2.267206329884357885e+01
2.501778758368837430e+02 3.384476567255020996e+01 2.265085209981740633e+01
2.501778758368837430e+02 3.375398660986001431e+01 2.255739500912964246e+01
2.501582166768107243e+02 3.385651247717589740e+01 2.254370054777845311e+01
2.501810103469263424e+02 3.379336579427875620e+01 2.243049300060864226e+01
2.501395313451004370e+02 3.391804625684723362e+01 2.249336579427875904e+01
2.500655812538040266e+02 3.376561168594034967e+01 2.237705416920267965e+01
2.501293365794278714e+02 3.365502130249543455e+01 2.234610468654899407e+01
2.500960133901400013e+02 3.387060255629945260e+01 2.244817407181984237e+01
2.500995130858186144e+02 3.380584297017650641e+01 2.227833231892878985e+01
2.500097687157638404e+02 3.040642118076689115e+01 2.086037735849056673e+01
2.499042604990870302e+02 2.757501521606816652e+01 1.960958612294583148e+01
2.498918137553256145e+02 2.655958612294583077e+01 1.919902617163725012e+01
2.499747413268411549e+02 2.702513694461351079e+01 1.959774802191113707e+01
2.499527084601338913e+02 2.807461959829580067e+01 2.016902008520998280e+01
2.499971393791844321e+02 2.863822276323798022e+01 2.045066950699939312e+01
2.499774497869750576e+02 2.902099817407182059e+01 2.065480827754108262e+01
2.499884357881923336e+02 2.942063298843578778e+01 2.087519780888618470e+01
2.499456786366402810e+02 2.947656725502130115e+01 2.091682897139379094e+01
2.499262933657942654e+02 2.932391965916007237e+01 2.086774193548387046e+01
2.499333840535605589e+02 2.898113207547169878e+01 2.064960438222763273e+01
2.499400182592817998e+02 2.884908703590992118e+01 2.052662811929397435e+01
2.499840535605599428e+02 2.896348143639683670e+01 2.058816189896530702e+01
2.499804625684723192e+02 2.923085818624467436e+01 2.080876445526476104e+01
2.499640292148508820e+02 2.899415702982349430e+01 2.062346317711503474e+01
2.499034996956786472e+02 2.866655508216676651e+01 2.046162507608034176e+01
2.499358490566037858e+02 2.857860620815581143e+01 2.040678636640292254e+01
2.499119902617163689e+02 2.829397443700547754e+01 2.025082166768106973e+01
2.499030736457699220e+02 2.812522824102251917e+01 2.021089470480827899e+01
2.498960438222763116e+02 2.796832014607425521e+01 2.003116250760803396e+01
2.499020085209981801e+02 2.801116859403530057e+01 1.995672550213025076e+01
2.499222763237979166e+02 2.788244065733414345e+01 1.987830188679245325e+01
2.499469567863663997e+02 2.808898356664638030e+01 2.003846622032866875e+01
2.499844187461959848e+02 2.842878880097382677e+01 2.023861838101034749e+01
2.499179549604382089e+02 2.805292148508825179e+01 2.000861229458308088e+01
2.497426354230067034e+02 2.513688374923919611e+01 1.861065124771759116e+01
2.495925745587340145e+02 2.322492391965916170e+01 1.765426049908703732e+01
2.495894400486914151e+02 2.215176506390748656e+01 1.719333536214242386e+01
2.496430310407790500e+02 2.199010955569081105e+01 1.703460133901399942e+01
2.496192026780279889e+02 2.258840535605599342e+01 1.750304321363359605e+01
2.497251673767498517e+02 2.312404138770541806e+01 1.800076080340840079e+01
2.496915398660985943e+02 2.377544126597687324e+01 1.834902617163724869e+01
2.496352404138770567e+02 2.385194765672550332e+01 1.820033475349969621e+01
2.496854838709677438e+02 2.371448569689592034e+01 1.809777845404747509e+01
2.496902617163724756e+02 2.295489957395009029e+01 1.777218502738892170e+01
2.495996348143639807e+02 2.189050517346317548e+01 1.720386488131466862e+01
2.494908399269628774e+02 2.101816798539257292e+01 1.671427267194157196e+01
2.494445526475958559e+02 1.999251369446135129e+01 1.613478393183201476e+01
2.493952525867316012e+02 1.953676202069385326e+01 1.584601339013998711e+01
2.492655508216676878e+02 1.877458916615946549e+01 1.545340839926962850e+01
2.492238283627510782e+02 1.777787583688374795e+01 1.475383444917833309e+01
2.492666768107121129e+02 1.760340839926962886e+01 1.466762020693852797e+01
2.491615033475349890e+02 1.738533171028606361e+01 1.452793670115642044e+01
2.491922398052343226e+02 1.754254412659768647e+01 1.459388314059646952e+01
2.492432136335970654e+02 1.726923311016433260e+01 1.445970785149117432e+01
2.491760803408399170e+02 1.674625684723067565e+01 1.420021302495435123e+01
2.491345709068776557e+02 1.645456482045039692e+01 1.395365185636031669e+01
2.491014911746804614e+02 1.618298843578819302e+01 1.375523432744978614e+01
2.491060864272672006e+02 1.622531953743152755e+01 1.381664637857577560e+01
2.490583384053560678e+02 1.588091905051734720e+01 1.366865489957394963e+01
2.489311320754717087e+02 1.400188679245282941e+01 1.271132075471698109e+01
2.487974132684114466e+02 1.245824710894704879e+01 1.184281801582471161e+01
2.488139987827145490e+02 1.171092513694461346e+01 1.151296409007912303e+01
2.488046256847230779e+02 1.165447352404138748e+01 1.144604382227632300e+01
2.488335970785149129e+02 1.188225806451612954e+01 1.163368837492391883e+01
2.488601339013998768e+02 1.216034692635422942e+01 1.182312842361533711e+01
2.488653377967133338e+02 1.265809494826536863e+01 1.212678027997565344e+01
2.488538648813146779e+02 1.291625076080340762e+01 1.228706634205721215e+01
2.488495739500912975e+02 1.332547169811320842e+01 1.247778454047474206e+01
2.488807668898356553e+02 1.329251369446135200e+01 1.239978697504564842e+01
2.488814668289713836e+02 1.331491174680462564e+01 1.244692635423006699e+01
2.489229458307973175e+02 1.366475958612294583e+01 1.258776628119293939e+01
2.489304930006086352e+02 1.397185027388922762e+01 1.286704199634814394e+01
2.489684723067559275e+02 1.388998782714546643e+01 1.282933657942787598e+01
2.489958612294583133e+02 1.378752282410225227e+01 1.260782105903834527e+01
