2.494361233480176168e+02 1.818404307391091601e-01 1.124920460107684761e+01
2.494625550660792896e+02 1.759055310817425333e-01 1.133443465491923696e+01
2.495130628976994558e+02 1.985438081253059206e-01 1.144294542339696541e+01
2.496365026921194215e+02 2.498470386686245659e-01 1.161111111111111072e+01
2.496662077826725294e+02 2.549865394028389409e-01 1.175321218795888356e+01
2.495905225159079919e+02 1.984214390602055678e-01 1.148271536955457606e+01
2.496757219774841019e+02 2.343061674008810602e-01 1.164421194322075337e+01
2.496573666177190489e+02 2.094040626529613258e-01 1.157782672540381874e+01
2.496758443465491837e+02 2.123715124816446531e-01 1.150183553597650565e+01
2.496483418991678889e+02 2.143600097895252132e-01 1.133005996084189881e+01
2.496615577581987395e+02 1.923641703377386158e-01 1.122090675477239330e+01
2.496682574645129762e+02 1.786894273127753174e-01 1.103995349975526175e+01
2.496240210474792036e+02 1.599975526186979968e-01 1.072583210964268297e+01
2.496664831130690061e+02 1.817486539402838885e-01 1.096604258443465518e+01
2.496792094958394443e+02 2.073543808125306032e-01 1.099791972589329347e+01
2.497187652961331423e+02 2.102912383749388214e-01 1.103111233480176168e+01
2.497369065100342596e+02 2.059471365638766427e-01 1.111325256975036702e+01
2.496594774840920081e+02 1.719591287322564943e-01 1.113641091532060656e+01
2.496838289280469780e+02 2.097099853157121940e-01 1.142122491434165354e+01
2.496941997063142367e+02 2.001040137053352874e-01 1.136355849241311766e+01
2.497170827214879978e+02 2.146659324522760537e-01 1.147681106216348468e+01
2.497284324522760528e+02 2.183675966715614425e-01 1.143315589818893763e+01
2.497143906020558006e+02 2.195301027900146973e-01 1.142119432207537955e+01
2.497016336270190777e+02 2.169297601566324007e-01 1.141284263338228122e+01
2.497650819872736179e+02 2.642865883504649793e-01 1.162515296133137532e+01
2.496949951052373819e+02 2.212126774351443892e-01 1.144982868330886028e+01
2.496880506607929533e+02 2.187652961331375545e-01 1.151367474302496241e+01
2.496782917278511889e+02 2.090369554576602951e-01 1.138570729319627972e+01
2.495663240332843884e+02 1.603034752814488373e-01 1.109875183553597644e+01
2.496078071463533945e+02 1.759055310817425333e-01 1.119946157611355808e+01
2.495931534508076481e+02 1.577337249143416498e-01 1.113096549192364115e+01
2.495616740088105701e+02 1.540626529613313700e-01 1.104515418502202628e+01
2.495778573176700945e+02 1.764255996084189981e-01 1.095628365149290318e+01
2.496106216348507019e+02 1.805861478218306337e-01 1.098109397944199728e+01
2.495641213901125752e+02 1.754772393538913400e-01 1.075055066079295152e+01
2.495899718551150386e+02 1.726627508565834468e-01 1.076318526676456244e+01
2.495555249632892867e+02 1.575501713166911344e-01 1.071735805188448332e+01
2.495702398433676024e+02 1.835535976505139610e-01 1.077526921194322007e+01
2.495163056779246347e+02 1.496267743514439474e-01 1.069465859030836974e+01
2.495454295154185047e+02 1.544909446891825633e-01 1.077077214880078238e+01
2.496150269211943282e+02 1.791483113069016198e-01 1.100507831620166499e+01
2.496059104258443426e+02 1.851138032305433279e-01 1.110352422907488901e+01
2.496032183064121455e+02 1.762726382770435640e-01 1.099180127263827700e+01
2.495834862946647092e+02 1.791789035731767010e-01 1.115097283406754691e+01
2.496703989231522200e+02 2.107807146353401773e-01 1.125452765540871347e+01
2.496873776309348898e+02 2.096793930494371128e-01 1.121007709251101403e+01
2.496660854136074477e+02 2.067731277533039758e-01 1.130821708272148740e+01
2.496449461576113436e+02 1.880812530592266274e-01 1.133614782183064129e+01
2.496673396965247207e+02 1.953010279001468341e-01 1.120558002936857633e+01
2.496800354870288743e+02 2.079662261380323118e-01 1.122231399902104698e+01
2.496305677924620738e+02 1.895496818404307504e-01 1.118263582966226188e+01
2.496313325991189345e+02 1.933737151248164365e-01 1.123785487028879082e+01
2.496375734214390718e+02 2.028879099363680993e-01 1.113359642682329920e+01
2.495849853157121743e+02 1.852055800293685717e-01 1.089806656877141400e+01
2.495218734703866801e+02 1.552863436123348151e-01 1.050602667645619270e+01
2.496380017131669149e+02 2.072320117474302503e-01 1.083470998531571183e+01
2.496222161037689773e+02 1.959740577581987331e-01 1.095940406265296119e+01
2.496065222711698368e+02 1.914158100832109577e-01 1.082011747430249571e+01
2.495995166421928673e+02 1.786588350465002362e-01 1.086597528144885061e+01
2.496184838472834144e+02 1.936184532550171422e-01 1.094147699461576195e+01
2.495797540381791464e+02 1.975648556045031812e-01 1.098975159079784625e+01
2.495802435144395588e+02 1.961882036221243297e-01 1.084021659324522702e+01
2.495325195790504154e+02 1.794542339696524602e-01 1.067134728340675487e+01
2.495594713656387569e+02 1.866128242780225044e-01 1.076290993636808579e+01
2.495589207048458036e+02 1.584067547723935487e-01 1.047161037689672014e+01
2.495491923641703238e+02 1.570301027900146973e-01 1.057911160058737110e+01
2.495263399412628473e+02 1.387665198237885422e-01 1.058183431228585469e+01
2.495927557513460613e+02 1.865516397454723418e-01 1.073256240822320073e+01
2.495826908957415640e+02 1.781081742535486900e-01 1.061407856093979518e+01
2.495411771904062732e+02 1.545827214880078349e-01 1.057978463044542394e+01
2.495427068037200229e+02 1.771904062652961409e-01 1.067798580518844886e+01
2.495606338717572328e+02 1.838901125795398828e-01 1.062530592266275065e+01
2.495712799804209396e+02 1.724180127263827689e-01 1.065332843857073009e+01
2.495156020558002865e+02 1.473935389133627094e-01 1.062383749388154719e+01
2.495018967205090519e+02 1.480665687714145806e-01 1.052055800293685728e+01
2.495518232990700085e+02 1.547968673519334315e-01 1.051615271659324513e+01
2.496013521781693498e+02 1.868881546744982913e-01 1.060753181595692674e+01
2.495413913362701805e+02 1.596610376896720473e-01 1.065623470386686300e+01
2.495192119432207676e+02 1.691140479686735199e-01 1.074051639745472286e+01
2.495172234459128617e+02 1.720203132648066568e-01 1.059823176700930070e+01
2.495178352912383843e+02 1.667584434654919290e-01 1.077652349486049843e+01
2.495502325012236895e+02 1.826358296622613842e-01 1.091562652961331459e+01
2.496004650024473790e+02 1.974118942731277471e-01 1.092486539402838908e+01
2.495873103279490977e+02 1.967082721488007946e-01 1.088191385217816887e+01
2.495534446891825837e+02 1.958210964268232990e-01 1.086640357317670080e+01
2.495376284875183615e+02 1.988497307880567888e-01 1.080004894762604017e+01
2.496430188448360354e+02 2.254344101811062151e-01 1.078111233480176168e+01
2.496328010279001433e+02 2.151860009789525185e-01 1.098791605482134059e+01
2.496905592266274994e+02 2.557819383259911650e-01 1.120989353891336293e+01
2.498001713166911486e+02 3.095325501713167005e-01 1.138264806656877148e+01
2.497596059716103696e+02 2.837126774351443892e-01 1.146885707293196255e+01
2.497546194322075337e+02 2.992535487028878949e-01 1.157681718061673948e+01
2.497864965736661702e+02 2.928903573176701025e-01 1.171148433675966771e+01
2.498108480176211401e+02 2.917584434654919012e-01 1.192342755751346139e+01
2.499500734214390718e+02 3.492719040626529603e-01 1.219395496818404290e+01
2.499735988742046118e+02 3.590614292706803545e-01 1.226385829662261351e+01
2.498704111600587510e+02 3.114904552129221793e-01 1.211833088595203201e+01
2.499161465981399886e+02 3.272454723445912816e-01 1.232118820362212475e+01
2.500121145374449441e+02 3.961392559960841830e-01 1.255714635340186014e+01
2.499993269701419365e+02 3.933247674987763176e-01 1.250116250611845281e+01
2.498958027410670582e+02 3.605298580518844775e-01 1.229723445912873281e+01
2.499901798825256947e+02 3.968734703866862445e-01 1.245157244248653861e+01
2.499921071953010312e+02 4.022883015173764343e-01 1.233908467939304998e+01
2.499434348996573760e+02 3.756118453255017364e-01 1.224170949583945145e+01
2.500209251101321684e+02 3.984030837004405301e-01 1.256161282427802206e+01
2.500256057268722429e+02 4.097222222222222099e-01 1.265170704845814953e+01
2.500318771414586365e+02 3.978830151737640652e-01 1.279148311306901675e+01
2.500238313754283013e+02 3.884300048947625927e-01 1.275174375917768010e+01
2.501061551639745346e+02 4.304637787567303087e-01 1.292559960841899169e+01
2.500549437102300487e+02 4.002692119432207374e-01 1.281100097895252077e+01
2.500937041116006014e+02 4.157488986784140805e-01 1.285661404796867302e+01
2.501334434654919221e+02 4.300048947626040063e-01 1.291923641703377434e+01
2.501993392070484674e+02 4.712432697014194982e-01 1.312279735682819393e+01
2.501610988742046118e+02 4.267621145374449476e-01 1.320264317180616764e+01
2.501555922662750788e+02 4.328193832599118718e-01 1.316581008321096391e+01
2.501757525697503581e+02 4.453928046989720779e-01 1.316651370533529075e+01
2.501661465981399886e+02 4.551823299069995277e-01 1.311872858541360820e+01
2.501880812530592380e+02 4.571708272148800600e-01 1.329399167890357347e+01
2.501599669603524205e+02 4.295154185022026505e-01 1.322757586882036307e+01
2.502301456191874820e+02 4.595264317180616787e-01 1.319716715614292646e+01
2.502447075379344028e+02 4.521231032794909566e-01 1.365776431718061623e+01
2.502393844836025494e+02 4.690100342633382047e-01 1.349066935878609819e+01
2.502042339696524778e+02 4.608418991678903676e-01 1.339922907488986858e+01
2.502106583455702378e+02 4.586086637298091295e-01 1.332415565345080743e+01
2.502512542829172730e+02 4.869676945668134915e-01 1.343070851688693068e+01
2.502438509544787166e+02 4.785854136074400578e-01 1.354775452765540855e+01
2.502529980420949585e+02 4.750061184532550218e-01 1.349736906510034196e+01
2.502332660303475222e+02 4.663485070974057733e-01 1.343199339207048482e+01
2.502153083700440561e+02 4.479013705335291307e-01 1.355249632892804712e+01
2.502414341654429677e+02 4.649106705824767594e-01 1.347772883015173839e+01
2.502665504160548267e+02 4.907611355849241241e-01 1.357479809104258450e+01
2.502574951052373819e+02 4.879772393538913122e-01 1.354224791972589337e+01
2.501986967694566886e+02 4.575379344101810908e-01 1.332828560939794471e+01
2.501201052373959897e+02 4.218061674008810602e-01 1.318887665198237968e+01
2.500718918257464622e+02 4.006669114047968772e-01 1.318532794909446970e+01
2.501473935389133487e+02 4.489415075868820604e-01 1.333914586392559976e+01
2.501259789525207964e+02 4.248653940283896313e-01 1.332562408223201089e+01
2.501292829172785162e+02 4.289953499755261856e-01 1.327655408712677421e+01
2.502248531571218848e+02 4.840920215369554636e-01 1.343649045521292251e+01
2.501820851688693210e+02 4.554882525697503404e-01 1.327949094468918290e+01
2.501409997552618734e+02 4.314427312775330203e-01 1.328227484092021449e+01
2.501129772393538815e+02 4.176762114537445059e-01 1.315819260890846820e+01
2.501513093489965627e+02 4.509911894273127553e-01 1.307990699951052349e+01
