2.511294374892814290e+02 5.628965872063110831e-01 2.033236151603498598e+01
2.506618075801749228e+02 6.579488938432516143e-01 1.454193105813754094e+01
2.506704253129823314e+02 6.472731949922826411e-01 1.443950437317784186e+01
2.501587635054021632e+02 3.751071857314354219e-01 1.368474532670211019e+01
2.500082318641742347e+02 2.842136854741896812e-01 1.351200480192076903e+01
2.500117046818727431e+02 2.995626822157434477e-01 1.365250385868633209e+01
2.500238381066712350e+02 3.105385011147315799e-01 1.351449151089007117e+01
2.499670296690104578e+02 2.726376264791631199e-01 1.313218144400617327e+01
2.499513805522208827e+02 3.035499914251414966e-01 1.325638826959355221e+01
2.499222260332704479e+02 2.897015949236837473e-01 1.321094151946492801e+01
2.499538243868976224e+02 3.099382610186932063e-01 1.322976333390499093e+01
2.499602126564911657e+02 3.137969473503687268e-01 1.323400788886983293e+01
2.500785028297032966e+02 3.427799691305093432e-01 1.359899674155376381e+01
2.500685131195335202e+02 3.609157948893843004e-01 1.379326016120734089e+01
2.500749871377122417e+02 3.453095523923855326e-01 1.382760246955925254e+01
2.500666695249528289e+02 3.131538329617561400e-01 1.402027954038758395e+01
2.501274223975304380e+02 3.513119533527696570e-01 1.409329446064139901e+01
2.502047676213342413e+02 3.799948550848911144e-01 1.421943062939461555e+01
2.501986365974961473e+02 3.599296861601783415e-01 1.413501114731606911e+01
2.503158549133939346e+02 4.002315211799005179e-01 1.430753730063453943e+01
2.502553164122791998e+02 3.682044246269936538e-01 1.424939975990396235e+01
2.503083090379008695e+02 3.578717201166180528e-01 1.456040987823700839e+01
2.503033356199622688e+02 3.261447436117304033e-01 1.469203395643971888e+01
2.502710512776539247e+02 3.228434230835190988e-01 1.468890413308180420e+01
2.502544589264277022e+02 2.977190876350540027e-01 1.463989881666952542e+01
2.503116961070142281e+02 2.826702109415194508e-01 1.516112159149374072e+01
2.503642171154176026e+02 2.795832618761790456e-01 1.563218144400617327e+01
2.504109072200308788e+02 3.018350197221745801e-01 1.586546046990224745e+01
2.502974189675870207e+02 3.079660435602812329e-01 1.518663179557537291e+01
2.503663608300463181e+02 3.439804493225862014e-01 1.531259646715829170e+01
2.503893843251586304e+02 3.693191562339221412e-01 1.500565940661978992e+01
2.503199708454810377e+02 3.179557537300634618e-01 1.504634711027268068e+01
2.503129394614988712e+02 3.280740867775681635e-01 1.512900874635568549e+01
2.502914594409192262e+02 2.710941519464928895e-01 1.524181101011833306e+01
2.503243440233236186e+02 2.993054364602983908e-01 1.537982335791459398e+01
2.504170811181615477e+02 3.056079574687017852e-01 1.561644657863145191e+01
2.503271308523409289e+02 2.603327045103756010e-01 1.556302521008403339e+01
2.503329188818384523e+02 2.719516377979763200e-01 1.559076487737952377e+01
2.503467672783399109e+02 2.796261361687532032e-01 1.563102383810667106e+01
2.504184530955239154e+02 3.188561138741210499e-01 1.574592694220545397e+01
2.502951895043731838e+02 2.391099296861601831e-01 1.566879608986451800e+01
2.502638483965014586e+02 2.144143371634368023e-01 1.569713599725604602e+01
2.503032069970845441e+02 2.506859886811867444e-01 1.571977362373520926e+01
2.503718487394957890e+02 2.579746184187960978e-01 1.605033441948207695e+01
2.504257417252615312e+02 2.841708111816155236e-01 1.601976504887669250e+01
2.503510975818898885e+02 2.166009260847195916e-01 1.616686674669868040e+01
2.503655033441948206e+02 2.289487223460812959e-01 1.595661121591493803e+01
2.504496227062253411e+02 2.750385868633167807e-01 1.583484822500428812e+01
2.503445806894186205e+02 2.674498370776882128e-01 1.532507288629737552e+01
2.503545703995883969e+02 2.842565597667638388e-01 1.520009432344366296e+01
2.502932601612073427e+02 2.493140113188132279e-01 1.501058995026582110e+01
2.502434831075287320e+02 2.651774995712570804e-01 1.484470931229634694e+01
2.502668067226890685e+02 2.625192934316583626e-01 1.494940833476247555e+01
2.503671325673126375e+02 3.192419825072886352e-01 1.510281255359286590e+01
2.503540130337849519e+02 3.460812896587206478e-01 1.491116446578631383e+01
2.502685216943920352e+02 2.867003944434916574e-01 1.494949408334762531e+01
2.503634025038586799e+02 2.964757331504030424e-01 1.513972731949922768e+01
2.504222689075630228e+02 3.362202023666609474e-01 1.509826787858000330e+01
2.504160092608472041e+02 2.909449494083347632e-01 1.504981992797118906e+01
2.503762219173383698e+02 2.615331847024524037e-01 1.486100154347453284e+01
2.503014491510890025e+02 2.771394271994512271e-01 1.492385525638827026e+01
2.503106671239924594e+02 2.760675698850968973e-01 1.478249871377122204e+01
2.502286486022980512e+02 2.723375064311439053e-01 1.461876179043045809e+01
2.502845138055222094e+02 2.680500771737266419e-01 1.497341793860401360e+01
2.503068084376607771e+02 2.781684102212313436e-01 1.508231864174241110e+01
2.503160692848568090e+02 2.723375064311439053e-01 1.526084719602126505e+01
2.503709912536443198e+02 3.031212484993997536e-01 1.525008574858514798e+01
2.503822243182987393e+02 3.097667638483965202e-01 1.509419482078545727e+01
2.503542702795404011e+02 2.757674498370776828e-01 1.505423598010632880e+01
2.502988766935345666e+02 2.968616017835705723e-01 1.468002915451894985e+01
2.502914594409192262e+02 2.794975132910306748e-01 1.462202023666609563e+01
2.503347196021265688e+02 3.257160006859886603e-01 1.461597496141313712e+01
2.502673212141999670e+02 2.756388269593551543e-01 1.456598353627165210e+01
2.504070056594066216e+02 3.195849768478820074e-01 1.477400960384153628e+01
2.504126650660264204e+02 3.063796947350368449e-01 1.498186417424112449e+01
2.504633424798490751e+02 3.182987480706568340e-01 1.523023495112330572e+01
2.504410907220030822e+02 3.061653232721660012e-01 1.517857142857142883e+01
2.503387497856285506e+02 2.731092436974789650e-01 1.521934488080946579e+01
2.503962013376779225e+02 2.700651689247127174e-01 1.523315040301834955e+01
2.504088921282798879e+02 2.695935517063968168e-01 1.527671068427370926e+01
2.503928142685645639e+02 2.787686503172697727e-01 1.524794203395643954e+01
2.504122363231006716e+02 2.874292574172526149e-01 1.541039272851998021e+01
2.503608300463042440e+02 2.644057623049219652e-01 1.534483793517406980e+01
2.504050334419482056e+02 2.935174069627851101e-01 1.536588921282798914e+01
2.503785800034299314e+02 2.687789401474875439e-01 1.527066540902075076e+01
2.503612159149373895e+02 2.567741382267192396e-01 1.530976676384839585e+01
2.503454810495626930e+02 2.611901903618590315e-01 1.511876179043045809e+01
2.503043217286914626e+02 2.425398730920939883e-01 1.493508832104270212e+01
2.502953181272509084e+02 2.606756988509689732e-01 1.488183844966558134e+01
2.502689075630252091e+02 3.002057966043560344e-01 1.460084033613445342e+01
2.503146115589092915e+02 3.209998285028297094e-01 1.443851826444863740e+01
2.503388355342136720e+02 3.578288458240438952e-01 1.451007545875492966e+01
2.503348482250042935e+02 3.082232893157262898e-01 1.456774138226719195e+01
2.503239152803978698e+02 2.829703309895386654e-01 1.465310409878236975e+01
2.503688904133081792e+02 3.297890584805350800e-01 1.491450866060709934e+01
2.504033613445378137e+02 3.237437832275767424e-01 1.507117132567312723e+01
2.503976161893328651e+02 2.946750128622877551e-01 1.523263591150745988e+01
2.504877379523237835e+02 3.244726462013377000e-01 1.542968616017835792e+01
2.504432344366317977e+02 2.986194477791116464e-01 1.522689075630252020e+01
2.504142942891442374e+02 2.784256559766764005e-01 1.522924884239410126e+01
2.504240696278511393e+02 2.842994340593379965e-01 1.532966043560281300e+01
2.503608729205968189e+02 2.544589264277139495e-01 1.526213342479849011e+01
2.503811524609843957e+02 2.430972388955582320e-01 1.533334762476419222e+01
2.504450780312124891e+02 2.699794203395644021e-01 1.537094837935174141e+01
2.504789915966386502e+02 2.844709312296347381e-01 1.557069970845481066e+01
2.505021865889212904e+02 2.820699708454810772e-01 1.571197050248670912e+01
2.504560967244040341e+02 2.641485165494769083e-01 1.559745326702109480e+01
2.504630423598010509e+02 2.596467158291888011e-01 1.558527696793002981e+01
2.504582404390327497e+02 2.471702966901046239e-01 1.548598010632824540e+01
2.504265992111130288e+02 2.344795060881495474e-01 1.527949751329103023e+01
2.504538672611901973e+02 3.061653232721660012e-01 1.511220202366660992e+01
2.504725604527525320e+02 3.116961070142342805e-01 1.502885439890241770e+01
2.504291287943748898e+02 3.014062767964328371e-01 1.483266163608300481e+01
2.504178957297204704e+02 3.005059166523752490e-01 1.475900360144057544e+01
2.503524695592522846e+02 2.874721317098267725e-01 1.470648259303721517e+01
2.503474961413136555e+02 2.661207340078888817e-01 1.480582232893157268e+01
2.503554707597324693e+02 2.424969987995198029e-01 1.487116275081461225e+01
2.503815812039101445e+02 2.349939975990396057e-01 1.502435259818212998e+01
2.504356028125535829e+02 2.347796261361687620e-01 1.521419996570056554e+01
2.504810066883896411e+02 2.440404733321900055e-01 1.538299605556508354e+01
2.504753901560624172e+02 2.821128451380552349e-01 1.554107357228605757e+01
2.504046046990224568e+02 2.647487566455153374e-01 1.543024352598182070e+01
2.503501114731606947e+02 2.420253815812039022e-01 1.542659921111301635e+01
2.503607442977190942e+02 2.481992797118847405e-01 1.556919910821471476e+01
2.502559166523752481e+02 2.261618933287600774e-01 1.562832275767449808e+01
2.503698336477447981e+02 2.435688561138741326e-01 1.570708283313325282e+01
2.503820099468358649e+02 2.238038072371805742e-01 1.583519121934488005e+01
2.504359458068941819e+02 2.543731778425655787e-01 1.580406448293603106e+01
2.504076058995026699e+02 2.550162922311781655e-01 1.556821299948550852e+01
2.503672183158977873e+02 2.411250214371462863e-01 1.547569027611044490e+01
2.503559423769507930e+02 2.166438003772937770e-01 1.536083004630423510e+01
2.503614302864002639e+02 2.635911507460126924e-01 1.517261190190361830e+01
2.503226719259132267e+02 2.757245755445035251e-01 1.478245583947864894e+01
2.503124678442805759e+02 2.788972731949923012e-01 1.452743954724746978e+01
2.502679214542960153e+02 2.650488766935345519e-01 1.432151432001371916e+01
2.502551877894014751e+02 2.398816669524952705e-01 1.433364774481221104e+01
2.502843851826444848e+02 2.463128108386211657e-01 1.445639684445206719e+01
2.502800977533870821e+02 2.557022809123649654e-01 1.448675184359458079e+01
2.503910992968615972e+02 2.829274566969645077e-01 1.477906877036528854e+01
2.503399073915280439e+02 2.424112502143714598e-01 1.474674155376436246e+01
2.503600154347453213e+02 2.428828674326873605e-01 1.495198079231692745e+01
2.503441948207854466e+02 2.374378322757674520e-01 1.503262733664894490e+01
2.503540987823701016e+02 2.337077688218144322e-01 1.505625107185731437e+01
