2.442094128228692114e+02 3.913413370353713816e+01 1.714883757307940471e+01
2.443275130516395279e+02 3.930465557358778028e+01 1.668206792718456200e+01
2.444083647811039555e+02 3.946313278454529438e+01 1.667014058619948003e+01
2.443484934399624535e+02 3.925405236298222889e+01 1.648243161331951612e+01
2.443232309406957086e+02 3.932266390317345639e+01 1.633048511037678807e+01
2.442713372309015938e+02 3.922407758637545783e+01 1.618358328608020713e+01
2.441045890933265525e+02 3.898856148446513004e+01 1.607269812095496775e+01
2.440662651780302213e+02 3.889433549068298390e+01 1.602698316485149377e+01
2.441035332303541168e+02 3.890806170932483354e+01 1.612511976223530041e+01
2.442177033025047308e+02 3.928093776274367599e+01 1.638736483976301628e+01
2.442361222454685787e+02 3.926973388342490523e+01 1.635950178910114872e+01
2.442459183074907685e+02 3.929550476115988289e+01 1.639457990340808990e+01
2.442712003597755199e+02 3.937502688539976248e+01 1.643284515965039105e+01
2.442770662651780356e+02 3.939995698336038288e+01 1.646178362630271863e+01
2.442630858573020873e+02 3.944230882036642072e+01 1.648188412881528109e+01
2.441601783235242351e+02 3.910189077684140813e+01 1.627996011184326264e+01
2.442138513579571111e+02 3.915055823866413931e+01 1.634677277437772602e+01
2.441872201474297697e+02 3.913972586668752029e+01 1.630950472205384827e+01
2.442299434917779593e+02 3.919842402674852622e+01 1.634211915609174426e+01
2.443140801282677899e+02 3.923516414758618254e+01 1.633527559978882593e+01
2.442793930743210353e+02 3.927866961265470991e+01 1.623573118510842050e+01
2.443201415638503704e+02 3.928259976927438402e+01 1.624591830749076138e+01
2.443337309113661604e+02 3.933040689830475145e+01 1.622165301214242561e+01
2.442681109829302102e+02 3.942103513677336224e+01 1.618063078036094993e+01
2.442604266468529488e+02 3.935328392937449848e+01 1.617722855522750081e+01
2.440848600981561560e+02 3.867264337250454531e+01 1.579520168938075564e+01
2.439896369004555936e+02 3.855835598224585681e+01 1.576022134016385401e+01
2.440224468646735545e+02 3.855579453688676494e+01 1.574045323895743387e+01
2.440463797587157444e+02 3.857542576696712899e+01 1.574102027647967539e+01
2.441498347769978352e+02 3.889672095888000314e+01 1.592425160823573194e+01
2.441896447216628019e+02 3.890080753964374338e+01 1.598062295915374520e+01
2.441592984377138578e+02 3.897113974541970549e+01 1.603736581741391731e+01
2.441808458635590284e+02 3.891615665878028096e+01 1.602186027413331360e+01
2.441784799483800441e+02 3.892018458049000174e+01 1.603779598381010274e+01
2.440985472107619785e+02 3.859421621727313578e+01 1.585429090980192868e+01
2.441558180005083898e+02 3.881594744148759446e+01 1.603795240795416888e+01
2.441484269597012258e+02 3.887785229650196328e+01 1.602309211426783619e+01
2.440654830573099048e+02 3.863881665135013321e+01 1.589746397356431906e+01
2.441194298339948716e+02 3.873853704319261482e+01 1.588913438789277066e+01
2.440686310932092340e+02 3.855262694796942213e+01 1.579527990145278871e+01
2.441797704475685862e+02 3.873226052441194156e+01 1.589758129167237044e+01
2.441103767866570138e+02 3.882564573841972333e+01 1.586680484132725866e+01
2.440732064994231791e+02 3.856578612908902670e+01 1.571413487671822118e+01
2.441022622841835528e+02 3.827640146256574383e+01 1.562622450775277194e+01
2.440458909332655537e+02 3.817533191248069357e+01 1.556115206382105143e+01
2.438783411219521611e+02 3.796580177150342905e+01 1.538750171088907592e+01
2.439279862346753305e+02 3.793236611070918940e+01 1.537252409909469542e+01
2.439149248186457442e+02 3.796787439141231602e+01 1.534585378253133392e+01
2.440521283460101927e+02 3.816068670199245361e+01 1.538609389359247537e+01
2.440634299904190243e+02 3.844031441252957393e+01 1.548688970142541521e+01
2.440507009756956052e+02 3.847824726746573276e+01 1.549457403750268902e+01
2.441217761961558779e+02 3.847936178949220931e+01 1.554017167549811340e+01
2.440280585808419573e+02 3.820165027471990271e+01 1.541831726727020246e+01
2.440879690280194723e+02 3.826852159630838912e+01 1.544399037991514057e+01
2.440018184306747742e+02 3.815839899888548103e+01 1.535383141387873174e+01
2.441363627475900842e+02 3.849353772754824377e+01 1.550333378957042108e+01
2.440494495825430761e+02 3.852427507185733901e+01 1.555686995287722674e+01
2.441325890151144904e+02 3.857519113075102979e+01 1.557483917642688098e+01
2.440803433509962304e+02 3.863455409342432034e+01 1.558831120583462138e+01
2.440354691746670994e+02 3.823369767123555363e+01 1.535782022955243065e+01
2.439667207633498265e+02 3.809332655495375519e+01 1.537084253954597912e+01
2.439543828089865656e+02 3.762190329077293427e+01 1.515495766771601183e+01
2.441038851846782620e+02 3.775846156854310465e+01 1.520211954715210290e+01
2.440873824374792207e+02 3.786535791799464334e+01 1.516841014410574218e+01
2.441276029955223521e+02 3.834002698316485436e+01 1.538998494417613294e+01
2.441467258471345190e+02 3.864610992706724346e+01 1.547240091508124316e+01
2.439460923293510461e+02 3.832708288524333540e+01 1.533202979879944472e+01
2.439454666327747816e+02 3.831918346596797420e+01 1.534763310717009155e+01
2.440306786852550829e+02 3.843257141739827887e+01 1.541645973055941177e+01
2.441602565355962611e+02 3.871151477230510807e+01 1.555387834112195300e+01
2.441995385487749957e+02 3.896666210429579991e+01 1.561511839352404074e+01
2.442254462976360401e+02 3.928862209882095158e+01 1.578094753925268279e+01
2.442611892145552588e+02 3.946528361652620731e+01 1.583796413976497242e+01
2.442727646012162097e+02 3.941133683984122626e+01 1.578610953600688305e+01
2.442922394071524934e+02 3.944567193946385686e+01 1.574694484093619806e+01
2.441989715112527506e+02 3.917546878360675322e+01 1.567029701034354616e+01
2.442445104901941590e+02 3.950581702285747809e+01 1.587335510236004943e+01
2.441913458342295087e+02 3.951487007019533593e+01 1.584148368300647292e+01
2.443102281837201701e+02 3.959697319281231387e+01 1.587697241069158949e+01
2.442850047904894097e+02 3.922562227479811270e+01 1.570627456347887296e+01
2.442908706958918970e+02 3.923627866961265198e+01 1.576027999921787881e+01
2.442045050153491275e+02 3.891220694914260037e+01 1.559955419118941045e+01
2.442416948556009686e+02 3.897100287429364585e+01 1.565481102008094894e+01
2.442487143890659524e+02 3.894200574858729169e+01 1.566830260250669760e+01
2.442769880531060096e+02 3.898208943550437056e+01 1.571337230901589699e+01
2.442581780497819750e+02 3.904727919754414245e+01 1.575750347066069601e+01
2.442427116125373914e+02 3.884062335021410206e+01 1.571585554230295401e+01
2.440329663883620412e+02 3.828152435328392755e+01 1.542414406663668558e+01
2.440422736249340119e+02 3.822216139061064410e+01 1.543382281055080796e+01
2.440604774846997600e+02 3.829744050994271021e+01 1.549582543065522167e+01
2.440889857849558950e+02 3.831617230119469042e+01 1.552576110122597441e+01
2.440931701308096820e+02 3.832718065033338206e+01 1.556461294800852535e+01
2.440715444928924853e+02 3.806028195451968088e+01 1.542854349568855987e+01
2.440361730833154184e+02 3.802954461021058563e+01 1.549539526425903802e+01
2.440272569071036060e+02 3.804043564124122412e+01 1.546841209940754425e+01
2.440682009268130628e+02 3.799178773243649943e+01 1.548992041921670548e+01
2.440199440783684963e+02 3.800848600981561276e+01 1.547910760025810006e+01
2.440400641338990795e+02 3.801126253837279734e+01 1.549097628218915546e+01
2.439769274387501810e+02 3.799935475040572186e+01 1.549111315331521332e+01
2.440063351778346998e+02 3.796361183348649604e+01 1.558205424007195461e+01
2.440125530375613607e+02 3.775232192088849104e+01 1.553278063469096537e+01
2.440288015955262608e+02 3.779887765676632227e+01 1.554322194630741194e+01
2.439615783196136363e+02 3.785339147097354129e+01 1.556613808341317551e+01
2.439449582543065560e+02 3.766083334962751650e+01 1.543376415149678316e+01
2.438762098429892546e+02 3.736165262108206520e+01 1.528477015427331231e+01
2.438545646520540515e+02 3.708779305085739963e+01 1.515452750131982818e+01
2.436919030952427647e+02 3.663551219130673076e+01 1.492599182683847303e+01
2.436561015192694981e+02 3.643568034726160221e+01 1.488193887726570530e+01
2.435837749056566963e+02 3.609268130535948416e+01 1.477998944137027593e+01
2.435552079463465134e+02 3.584203116751070439e+01 1.472054826662495408e+01
2.435667833330074359e+02 3.584600043016639859e+01 1.472181921279549499e+01
2.436481043349041045e+02 3.585597246935064675e+01 1.471429130086228731e+01
2.436940343742056712e+02 3.589281035527833552e+01 1.472739182292786886e+01
2.437169896173474513e+02 3.593361750386171849e+01 1.471712648847349669e+01
2.435510040474747200e+02 3.564857360733629577e+01 1.462096474590853035e+01
2.435384901159494007e+02 3.533257728330367797e+01 1.441604911718123638e+01
2.434915433197114112e+02 3.538603523453845412e+01 1.444946522495747132e+01
2.434959818547992825e+02 3.541321392957002701e+01 1.446055178616819425e+01
2.434636411630135058e+02 3.512126781768765937e+01 1.428676456211016088e+01
2.433906106407524135e+02 3.486498641065248449e+01 1.416453864654009287e+01
2.434680210390473860e+02 3.488219306649981633e+01 1.430846841209940834e+01
2.434024011106114358e+02 3.455559900670668583e+01 1.410329859413800513e+01
2.433953620241284170e+02 3.458919109164499872e+01 1.405996910623154683e+01
2.433742447646794176e+02 3.433075885262890381e+01 1.391969575503978973e+01
2.433712335999061338e+02 3.420493518174530578e+01 1.385110376786657049e+01
2.432320943237588722e+02 3.403834346831433777e+01 1.373069628297127664e+01
2.431603738537043284e+02 3.368842265803726832e+01 1.353287839978100671e+01
2.431645581995581153e+02 3.378126038754081861e+01 1.359057935592358746e+01
2.432145552666054016e+02 3.377928553272197831e+01 1.357953190074888106e+01
2.432349686174061105e+02 3.383907866179144719e+01 1.362155133644878013e+01
2.432876248949025353e+02 3.388929081203684035e+01 1.359677766263222765e+01
2.433059069667403094e+02 3.392055608783215348e+01 1.363692000860332776e+01
2.433603230158574888e+02 3.424705238253524442e+01 1.379964022446864647e+01
2.433028762489490191e+02 3.421471169074946772e+01 1.375281074633869771e+01
2.433292923762782891e+02 3.426361378878829811e+01 1.373511526504115920e+01
2.433425688755059468e+02 3.419349666621042871e+01 1.372455663531666126e+01
2.433721721447705590e+02 3.419214750796785296e+01 1.368523551610191014e+01
2.433493537727548244e+02 3.422143792894433290e+01 1.368224390434663640e+01
2.433299571788905666e+02 3.422685411493264240e+01 1.370124943785073235e+01
2.433830827288192040e+02 3.421087929921983317e+01 1.366685567917408051e+01
2.433790157010734561e+02 3.423535967776626165e+01 1.366122440998768184e+01
2.434202725690710452e+02 3.453727782883287745e+01 1.379383297812017339e+01
2.433868369082767913e+02 3.449709637682576613e+01 1.378648104334904012e+01
