2.229724702380952408e+02 3.343787202380952550e+01 9.901209077380951840e+01
2.228175688244047592e+02 3.338313802083333570e+01 9.888936941964286120e+01
2.229069940476190368e+02 3.346777343750000000e+01 9.896600632440475920e+01
2.229225725446428612e+02 3.348935081845237960e+01 9.898823474702381020e+01
2.229291759672618980e+02 3.354292224702381020e+01 9.875851004464286120e+01
2.229513113839285836e+02 3.354185267857143060e+01 9.861132812500000000e+01
2.228299851190476204e+02 3.357566034226190510e+01 9.817564174107143060e+01
2.229082961309523796e+02 3.359635416666666430e+01 9.816629464285713880e+01
2.229043898809523796e+02 3.347507440476190510e+01 9.798772321428570820e+01
2.229376395089285836e+02 3.357440476190475920e+01 9.819773065476189799e+01
2.230227399553571388e+02 3.369122023809524080e+01 9.826106770833332860e+01
2.232540922619047592e+02 3.366982886904762040e+01 9.855859375000000000e+01
2.232475353422618980e+02 3.352925037202381020e+01 9.848172433035713880e+01
2.233302641369047592e+02 3.324079241071428470e+01 9.832486979166667140e+01
2.234834449404762040e+02 3.340913318452381020e+01 9.838262648809524080e+01
2.235044642857142776e+02 3.341322544642856940e+01 9.823204985119048160e+01
2.236218377976190368e+02 3.333561197916666430e+01 9.843224516369048160e+01
2.236301153273809632e+02 3.364378720238094900e+01 9.836653645833332860e+01
2.235027901785714164e+02 3.406166294642856940e+01 9.826888020833332860e+01
2.235906343005952408e+02 3.413341703869047450e+01 9.830361793154762040e+01
2.236179780505952408e+02 3.410946800595237960e+01 9.823707217261905100e+01
2.236497860863095184e+02 3.411709449404762040e+01 9.829501488095237960e+01
2.236021670386904816e+02 3.403734188988094900e+01 9.860356212797618980e+01
2.236851748511904816e+02 3.424804687500000000e+01 9.860946800595237960e+01
2.237110770089285836e+02 3.406524367559524080e+01 9.858710007440475920e+01
2.234480561755952408e+02 3.392392113095237960e+01 9.828283110119048160e+01
2.231989862351190368e+02 3.367824590773809490e+01 9.811602492559524080e+01
2.231010974702381020e+02 3.349204799107143060e+01 9.787430245535713880e+01
2.231601562500000000e+02 3.343945312500000000e+01 9.791555059523810201e+01
2.233017578125000000e+02 3.346833147321428470e+01 9.800906808035713880e+01
2.232307477678571388e+02 3.343759300595237960e+01 9.807821800595237960e+01
2.232250279017857224e+02 3.360281808035714590e+01 9.779301525297618980e+01
2.232210751488095184e+02 3.367108444940475920e+01 9.810467819940475920e+01
2.232186569940476204e+02 3.418284970238094900e+01 9.829715401785713880e+01
2.229939081101190368e+02 3.415769159226190510e+01 9.830287388392856940e+01
2.230312500000000000e+02 3.426125372023809490e+01 9.835379464285713880e+01
2.229844680059523796e+02 3.443075706845237960e+01 9.824390811011905100e+01
2.232203776041666572e+02 3.389694940476190510e+01 9.803292410714286120e+01
2.232319568452381020e+02 3.353278459821428470e+01 9.814829799107143060e+01
2.233366350446428612e+02 3.339225260416666430e+01 9.816076078869048160e+01
2.234719122023809632e+02 3.329427083333333570e+01 9.826218377976189799e+01
2.236130952380952408e+02 3.319842819940475920e+01 9.840294828869048160e+01
2.238538411458333428e+02 3.339941406250000000e+01 9.836183965773810201e+01
2.237350725446428612e+02 3.354901413690475920e+01 9.841759672619048160e+01
2.237981770833333428e+02 3.343940662202381020e+01 9.849790736607143060e+01
2.238781622023809632e+02 3.337290736607143060e+01 9.858700706845237960e+01
2.239547526041666572e+02 3.368280319940475920e+01 9.854227120535713880e+01
2.239648437500000000e+02 3.366629464285714590e+01 9.877008928571429180e+01
2.238732793898809632e+02 3.389350818452381020e+01 9.883156622023810201e+01
2.240164620535714164e+02 3.398776971726190510e+01 9.879580543154762040e+01
2.241213262648809632e+02 3.400125558035714590e+01 9.894489397321429180e+01
2.240481770833333428e+02 3.416750372023809490e+01 9.902706473214286120e+01
2.241707589285714164e+02 3.428757440476190510e+01 9.911179315476189799e+01
2.241276041666666572e+02 3.427148437500000000e+01 9.899823288690475920e+01
2.242047991071428612e+02 3.435179501488094900e+01 9.896907552083332860e+01
2.242012183779762040e+02 3.447363281250000000e+01 9.903743489583332860e+01
2.239820498511904816e+02 3.444935825892856940e+01 9.895577566964286120e+01
2.237949683779762040e+02 3.391350446428571530e+01 9.866954985119048160e+01
2.236373232886904816e+02 3.376399739583333570e+01 9.864029947916667140e+01
2.236387183779762040e+02 3.349009486607143060e+01 9.859230840773810201e+01
2.236405784970237960e+02 3.352343750000000000e+01 9.876422991071429180e+01
2.237295851934523796e+02 3.375116257440475920e+01 9.861500186011905100e+01
2.237088913690476204e+02 3.385630580357143060e+01 9.871382068452381020e+01
2.237418619791666572e+02 3.376190476190475920e+01 9.880059523809524080e+01
2.238118954613095184e+02 3.390545944940475920e+01 9.877450706845237960e+01
2.237633463541666572e+02 3.399660528273809490e+01 9.882947358630951840e+01
2.238287295386904816e+02 3.390927269345237960e+01 9.869814918154762040e+01
2.237865048363095184e+02 3.404245721726190510e+01 9.874641927083332860e+01
2.237934337797618980e+02 3.388304501488094900e+01 9.862141927083332860e+01
2.238704892113095184e+02 3.389946056547618980e+01 9.857579985119048160e+01
2.237949683779762040e+02 3.406496465773809490e+01 9.857017299107143060e+01
2.238279854910714164e+02 3.416122581845237960e+01 9.882389322916667140e+01
2.238666294642857224e+02 3.395944940476190510e+01 9.900334821428570820e+01
2.240456659226190368e+02 3.367666480654762040e+01 9.911946614583332860e+01
2.241269066220237960e+02 3.350004650297618980e+01 9.913462611607143060e+01
2.242213541666666572e+02 3.384249441964285410e+01 9.901604352678570820e+01
2.242794363839285836e+02 3.380743117559524080e+01 9.924539620535713880e+01
2.243205915178571388e+02 3.384561011904762040e+01 9.941936383928570820e+01
2.244808407738095184e+02 3.389462425595237960e+01 9.932989211309524080e+01
2.245492931547618980e+02 3.401227678571428470e+01 9.922535342261905100e+01
2.245809151785714164e+02 3.398567708333333570e+01 9.922907366071429180e+01
2.246088169642857224e+02 3.403534226190475920e+01 9.929538690476189799e+01
2.244691220238095184e+02 3.399655877976190510e+01 9.937351190476189799e+01
2.245917038690476204e+02 3.384714471726190510e+01 9.961779203869048160e+01
2.246308593750000000e+02 3.385598028273809490e+01 9.957342819940475920e+01
2.245279482886904816e+02 3.365173921130952550e+01 9.941252790178570820e+01
2.242965494791666572e+02 3.348856026785714590e+01 9.898930431547618980e+01
2.240074404761904816e+02 3.380017671130952550e+01 9.887765066964286120e+01
2.237781343005952408e+02 3.394675409226190510e+01 9.880343191964286120e+01
2.237762276785714164e+02 3.406445312500000000e+01 9.873214285714286120e+01
2.237949683779762040e+02 3.428245907738094900e+01 9.875864955357143060e+01
2.238487258184523796e+02 3.426981026785714590e+01 9.885946800595237960e+01
2.239595889136904816e+02 3.428901599702381020e+01 9.894182477678570820e+01
2.240551990327381020e+02 3.443601190476190510e+01 9.910388764880951840e+01
2.240002790178571388e+02 3.446363467261905100e+01 9.902529761904762040e+01
2.240772879464285836e+02 3.434044828869047450e+01 9.896647135416667140e+01
2.240177176339285836e+02 3.440945870535714590e+01 9.902292596726189799e+01
2.240797061011904816e+02 3.446698288690475920e+01 9.896130952380951840e+01
2.240315755208333428e+02 3.433710007440475920e+01 9.911797805059524080e+01
2.242314453125000000e+02 3.434561011904762040e+01 9.940401785714286120e+01
2.242621837797618980e+02 3.456236049107143060e+01 9.930222284226189799e+01
2.241314639136904816e+02 3.469149925595237960e+01 9.911997767857143060e+01
2.242346075148809632e+02 3.463941592261905100e+01 9.909579613095237960e+01
2.242738560267857224e+02 3.473014322916666430e+01 9.935179501488094900e+01
2.244632161458333428e+02 3.465494791666666430e+01 9.954557291666667140e+01
2.244000186011904816e+02 3.463606770833333570e+01 9.945619419642856940e+01
2.245727306547618980e+02 3.450720796130952550e+01 9.973023623511905100e+01
2.244785621279762040e+02 3.467954799107143060e+01 9.978250558035713880e+01
2.245951915922618980e+02 3.465164620535714590e+01 1.000541759672618980e+02
2.245638485863095184e+02 3.486244419642856940e+01 9.985305059523810201e+01
2.245909133184523796e+02 3.509533110119047450e+01 1.000715215773809490e+02
2.245053013392857224e+02 3.515904017857143060e+01 9.993629092261905100e+01
2.246026785714285836e+02 3.508570498511905100e+01 1.000237630208333286e+02
2.246314639136904816e+02 3.513481212797618980e+01 9.989662388392856940e+01
2.246705729166666572e+02 3.500930059523809490e+01 9.968164062500000000e+01
2.243024553571428612e+02 3.478543526785714590e+01 9.937230282738094900e+01
2.240689174107142776e+02 3.463769531250000000e+01 9.897846912202381020e+01
2.239145740327381020e+02 3.423697916666666430e+01 9.898065476190475920e+01
2.240128348214285836e+02 3.423958333333333570e+01 9.898958333333332860e+01
2.240454334077381020e+02 3.415927269345237960e+01 9.890220424107143060e+01
2.242140066964285836e+02 3.403976004464285410e+01 9.953166852678570820e+01
2.242496744791666572e+02 3.412076822916666430e+01 9.921981956845237960e+01
2.241447172619047592e+02 3.431343005952381020e+01 9.933314732142856940e+01
2.241446242559523796e+02 3.459068080357143060e+01 9.950558035714286120e+01
2.240930524553571388e+02 3.474316406250000000e+01 9.961732700892856940e+01
2.240315755208333428e+02 3.487844122023809490e+01 9.939555431547618980e+01
2.240046502976190368e+02 3.487341889880952550e+01 9.956566220238094900e+01
2.240465959821428612e+02 3.466108630952381020e+01 9.929827008928570820e+01
2.242353980654762040e+02 3.452125186011905100e+01 9.910756138392856940e+01
2.243020833333333428e+02 3.448149181547618980e+01 9.908138020833332860e+01
2.241981956845237960e+02 3.453901599702381020e+01 9.913257998511905100e+01
2.243267299107142776e+02 3.459356398809524080e+01 9.923995535714286120e+01
2.244999069940476204e+02 3.452641369047618980e+01 9.919149925595237960e+01
2.246097935267857224e+02 3.451776413690475920e+01 9.945954241071429180e+01
2.245743582589285836e+02 3.457649739583333570e+01 9.953362165178570820e+01
2.246775018601190368e+02 3.463853236607143060e+01 9.936621093750000000e+01
2.248007812500000000e+02 3.459970238095237960e+01 9.956612723214286120e+01
2.246171409970237960e+02 3.484900483630952550e+01 9.937030319940475920e+01
2.246294642857142776e+02 3.495475260416666430e+01 9.949651227678570820e+01
2.247121000744047592e+02 3.511514136904762040e+01 9.958779761904762040e+01
2.247224237351190368e+02 3.517629278273809490e+01 9.945419456845237960e+01
2.247830171130952408e+02 3.509844680059524080e+01 9.985904947916667140e+01
2.249240606398809632e+02 3.535021391369047450e+01 9.979515438988094900e+01
2.248115234375000000e+02 3.534393601190475920e+01 9.979380580357143060e+01
2.245354817708333428e+02 3.510746837797618980e+01 9.973163132440475920e+01
2.242900855654762040e+02 3.471586681547618980e+01 9.944773065476189799e+01
2.240813337053571388e+02 3.460997953869047450e+01 9.909519159226189799e+01
2.241002139136904816e+02 3.422200520833333570e+01 9.904017857142856940e+01
2.241689918154762040e+02 3.418503534226190510e+01 9.908551897321429180e+01
2.243650948660714164e+02 3.402506510416666430e+01 9.924055989583332860e+01
2.245242280505952408e+02 3.412230282738094900e+01 9.933816964285713880e+01
2.245583612351190368e+02 3.408598400297618980e+01 9.932138206845237960e+01
2.245526413690476204e+02 3.441610863095237960e+01 9.942940848214286120e+01
2.245711960565476204e+02 3.466196986607143060e+01 9.960002790178570820e+01
2.244830264136904816e+02 3.479468936011905100e+01 9.952385602678570820e+01
2.244203404017857224e+02 3.490015811011905100e+01 9.940880766369048160e+01
2.243603050595237960e+02 3.498697916666666430e+01 9.945089285714286120e+01
2.244727957589285836e+02 3.468568638392856940e+01 9.965462239583332860e+01
2.245897972470237960e+02 3.446642485119047450e+01 9.975651041666667140e+01
2.246593191964285836e+02 3.447219122023809490e+01 9.974869791666667140e+01
2.247373511904762040e+02 3.448451450892856940e+01 9.972874813988094900e+01
2.247836681547618980e+02 3.471377418154762040e+01 9.960625930059524080e+01
2.248649088541666572e+02 3.475302269345237960e+01 9.958784412202381020e+01
2.249252232142857224e+02 3.474772135416666430e+01 9.984621465773810201e+01
2.248896484375000000e+02 3.490066964285714590e+01 1.000812872023809490e+02
2.249933965773809632e+02 3.472995721726190510e+01 1.001501581101190510e+02
2.249655877976190368e+02 3.480919828869047450e+01 1.000620814732142918e+02
2.250490141369047592e+02 3.515894717261905100e+01 1.001117001488095184e+02
2.251494140625000000e+02 3.514383370535714590e+01 1.001534133184523796e+02
2.251391834077381020e+02 3.532998511904762040e+01 1.002484188988095184e+02
2.250474795386904816e+02 3.534942336309524080e+01 1.001854538690476204e+02
2.248744419642857224e+02 3.506217447916666430e+01 1.001288597470238102e+02
2.245033482142857224e+02 3.486053757440475920e+01 9.971768043154762040e+01
2.244200148809523796e+02 3.473544456845237960e+01 9.953259858630951840e+01
2.243197079613095184e+02 3.468154761904762040e+01 9.927994791666667140e+01
2.243920200892857224e+02 3.488141741071428470e+01 9.908054315476189799e+01
2.244633556547618980e+02 3.487672061011905100e+01 9.920400855654762040e+01
2.245220424107142776e+02 3.463853236607143060e+01 9.941317894345237960e+01
2.245230654761904816e+02 3.459588913690475920e+01 9.930189732142856940e+01
2.246708054315476204e+02 3.441787574404762040e+01 9.954408482142856940e+01
2.248117559523809632e+02 3.438299851190475920e+01 9.973158482142856940e+01
2.247615792410714164e+02 3.450744047619047450e+01 9.950120907738094900e+01
2.247970145089285836e+02 3.438960193452381020e+01 9.971028645833332860e+01
2.247428385416666572e+02 3.445456659226190510e+01 9.983672805059524080e+01
2.248280784970237960e+02 3.430812872023809490e+01 9.970619419642856940e+01
2.248650948660714164e+02 3.445507812500000000e+01 9.979845610119048160e+01
2.248916480654762040e+02 3.452241443452381020e+01 9.966034226190475920e+01
2.249442894345237960e+02 3.454501488095237960e+01 9.986300223214286120e+01
2.250160435267857224e+02 3.488234747023809490e+01 1.001284412202381020e+02
2.248710007440476204e+02 3.490429687500000000e+01 1.001094680059523796e+02
2.251669921875000000e+02 3.505738467261905100e+01 1.001050967261904816e+02
2.251373232886904816e+02 3.516052827380952550e+01 1.002925967261904816e+02
2.251627139136904816e+02 3.498414248511905100e+01 1.005443173363095184e+02
2.253020368303571388e+02 3.496721540178571530e+01 1.006544363839285694e+02
2.252733909970237960e+02 3.496763392857143060e+01 1.008268229166666714e+02
2.253876488095237960e+02 3.511979166666666430e+01 1.009054129464285694e+02
2.254272693452381020e+02 3.520721726190475920e+01 1.009133184523809490e+02
2.254625186011904816e+02 3.501855468750000000e+01 1.009431268601190510e+02
2.254537760416666572e+02 3.470521763392856940e+01 1.009246186755952408e+02
2.252062872023809632e+02 3.445070684523809490e+01 1.005543154761904816e+02
2.249507068452381020e+02 3.415550595238094900e+01 1.004427083333333286e+02
2.248063616071428612e+02 3.413202194940475920e+01 1.000363188244047592e+02
2.247854352678571388e+02 3.440820312500000000e+01 9.994177827380951840e+01
2.247984561011904816e+02 3.432500930059524080e+01 9.974688430059524080e+01
2.247131231398809632e+02 3.443661644345237960e+01 9.960151599702381020e+01
2.247589285714285836e+02 3.436904761904762040e+01 9.974804687500000000e+01
2.249003906250000000e+02 3.440313430059524080e+01 9.986723400297618980e+01
2.249050874255952408e+02 3.449958147321428470e+01 9.987811569940475920e+01
2.249289434523809632e+02 3.429227120535714590e+01 9.967852492559524080e+01
2.248992280505952408e+02 3.430254836309524080e+01 9.974153645833332860e+01
2.247513020833333428e+02 3.426097470238094900e+01 9.972786458333332860e+01
2.247995256696428612e+02 3.420359002976190510e+01 9.960984002976189799e+01
2.248921130952381020e+02 3.433189174107143060e+01 9.961835007440475920e+01
2.248999255952381020e+02 3.432705543154762040e+01 9.977143787202381020e+01
2.248683500744047592e+02 3.443833705357143060e+01 1.000215773809523796e+02
2.249146670386904816e+02 3.452804129464285410e+01 1.001188151041666714e+02
2.249072265625000000e+02 3.450837053571428470e+01 1.002335379464285694e+02
2.249780040922618980e+02 3.464011346726190510e+01 1.001039341517857082e+02
2.250982142857142776e+02 3.483779761904762040e+01 9.996986607142856940e+01
2.251389973958333428e+02 3.488062686011905100e+01 1.000773344494047592e+02
2.251660156250000000e+02 3.488234747023809490e+01 9.994624255952381020e+01
2.251475539434523796e+02 3.490085565476190510e+01 9.991778273809524080e+01
2.252371651785714164e+02 3.517680431547618980e+01 1.002273995535714306e+02
2.250159505208333428e+02 3.528762090773809490e+01 1.000645926339285694e+02
2.248404947916666572e+02 3.518391927083333570e+01 9.971126302083332860e+01
2.244275018601190368e+02 3.488383556547618980e+01 9.944940476190475920e+01
2.242698567708333428e+02 3.467652529761905100e+01 9.947777157738094900e+01
2.241495535714285836e+02 3.457138206845237960e+01 9.931924293154762040e+01
2.241339285714285836e+02 3.466196986607143060e+01 9.935300409226189799e+01
2.242274460565476204e+02 3.463727678571428470e+01 9.938346354166667140e+01
2.241729445684523796e+02 3.480375744047618980e+01 9.947981770833332860e+01
2.242332124255952408e+02 3.463941592261905100e+01 9.959812127976189799e+01
2.243659319196428612e+02 3.426050967261905100e+01 9.972749255952381020e+01
2.246478329613095184e+02 3.404334077380952550e+01 9.981063988095237960e+01
2.246940104166666572e+02 3.393298921130952550e+01 1.000345517113095184e+02
2.247262834821428612e+02 3.391210937500000000e+01 9.994187127976189799e+01
2.246080264136904816e+02 3.372419084821428470e+01 9.985049293154762040e+01
2.247616257440476204e+02 3.429799107142856940e+01 9.957784598214286120e+01
2.248329148065476204e+02 3.421279761904762040e+01 9.961495535714286120e+01
2.247449311755952408e+02 3.443182663690475920e+01 9.953906250000000000e+01
2.246472284226190368e+02 3.450069754464285410e+01 9.959435453869048160e+01
2.248277994791666572e+02 3.453180803571428470e+01 9.970033482142856940e+01
2.247457682291666572e+02 3.453134300595237960e+01 9.985937500000000000e+01
2.246760137648809632e+02 3.453283110119047450e+01 1.000531994047618980e+02
2.248800223214285836e+02 3.461444382440475920e+01 1.002748790922618980e+02
2.249069010416666572e+02 3.478952752976190510e+01 1.003713727678571388e+02
2.250076729910714164e+02 3.469238281250000000e+01 1.005133463541666714e+02
2.250582217261904816e+02 3.475939360119047450e+01 1.005865885416666714e+02
2.250880301339285836e+02 3.464876302083333570e+01 1.005146484375000000e+02
2.251296037946428612e+02 3.454729352678571530e+01 1.005424572172618980e+02
2.248030133928571388e+02 3.431003534226190510e+01 1.001336960565476204e+02
2.245839843750000000e+02 3.406198846726190510e+01 9.980557105654762040e+01
2.243534691220237960e+02 3.400460379464285410e+01 9.951632254464286120e+01
2.242399088541666572e+02 3.399302455357143060e+01 9.967020089285713880e+01
2.242200520833333428e+02 3.409816778273809490e+01 9.969740513392856940e+01
2.243297991071428612e+02 3.407752046130952550e+01 9.979589843750000000e+01
2.242590680803571388e+02 3.408826264880952550e+01 9.968591889880951840e+01
2.242693452380952408e+02 3.426883370535714590e+01 9.918019903273810201e+01
2.243402157738095184e+02 3.422544642857143060e+01 9.905143229166667140e+01
2.243845331101190368e+02 3.440508742559524080e+01 9.901492745535713880e+01
2.244076450892857224e+02 3.426762462797618980e+01 9.901083519345237960e+01
2.243629092261904816e+02 3.421321614583333570e+01 9.902004278273810201e+01
2.243990885416666572e+02 3.414397321428571530e+01 9.907896205357143060e+01
2.244806547619047592e+02 3.391183035714285410e+01 9.923856026785713880e+01
2.245458054315476204e+02 3.392810639880952550e+01 9.920963541666667140e+01
2.245018136160714164e+02 3.402711123511905100e+01 9.927125186011905100e+01
2.246341610863095184e+02 3.405631510416666430e+01 9.949465215773810201e+01
2.247048921130952408e+02 3.425730096726190510e+01 9.941113281250000000e+01
2.246490420386904816e+02 3.415731956845237960e+01 9.957026599702381020e+01
2.246829892113095184e+02 3.443940662202381020e+01 9.961779203869048160e+01
2.246642950148809632e+02 3.458840215773809490e+01 9.969796316964286120e+01
2.247164248511904816e+02 3.466582961309524080e+01 9.972823660714286120e+01
2.247851562500000000e+02 3.465564546130952550e+01 9.976343936011905100e+01
2.248851841517857224e+02 3.468805803571428470e+01 1.001314174107142918e+02
2.248851376488095184e+02 3.455622209821428470e+01 1.001404854910714306e+02
2.247953404017857224e+02 3.439829799107143060e+01 9.995996093750000000e+01
2.244186662946428612e+02 3.421298363095237960e+01 9.945135788690475920e+01
2.241135137648809632e+02 3.430138578869047450e+01 9.919554501488094900e+01
2.239010416666666572e+02 3.426125372023809490e+01 9.925241815476189799e+01
2.239662388392857224e+02 3.432482328869047450e+01 9.929552641369048160e+01
2.241363932291666572e+02 3.438969494047618980e+01 9.917215401785713880e+01
2.241491350446428612e+02 3.450283668154762040e+01 9.903352864583332860e+01
2.243137090773809632e+02 3.433989025297618980e+01 9.925692894345237960e+01
2.243121744791666572e+02 3.449762834821428470e+01 9.932724144345237960e+01
2.241169084821428612e+02 3.458077566964285410e+01 9.923935081845237960e+01
2.242466517857142776e+02 3.458249627976190510e+01 9.926915922619048160e+01
2.242662295386904816e+02 3.452739025297618980e+01 9.908747209821429180e+01
2.243891834077381020e+02 3.430464099702381020e+01 9.896563430059524080e+01
2.244603329613095184e+02 3.402557663690475920e+01 9.953292410714286120e+01
2.245508277529762040e+02 3.401446242559524080e+01 9.957603236607143060e+01
2.246010509672618980e+02 3.399274553571428470e+01 9.973716517857143060e+01
2.245960286458333428e+02 3.417852492559524080e+01 9.986239769345237960e+01
2.247428850446428612e+02 3.413230096726190510e+01 9.983905319940475920e+01
2.247268415178571388e+02 3.414053199404762040e+01 9.982077752976189799e+01
2.247491629464285836e+02 3.438541666666666430e+01 9.969921875000000000e+01
2.248445405505952408e+02 3.437862723214285410e+01 9.978283110119048160e+01
2.248497023809523796e+02 3.444866071428571530e+01 9.969410342261905100e+01
2.246657831101190368e+02 3.492313058035714590e+01 9.981645275297618980e+01
2.245863095238095184e+02 3.508556547619047450e+01 9.970991443452381020e+01
2.244631696428571388e+02 3.516755022321428470e+01 9.979013206845237960e+01
2.242656250000000000e+02 3.497233072916666430e+01 9.917787388392856940e+01
2.240269717261904816e+02 3.475093005952381020e+01 9.920479910714286120e+01
2.240074869791666572e+02 3.423958333333333570e+01 9.876906622023810201e+01
2.240123697916666572e+02 3.410160900297618980e+01 9.888760230654762040e+01
2.241997302827381020e+02 3.393773251488094900e+01 9.886816406250000000e+01
2.242840866815476204e+02 3.394633556547618980e+01 9.883258928571429180e+01
2.243933221726190368e+02 3.390169270833333570e+01 9.886681547619048160e+01
2.243246372767857224e+02 3.427873883928571530e+01 9.919187127976189799e+01
2.244574497767857224e+02 3.436011904761905100e+01 9.932803199404762040e+01
2.243317987351190368e+02 3.442071242559524080e+01 9.934807477678570820e+01
2.244177827380952408e+02 3.452046130952381020e+01 9.948446800595237960e+01
2.243384486607142776e+02 3.444452194940475920e+01 9.931673177083332860e+01
2.243565383184523796e+02 3.434058779761905100e+01 9.912016369047618980e+01
2.243022228422618980e+02 3.435109747023809490e+01 9.901748511904762040e+01
2.244145740327381020e+02 3.435332961309524080e+01 9.927678571428570820e+01
2.245690104166666572e+02 3.420247395833333570e+01 9.954129464285713880e+01
2.246874069940476204e+02 3.439922805059524080e+01 9.958430989583332860e+01
2.245722656250000000e+02 3.452743675595237960e+01 9.954920014880951840e+01
2.246415085565476204e+02 3.470563616071428470e+01 9.948232886904762040e+01
2.246900111607142776e+02 3.482063802083333570e+01 9.953576078869048160e+01
2.248328218005952408e+02 3.500172061011905100e+01 9.965183221726189799e+01
2.246877325148809632e+02 3.499679129464285410e+01 9.990146019345237960e+01
2.245852399553571388e+02 3.518098958333333570e+01 9.973697916666667140e+01
2.244869791666666572e+02 3.534277343750000000e+01 9.974372209821429180e+01
2.241370442708333428e+02 3.522702752976190510e+01 9.927650669642856940e+01
2.238166387648809632e+02 3.497688802083333570e+01 9.879264322916667140e+01
2.236080264136904816e+02 3.476474144345237960e+01 9.884593563988094900e+01
2.237187034970237960e+02 3.455147879464285410e+01 9.879069010416667140e+01
2.238452380952381020e+02 3.454571242559524080e+01 9.858161272321429180e+01
2.239050874255952408e+02 3.432324218750000000e+01 9.858365885416667140e+01
2.239535900297618980e+02 3.449967447916666430e+01 9.875274367559524080e+01
2.240018601190476204e+02 3.444480096726190510e+01 9.862672061011905100e+01
2.240314825148809632e+02 3.466950334821428470e+01 9.867173549107143060e+01
2.239150390625000000e+02 3.473465401785714590e+01 9.870126488095237960e+01
2.239359654017857224e+02 3.485305059523809490e+01 9.888820684523810201e+01
2.238801618303571388e+02 3.501985677083333570e+01 9.870000930059524080e+01
2.239431733630952408e+02 3.490113467261905100e+01 9.883286830357143060e+01
2.241324869791666572e+02 3.460811941964285410e+01 9.896926153273810201e+01
2.240924014136904816e+02 3.446251860119047450e+01 9.897665550595237960e+01
2.242601841517857224e+02 3.438750930059524080e+01 9.902859933035713880e+01
2.242819940476190368e+02 3.444275483630952550e+01 9.909100632440475920e+01
2.242550223214285836e+02 3.449521019345237960e+01 9.909751674107143060e+01
2.243603515625000000e+02 3.467471168154762040e+01 9.920177641369048160e+01
2.242803199404762040e+02 3.476213727678571530e+01 9.928269159226189799e+01
2.242869698660714164e+02 3.498442150297618980e+01 9.929468936011905100e+01
2.243228236607142776e+02 3.495517113095237960e+01 9.940104166666667140e+01
2.244350818452381020e+02 3.496135602678571530e+01 9.943903459821429180e+01
2.244897228422618980e+02 3.496303013392856940e+01 9.953473772321429180e+01
2.243684430803571388e+02 3.468819754464285410e+01 9.934184337797618980e+01
2.241019810267857224e+02 3.445414806547618980e+01 9.905654761904762040e+01
2.239942336309523796e+02 3.410951450892856940e+01 9.889476376488094900e+01
2.238780691964285836e+02 3.404310825892856940e+01 9.881691778273810201e+01
2.238635137648809632e+02 3.465271577380952550e+01 9.860546875000000000e+01
2.237085193452381020e+02 3.497284226190475920e+01 9.866462053571429180e+01
2.238304036458333428e+02 3.516513206845237960e+01 9.870521763392856940e+01
2.236991257440476204e+02 3.517099144345237960e+01 9.863881138392856940e+01
2.237379557291666572e+02 3.526120721726190510e+01 9.857947358630951840e+01
2.239665178571428612e+02 3.478887648809524080e+01 9.881175595238094900e+01
2.239510323660714164e+02 3.434798177083333570e+01 9.940620349702381020e+01
2.240584542410714164e+02 3.428134300595237960e+01 9.946735491071429180e+01
2.242446986607142776e+02 3.404348028273809490e+01 9.950804501488094900e+01
2.242554408482142776e+02 3.382714843750000000e+01 9.944721912202381020e+01
2.243905319940476204e+02 3.401655505952381020e+01 9.945507812500000000e+01
2.244432198660714164e+02 3.428813244047618980e+01 9.931156994047618980e+01
2.245209263392857224e+02 3.435495721726190510e+01 9.925506882440475920e+01
2.245217633928571388e+02 3.441224888392856940e+01 9.955092075892856940e+01
2.246351376488095184e+02 3.450678943452381020e+01 9.950818452380951840e+01
2.247017764136904816e+02 3.476474144345237960e+01 9.955715215773810201e+01
2.247467912946428612e+02 3.479282924107143060e+01 9.955659412202381020e+01
2.248402157738095184e+02 3.491280691964285410e+01 9.965127418154762040e+01
2.248720238095237960e+02 3.475967261904762040e+01 9.971875000000000000e+01
2.248065941220237960e+02 3.486583891369047450e+01 9.954106212797618980e+01
2.247310732886904816e+02 3.498325892857143060e+01 9.973316592261905100e+01
2.245813337053571388e+02 3.479906063988094900e+01 9.952106584821429180e+01
2.243594215029762040e+02 3.462746465773809490e+01 9.926604352678570820e+01
2.241921037946428612e+02 3.440597098214285410e+01 9.902055431547618980e+01
2.242191220238095184e+02 3.445047433035714590e+01 9.912272135416667140e+01
2.242740885416666572e+02 3.408226376488094900e+01 9.960402715773810201e+01
2.243343098958333428e+02 3.387016369047618980e+01 9.964378720238094900e+01
2.245982142857142776e+02 3.377869233630952550e+01 9.985188802083332860e+01
2.247859002976190368e+02 3.394945126488094900e+01 1.000753813244047592e+02
2.247218191964285836e+02 3.386016555059524080e+01 1.001592726934523796e+02
2.246860584077381020e+02 3.455189732142856940e+01 9.993861607142856940e+01
2.245219959077381020e+02 3.477213541666666430e+01 9.995284598214286120e+01
2.243855096726190368e+02 3.495014880952381020e+01 9.963095238095237960e+01
2.245458984375000000e+02 3.498302641369047450e+01 9.987960379464286120e+01
2.246346726190476204e+02 3.498962983630952550e+01 9.992917596726189799e+01
2.247752511160714164e+02 3.491006324404762040e+01 9.980533854166667140e+01
2.247653924851190368e+02 3.489071800595237960e+01 9.996837797619048160e+01
2.249547526041666572e+02 3.494591703869047450e+01 1.000916573660714306e+02
2.250471075148809632e+02 3.499130394345237960e+01 1.002101469494047592e+02
2.250216238839285836e+02 3.507752046130952550e+01 9.999967447916667140e+01
2.251100260416666572e+02 3.527687872023809490e+01 1.000105096726190510e+02
2.250264601934523796e+02 3.509049479166666430e+01 1.000780319940476204e+02
2.251511811755952408e+02 3.517912946428571530e+01 1.003166852678571388e+02
2.251399739583333428e+02 3.523823474702381020e+01 1.003809058779761898e+02
2.249928385416666572e+02 3.500855654761905100e+01 1.001994047619047592e+02
2.245881231398809632e+02 3.509500558035714590e+01 9.964029947916667140e+01
2.243570498511904816e+02 3.512899925595237960e+01 9.914425223214286120e+01
2.242365141369047592e+02 3.491792224702381020e+01 9.919656808035713880e+01
2.242287946428571388e+02 3.504789806547618980e+01 9.919047619047618980e+01
2.242961774553571388e+02 3.504710751488094900e+01 9.923377046130951840e+01
2.243736979166666572e+02 3.481115141369047450e+01 9.924353608630951840e+01
2.244728422619047592e+02 3.461895461309524080e+01 9.949088541666667140e+01
2.245975167410714164e+02 3.443503534226190510e+01 9.964801897321429180e+01
2.246721540178571388e+02 3.454431733630952550e+01 9.958923921130951840e+01
2.247259114583333428e+02 3.435305059523809490e+01 9.969531250000000000e+01
2.247599516369047592e+02 3.406780133928571530e+01 9.981398809523810201e+01
2.246985212053571388e+02 3.392694382440475920e+01 9.975897507440475920e+01
2.246686197916666572e+02 3.387765066964285410e+01 9.999800037202381020e+01
2.248963913690476204e+02 3.379757254464285410e+01 9.984351748511905100e+01
2.247378627232142776e+02 3.375702194940475920e+01 9.999083891369048160e+01
2.247102399553571388e+02 3.404082961309524080e+01 1.002200520833333286e+02
2.247260509672618980e+02 3.421210007440475920e+01 1.001568545386904816e+02
2.247454892113095184e+02 3.430882626488094900e+01 1.002677176339285694e+02
2.248284040178571388e+02 3.451236979166666430e+01 1.003024553571428612e+02
2.248279854910714164e+02 3.447154017857143060e+01 1.003547247023809490e+02
2.248429594494047592e+02 3.455780319940475920e+01 1.004324311755952408e+02
2.249639136904762040e+02 3.457765997023809490e+01 1.003960193452381020e+02
2.249587053571428612e+02 3.460556175595237960e+01 1.004565662202381020e+02
2.250106026785714164e+02 3.443740699404762040e+01 1.001183035714285694e+02
2.248485863095237960e+02 3.415313430059524080e+01 1.000217168898809490e+02
2.243819289434523796e+02 3.438811383928571530e+01 9.957152157738094900e+01
2.241931268601190368e+02 3.466592261904762040e+01 9.925139508928570820e+01
2.241461588541666572e+02 3.479943266369047450e+01 9.917852492559524080e+01
2.241248139880952408e+02 3.494666108630952550e+01 9.926130022321429180e+01
2.241074218750000000e+02 3.477483258928571530e+01 9.935416666666667140e+01
2.240991443452381020e+02 3.446014694940475920e+01 9.958635602678570820e+01
2.242832961309523796e+02 3.411309523809524080e+01 9.966573660714286120e+01
2.243916480654762040e+02 3.405375744047618980e+01 9.977659970238094900e+01
2.244502883184523796e+02 3.396423921130952550e+01 9.987309337797618980e+01
2.246241164434523796e+02 3.395638020833333570e+01 9.982021949404762040e+01
2.246156994047618980e+02 3.418164062500000000e+01 9.981882440476189799e+01
2.243972749255952408e+02 3.441020275297618980e+01 9.958821614583332860e+01
2.243968098958333428e+02 3.467699032738094900e+01 9.943266369047618980e+01
2.243886718750000000e+02 3.461918712797618980e+01 9.958784412202381020e+01
2.243287295386904816e+02 3.476660156250000000e+01 9.958365885416667140e+01
2.243641648065476204e+02 3.476046316964285410e+01 9.937755766369048160e+01
2.243690011160714164e+02 3.480631510416666430e+01 9.933775111607143060e+01
2.243941592261904816e+02 3.477659970238094900e+01 9.945461309523810201e+01
2.244673549107142776e+02 3.498577008928571530e+01 9.949181547619048160e+01
2.244790271577381020e+02 3.505743117559524080e+01 9.936304873511905100e+01
2.245482700892857224e+02 3.503097098214285410e+01 9.947154017857143060e+01
2.246490885416666572e+02 3.509268043154762040e+01 9.959649367559524080e+01
2.246250930059523796e+02 3.511965215773809490e+01 9.960700334821429180e+01
2.246816406250000000e+02 3.491927083333333570e+01 9.963206845238094900e+01
2.246116536458333428e+02 3.495219494047618980e+01 9.966852678571429180e+01
2.242459542410714164e+02 3.488695126488094900e+01 9.946442522321429180e+01
2.240340866815476204e+02 3.478427269345237960e+01 9.923981584821429180e+01
2.239062965029762040e+02 3.464313616071428470e+01 9.904892113095237960e+01
2.239820033482142776e+02 3.479008556547618980e+01 9.890866815476189799e+01
2.238979259672618980e+02 3.471396019345237960e+01 9.883170572916667140e+01
2.238790922619047592e+02 3.498869977678571530e+01 9.916401599702381020e+01
2.239204799107142776e+02 3.489992559523809490e+01 9.922172619047618980e+01
2.239819568452381020e+02 3.494573102678571530e+01 9.922781808035713880e+01
2.240307849702381020e+02 3.486569940476190510e+01 9.927594866071429180e+01
2.240205543154762040e+02 3.485546875000000000e+01 9.925939360119048160e+01
2.240603608630952408e+02 3.470224144345237960e+01 9.943373325892856940e+01
2.242076822916666572e+02 3.457863653273809490e+01 9.948218936011905100e+01
2.242125651041666572e+02 3.460700334821428470e+01 9.962476748511905100e+01
2.242004278273809632e+02 3.469368489583333570e+01 9.944554501488094900e+01
2.241560174851190368e+02 3.465159970238094900e+01 9.964499627976189799e+01
2.243068266369047592e+02 3.471126302083333570e+01 9.956059337797618980e+01
2.243051060267857224e+02 3.478171502976190510e+01 9.940187872023810201e+01
2.243866257440476204e+02 3.467043340773809490e+01 9.933989025297618980e+01
2.245039527529762040e+02 3.478696986607143060e+01 9.956654575892856940e+01
2.244716796875000000e+02 3.475027901785714590e+01 9.948604910714286120e+01
2.245251116071428612e+02 3.499037388392856940e+01 9.937765066964286120e+01
2.245533854166666572e+02 3.505696614583333570e+01 9.939625186011905100e+01
2.246249534970237960e+02 3.504389880952381020e+01 9.967280505952381020e+01
2.245866815476190368e+02 3.506770833333333570e+01 9.972005208333332860e+01
2.247105189732142776e+02 3.494401041666666430e+01 9.976906622023810201e+01
2.247562779017857224e+02 3.488188244047618980e+01 9.984095982142856940e+01
2.249348493303571388e+02 3.480589657738094900e+01 9.968712797619048160e+01
2.247852492559523796e+02 3.456170944940475920e+01 9.965759858630951840e+01
2.245534319196428612e+02 3.438318452380952550e+01 9.929213169642856940e+01
2.242969215029762040e+02 3.417922247023809490e+01 9.909049479166667140e+01
2.242828311011904816e+02 3.409993489583333570e+01 9.931840587797618980e+01
2.243880673363095184e+02 3.419666108630952550e+01 9.922986421130951840e+01
2.243607700892857224e+02 3.420182291666666430e+01 9.932803199404762040e+01
2.242840866815476204e+02 3.426511346726190510e+01 9.954329427083332860e+01
2.244767020089285836e+02 3.427287946428571530e+01 9.963857886904762040e+01
2.244440104166666572e+02 3.458003162202381020e+01 1.000362258184523796e+02
2.243275204613095184e+02 3.503720238095237960e+01 9.988253348214286120e+01
2.242485119047618980e+02 3.525251116071428470e+01 9.952845982142856940e+01
2.243020833333333428e+02 3.508268229166666430e+01 9.969540550595237960e+01
2.243114769345237960e+02 3.507779947916666430e+01 9.959881882440475920e+01
2.243052920386904816e+02 3.516071428571428470e+01 9.938262648809524080e+01
2.242968750000000000e+02 3.536197916666666430e+01 9.934802827380951840e+01
2.242454427083333428e+02 3.546837797619047450e+01 9.927157738095237960e+01
2.243218005952381020e+02 3.548367745535714590e+01 9.938155691964286120e+01
2.243842540922618980e+02 3.558128720238094900e+01 9.937044270833332860e+01
2.245254371279762040e+02 3.500864955357143060e+01 9.960314360119048160e+01
2.246443452380952408e+02 3.484802827380952550e+01 9.978655133928570820e+01
2.248051060267857224e+02 3.480924479166666430e+01 9.998549107142856940e+01
2.247968750000000000e+02 3.478845796130952550e+01 1.000280412946428612e+02
2.248561197916666572e+02 3.474502418154762040e+01 1.000524088541666714e+02
2.248653273809523796e+02 3.484509858630952550e+01 1.002405598958333286e+02
2.248949032738095184e+02 3.493731398809524080e+01 1.003700706845238102e+02
2.249185732886904816e+02 3.482719494047618980e+01 1.003592819940476204e+02
2.248590959821428612e+02 3.498869977678571530e+01 1.002521856398809490e+02
2.246290922619047592e+02 3.472288876488094900e+01 1.000537109375000000e+02
2.242105189732142776e+02 3.460477120535714590e+01 9.972846912202381020e+01
2.241727120535714164e+02 3.483175223214285410e+01 9.975223214285713880e+01
2.242642764136904816e+02 3.477018229166666430e+01 9.965848214285713880e+01
2.244096447172618980e+02 3.478338913690475920e+01 9.979287574404762040e+01
2.242954799107142776e+02 3.467522321428571530e+01 9.991248139880951840e+01
2.245044642857142776e+02 3.501948474702381020e+01 9.959463355654762040e+01
2.245022786458333428e+02 3.491541108630952550e+01 9.974595424107143060e+01
2.245678943452381020e+02 3.510072544642856940e+01 9.939536830357143060e+01
2.245463634672618980e+02 3.507733444940475920e+01 9.964597284226189799e+01
2.246097005208333428e+02 3.513355654761905100e+01 9.948679315476189799e+01
2.245307384672618980e+02 3.491555059523809490e+01 9.956398809523810201e+01
2.247187965029762040e+02 3.490964471726190510e+01 9.956515066964286120e+01
2.246275111607142776e+02 3.508933221726190510e+01 9.954664248511905100e+01
2.245578962053571388e+02 3.507114955357143060e+01 9.944903273809524080e+01
2.245186476934523796e+02 3.509519159226190510e+01 9.962114025297618980e+01
2.246263020833333428e+02 3.500827752976190510e+01 9.988839285714286120e+01
2.247773902529762040e+02 3.482217261904762040e+01 9.997972470238094900e+01
2.249327566964285836e+02 3.486393229166666430e+01 1.000809151785714306e+02
2.247655319940476204e+02 3.488095238095237960e+01 9.999432663690475920e+01
2.249558221726190368e+02 3.493210565476190510e+01 1.000739397321428612e+02
2.250492001488095184e+02 3.503989955357143060e+01 1.001657366071428612e+02
2.250992373511904816e+02 3.514183407738094900e+01 1.001936383928571388e+02
2.250601748511904816e+02 3.525613839285714590e+01 1.002749255952381020e+02
2.251295107886904816e+02 3.522456287202381020e+01 1.002121930803571388e+02
2.251984747023809632e+02 3.538569568452381020e+01 1.004012276785714306e+02
2.250597563244047592e+02 3.538420758928571530e+01 1.001143973214285694e+02
2.245801246279762040e+02 3.522521391369047450e+01 9.964736793154762040e+01
2.244720982142857224e+02 3.500832403273809490e+01 9.947456287202381020e+01
2.244411737351190368e+02 3.489485677083333570e+01 9.941243489583332860e+01
2.245922619047618980e+02 3.497493489583333570e+01 9.947781808035713880e+01
2.246577380952381020e+02 3.525079055059524080e+01 9.958031063988094900e+01
2.245101376488095184e+02 3.519624255952381020e+01 9.978720238095237960e+01
2.244155040922618980e+02 3.517708333333333570e+01 9.982338169642856940e+01
2.246397879464285836e+02 3.535263206845237960e+01 9.970270647321429180e+01
2.246193731398809632e+02 3.519735863095237960e+01 9.971502976190475920e+01
2.247695777529762040e+02 3.514801897321428470e+01 9.973237537202381020e+01
2.248476562500000000e+02 3.495982142857143060e+01 9.959960937500000000e+01
2.249151320684523796e+02 3.486732700892856940e+01 9.984026227678570820e+01
2.248264508928571388e+02 3.465494791666666430e+01 9.985407366071429180e+01
2.249005766369047592e+02 3.457333519345237960e+01 9.960272507440475920e+01
2.248443080357142776e+02 3.502557663690475920e+01 9.978004092261905100e+01
2.248239862351190368e+02 3.519340587797618980e+01 9.965592447916667140e+01
2.248192894345237960e+02 3.538816034226190510e+01 9.990211123511905100e+01
2.248414713541666572e+02 3.547493489583333570e+01 9.980603608630951840e+01
2.246562034970237960e+02 3.543796502976190510e+01 1.000260416666666714e+02
2.248167317708333428e+02 3.508849516369047450e+01 1.000742652529761898e+02
2.250310174851190368e+02 3.520372953869047450e+01 1.002028924851190510e+02
2.249216424851190368e+02 3.530622209821428470e+01 1.003481677827381020e+02
2.249375000000000000e+02 3.525246465773809490e+01 1.002917131696428612e+02
2.250057663690476204e+02 3.542215401785714590e+01 1.003363095238095184e+02
2.250450148809523796e+02 3.524897693452381020e+01 1.002996651785714306e+02
2.252083798363095184e+02 3.508161272321428470e+01 1.007428850446428612e+02
2.250809616815476204e+02 3.507082403273809490e+01 1.004430338541666714e+02
2.248482607886904816e+02 3.480705915178571530e+01 1.001065383184523796e+02
2.246085379464285836e+02 3.471879650297618980e+01 9.963862537202381020e+01
2.244533575148809632e+02 3.458658854166666430e+01 9.958584449404762040e+01
2.243781156994047592e+02 3.460588727678571530e+01 9.980957031250000000e+01
2.244631231398809632e+02 3.458565848214285410e+01 9.990225074404762040e+01
2.244608909970237960e+02 3.469382440476190510e+01 9.991257440476189799e+01
2.244745628720237960e+02 3.469721912202381020e+01 9.994554501488094900e+01
2.245253906250000000e+02 3.480594308035714590e+01 9.963192894345237960e+01
2.245679408482142776e+02 3.483049665178571530e+01 9.952190290178570820e+01
2.246174665178571388e+02 3.490285528273809490e+01 9.963481212797618980e+01
2.245688244047618980e+02 3.497033110119047450e+01 9.959086681547618980e+01
2.244881417410714164e+02 3.489862351190475920e+01 9.969503348214286120e+01
2.245526878720237960e+02 3.484402901785714590e+01 9.962397693452381020e+01
2.246216517857142776e+02 3.493080357142856940e+01 9.962816220238094900e+01
2.246268136160714164e+02 3.497474888392856940e+01 9.950330171130951840e+01
2.246952194940476204e+02 3.494187127976190510e+01 9.947702752976189799e+01
2.246945219494047592e+02 3.495289248511905100e+01 9.966764322916667140e+01
2.246457868303571388e+02 3.530366443452381020e+01 9.971809895833332860e+01
2.246862444196428612e+02 3.520958891369047450e+01 9.999614025297618980e+01
2.245834728422618980e+02 3.535886346726190510e+01 9.994591703869048160e+01
2.246772228422618980e+02 3.546047247023809490e+01 9.996428571428570820e+01
2.247019159226190368e+02 3.533365885416666430e+01 1.001864304315476204e+02
2.247777622767857224e+02 3.528538876488094900e+01 9.998869977678570820e+01
2.250298084077381020e+02 3.516220238095237960e+01 1.000253906250000000e+02
2.249780505952381020e+02 3.515076264880952550e+01 1.000872395833333286e+02
2.250422247023809632e+02 3.524637276785714590e+01 1.001912202380952408e+02
2.251196056547618980e+02 3.536314174107143060e+01 9.995661272321429180e+01
2.249870256696428612e+02 3.546698288690475920e+01 9.993043154761905100e+01
2.245954241071428612e+02 3.535970052083333570e+01 9.978882998511905100e+01
2.242281901041666572e+02 3.503571428571428470e+01 9.959226190476189799e+01
2.242409784226190368e+02 3.489318266369047450e+01 9.969405691964286120e+01
2.242600446428571388e+02 3.499893043154762040e+01 9.966680617559524080e+01
2.245230189732142776e+02 3.474372209821428470e+01 9.966392299107143060e+01
2.245669177827381020e+02 3.477436755952381020e+01 9.974544270833332860e+01
2.244890718005952408e+02 3.463778831845237960e+01 9.964141555059524080e+01
2.246030970982142776e+02 3.467001488095237960e+01 9.982142857142856940e+01
2.247707403273809632e+02 3.473497953869047450e+01 9.985319010416667140e+01
2.248121279761904816e+02 3.481343005952381020e+01 9.962202380952381020e+01
2.247990141369047592e+02 3.483728608630952550e+01 9.972958519345237960e+01
2.246485305059523796e+02 3.488420758928571530e+01 9.937611607142856940e+01
2.246017950148809632e+02 3.491768973214285410e+01 9.962090773809524080e+01
2.245931919642857224e+02 3.490987723214285410e+01 9.957552083333332860e+01
2.245626395089285836e+02 3.485867745535714590e+01 9.983989025297618980e+01
