1.917434913793103419e+02 2.202855603448275801e+01 7.661806034482758321e+01
1.910682758620689583e+02 2.173073275862068954e+01 7.599875000000000114e+01
1.910952370689655311e+02 2.172273706896551815e+01 7.600620689655173123e+01
1.910453232758620743e+02 2.158700431034482747e+01 7.592172413793103658e+01
1.919190517241379439e+02 2.144301724137930876e+01 7.618683189655172328e+01
1.920172629310344803e+02 2.135814655172413623e+01 7.603178879310344485e+01
1.924355387931034613e+02 2.125648706896551587e+01 7.601987068965517835e+01
1.925782974137931092e+02 2.135997844827586079e+01 7.585758620689655629e+01
1.924959698275862081e+02 2.166224137931034477e+01 7.543924568965516642e+01
1.923871982758620618e+02 2.169019396551724199e+01 7.514053879310344541e+01
1.923325000000000102e+02 2.157058189655172242e+01 7.501696120689655345e+01
1.921151508620689583e+02 2.160700431034482705e+01 7.481144396551724185e+01
1.920179310344827570e+02 2.096924568965517111e+01 7.480870689655172612e+01
1.920984267241379371e+02 2.069454741379310292e+01 7.490282327586207600e+01
1.921739008620689617e+02 2.066937499999999872e+01 7.492344827586207145e+01
1.923699568965517130e+02 2.047530172413793181e+01 7.508556034482758434e+01
1.924189224137930978e+02 2.047564655172413950e+01 7.512870689655171930e+01
1.923649353448275861e+02 2.096534482758620754e+01 7.504096982758620982e+01
1.922982758620689765e+02 2.106153017241379288e+01 7.487668103448275758e+01
1.922284482758620641e+02 2.130387931034482918e+01 7.470693965517241963e+01
1.922893318965517153e+02 2.123137931034482762e+01 7.470075431034483415e+01
1.922369396551724208e+02 2.129275862068965353e+01 7.457825431034483188e+01
1.921180172413793059e+02 2.144581896551724043e+01 7.464497844827586448e+01
1.919749784482758628e+02 2.168480603448275801e+01 7.472907327586206350e+01
1.918627155172413836e+02 2.177385775862068940e+01 7.467637931034482790e+01
1.917378232758620697e+02 2.193836206896551744e+01 7.458196120689655118e+01
1.917461853448275804e+02 2.216355603448275957e+01 7.464864224137930648e+01
1.917820905172413859e+02 2.163857758620689609e+01 7.476120689655172669e+01
1.919807758620689526e+02 2.153721982758620612e+01 7.483769396551724640e+01
1.921212068965517119e+02 2.137418103448275986e+01 7.498987068965517722e+01
1.921933405172413813e+02 2.145801724137930933e+01 7.507745689655172328e+01
1.922212715517241293e+02 2.141821120689655089e+01 7.497721982758621095e+01
1.921441379310344928e+02 2.151355603448275744e+01 7.498265086206896513e+01
1.922248706896551766e+02 2.148094827586206890e+01 7.505258620689654947e+01
1.921922629310344917e+02 2.146030172413793125e+01 7.526127155172413552e+01
1.921555603448275917e+02 2.158758620689655316e+01 7.512454741379310974e+01
1.922045043103448165e+02 2.149650862068965651e+01 7.510681034482757923e+01
1.921289870689655288e+02 2.156709051724137893e+01 7.518739224137931387e+01
1.919592672413793082e+02 2.152316810344827758e+01 7.509241379310344655e+01
1.916883620689655174e+02 2.144829741379310306e+01 7.486131465517240713e+01
1.914747413793103590e+02 2.125122844827586377e+01 7.473827586206896001e+01
1.914487931034482813e+02 2.132687500000000114e+01 7.472269396551723730e+01
1.914036853448275792e+02 2.156383620689655345e+01 7.472959051724137680e+01
1.914640732758620629e+02 2.169053879310344968e+01 7.473131465517241168e+01
1.914170043103448222e+02 2.179726293103448143e+01 7.461918103448276440e+01
1.913481681034482733e+02 2.183946120689655146e+01 7.453532327586206918e+01
1.913518750000000068e+02 2.200719827586206989e+01 7.458467672413793537e+01
1.914162284482758594e+02 2.184084051724137865e+01 7.467465517241379303e+01
1.914699353448275758e+02 2.165659482758620769e+01 7.467506465517242020e+01
1.914632112068965455e+02 2.154653017241379231e+01 7.452459051724137851e+01
1.914564655172413836e+02 2.149943965517241296e+01 7.452790948275861638e+01
1.914168534482758730e+02 2.163045258620689637e+01 7.446239224137930535e+01
1.914874353448275883e+02 2.129523706896551616e+01 7.458137931034482904e+01
1.915130603448275792e+02 2.108127155172413936e+01 7.470997844827586221e+01
1.915526508620689583e+02 2.108946120689655146e+01 7.484653017241379303e+01
1.916505387931034363e+02 2.109297413793103360e+01 7.480523706896551062e+01
1.916502155172413779e+02 2.114340517241379303e+01 7.490926724137931103e+01
1.917502586206896638e+02 2.104982758620689509e+01 7.479810344827586732e+01
1.917703232758620686e+02 2.097015086206896584e+01 7.470036637931033852e+01
1.918700000000000045e+02 2.100036637931034633e+01 7.460773706896551971e+01
1.919902155172413813e+02 2.099282327586206875e+01 7.453510775862068272e+01
1.919230387931034443e+02 2.093969827586206733e+01 7.463189655172413950e+01
1.918935344827586107e+02 2.119909482758620811e+01 7.469400862068965807e+01
1.917626077586207032e+02 2.158398706896551644e+01 7.469346982758621323e+01
1.917435129310344735e+02 2.159775862068965679e+01 7.467247844827586789e+01
1.917465517241379303e+02 2.156422413793103487e+01 7.466086206896551403e+01
1.916515086206896683e+02 2.160484913793103345e+01 7.455691810344828241e+01
1.914070043103448313e+02 2.121073275862068996e+01 7.432900862068964898e+01
1.912217241379310337e+02 2.104377155172413794e+01 7.418079741379310121e+01
1.912857327586206964e+02 2.101448275862069082e+01 7.410532327586206236e+01
1.913341594827586221e+02 2.083189655172413879e+01 7.418000000000000682e+01
1.915025215517241293e+02 2.084747844827586150e+01 7.435297413793102805e+01
1.914877155172413836e+02 2.105062500000000014e+01 7.434640086206896115e+01
1.914109698275862002e+02 2.114258620689655288e+01 7.460849137931035102e+01
1.914184267241379303e+02 2.110187499999999972e+01 7.469224137931034591e+01
1.915188577586206975e+02 2.121411637931034377e+01 7.471213362068965580e+01
1.915000000000000000e+02 2.113931034482758520e+01 7.488170258620689879e+01
1.914565517241379382e+02 2.132959051724137822e+01 7.469931034482758037e+01
1.914084698275862024e+02 2.124519396551724171e+01 7.457575431034483415e+01
1.914308189655172328e+02 2.109596982758620598e+01 7.463396551724137851e+01
1.914149568965517290e+02 2.116219827586206748e+01 7.457012931034482506e+01
1.913672629310344746e+02 2.122631465517241267e+01 7.464299568965516585e+01
1.913621767241379246e+02 2.129491379310344712e+01 7.439883620689654720e+01
1.913640301724138055e+02 2.135418103448276028e+01 7.426918103448275588e+01
1.914549568965517210e+02 2.133954741379310249e+01 7.424778017241379757e+01
1.915156896551724230e+02 2.137771551724138064e+01 7.411754310344826990e+01
1.914600862068965625e+02 2.129387931034482762e+01 7.435898706896551857e+01
1.915695474137931171e+02 2.136517241379310406e+01 7.424969827586207316e+01
1.915285129310344701e+02 2.140273706896551786e+01 7.430982758620689310e+01
1.914096551724138067e+02 2.149010775862068812e+01 7.452728448275861695e+01
1.914247844827586107e+02 2.146058189655172299e+01 7.442672413793103203e+01
1.914471551724138010e+02 2.140023706896551658e+01 7.446017241379310292e+01
1.914810991379310394e+02 2.133997844827586121e+01 7.460092672413793480e+01
1.915288793103448199e+02 2.130366379310344982e+01 7.452922413793103829e+01
1.914922198275862115e+02 2.131698275862068925e+01 7.447836206896552369e+01
1.913479525862069011e+02 2.113446120689655316e+01 7.436603448275862149e+01
1.910798275862069033e+02 2.097383620689655004e+01 7.424043103448275360e+01
1.909585991379310315e+02 2.111512931034482676e+01 7.412971982758620015e+01
1.909975862068965569e+02 2.109795258620689751e+01 7.420392241379310860e+01
1.908680818965517290e+02 2.112099137931034321e+01 7.414314655172414348e+01
1.909522629310344826e+02 2.119385775862069110e+01 7.427571120689654549e+01
1.909851508620689629e+02 2.113586206896551900e+01 7.436088362068964841e+01
1.910951724137931080e+02 2.115851293103448327e+01 7.416202586206897251e+01
1.910944827586206998e+02 2.096743534482758520e+01 7.416325431034482563e+01
1.911421982758620572e+02 2.109734913793103317e+01 7.399282327586206520e+01
1.911260560344827582e+02 2.105346982758620555e+01 7.398999999999999488e+01
1.911810775862068965e+02 2.097922413793103402e+01 7.400260775862068385e+01
1.911127801724138067e+02 2.097418103448275772e+01 7.392965517241378848e+01
1.910223706896551619e+02 2.093678879310344954e+01 7.393825431034483131e+01
1.910553879310344882e+02 2.097062499999999829e+01 7.385461206896552255e+01
1.911459051724137908e+02 2.100668103448276014e+01 7.383142241379310633e+01
1.911620905172413813e+02 2.092997844827586107e+01 7.391659482758620925e+01
1.911454741379310462e+02 2.107456896551724057e+01 7.411058189655172157e+01
1.911675215517241497e+02 2.102362068965517139e+01 7.423448275862068613e+01
1.911739439655172532e+02 2.119355603448275716e+01 7.441739224137930364e+01
1.911847198275862070e+02 2.118706896551724128e+01 7.449355603448276497e+01
1.911845474137930978e+02 2.125954741379310420e+01 7.435495689655172669e+01
1.912293534482758730e+02 2.099256465517241210e+01 7.443094827586206463e+01
1.913487068965517324e+02 2.083368534482758605e+01 7.444678879310345110e+01
1.913259913793103522e+02 2.066726293103448242e+01 7.447256465517241963e+01
1.915039655172413688e+02 2.065672413793103601e+01 7.436452586206895887e+01
1.914417672413793241e+02 2.065898706896551573e+01 7.432640086206896513e+01
1.914204310344827604e+02 2.050584051724137780e+01 7.443545258620689253e+01
1.911694612068965569e+02 2.046584051724137865e+01 7.404045258620689651e+01
1.909849568965517221e+02 2.032062499999999972e+01 7.373967672413793650e+01
1.909274784482758491e+02 2.029719827586206904e+01 7.368254310344828184e+01
1.908849353448275963e+02 2.029336206896551786e+01 7.371489224137931728e+01
1.908351939655172487e+02 2.043728448275862064e+01 7.388961206896551914e+01
1.908706034482758582e+02 2.040706896551724014e+01 7.382183189655172839e+01
1.908393749999999898e+02 2.073890086206896655e+01 7.376782327586207089e+01
1.908443534482758537e+02 2.073165948275861936e+01 7.383685344827586050e+01
1.908426939655172418e+02 2.075002155172413865e+01 7.382295258620689538e+01
1.908030818965517312e+02 2.095239224137931089e+01 7.390262931034482108e+01
1.906220689655172293e+02 2.098096982758620754e+01 7.380659482758620982e+01
1.905384913793103578e+02 2.123706896551724199e+01 7.363732758620689367e+01
1.905273706896551857e+02 2.115749999999999886e+01 7.368437500000000284e+01
1.904962715517241350e+02 2.127980603448275687e+01 7.362140086206896683e+01
1.906189439655172464e+02 2.083640086206896669e+01 7.363038793103447688e+01
1.906961853448275974e+02 2.079678879310344897e+01 7.370525862068966205e+01
1.908237068965517267e+02 2.070961206896551587e+01 7.370594827586207032e+01
1.907514224137931080e+02 2.065187500000000043e+01 7.373159482758620697e+01
1.908374353448275826e+02 2.065185344827586178e+01 7.375846982758621095e+01
1.908224353448275963e+02 2.084670258620689509e+01 7.383530172413793480e+01
1.908506681034482710e+02 2.074510775862069067e+01 7.399396551724137794e+01
1.908728879310344837e+02 2.092260775862068911e+01 7.419762931034482278e+01
1.908994612068965466e+02 2.094301724137930876e+01 7.416034482758620072e+01
1.908570258620689515e+02 2.096051724137931060e+01 7.427965517241379700e+01
1.908841810344827650e+02 2.101286637931034562e+01 7.406390086206896228e+01
1.909083620689655163e+02 2.116295258620689523e+01 7.398967672413793650e+01
1.908414655172413745e+02 2.107965517241379416e+01 7.384441810344827672e+01
1.906917025862069011e+02 2.094127155172413879e+01 7.355821120689655856e+01
1.903677370689655106e+02 2.093323275862069011e+01 7.333661637931034250e+01
1.901997198275861933e+02 2.084995689655172413e+01 7.322810344827585993e+01
1.901911206896551789e+02 2.100950431034482691e+01 7.340771551724138533e+01
1.902047198275862172e+02 2.093840517241379473e+01 7.346081896551724810e+01
1.903190948275862127e+02 2.100340517241379246e+01 7.350040948275862718e+01
1.904926724137931160e+02 2.104730603448275872e+01 7.363017241379310462e+01
1.905786853448275906e+02 2.101484913793103360e+01 7.357159482758621039e+01
1.906057543103448211e+02 2.111288793103448214e+01 7.369006465517242077e+01
1.906389224137930967e+02 2.101508620689655160e+01 7.364422413793103317e+01
1.906540517241379291e+02 2.092428879310344669e+01 7.363816810344827957e+01
1.905629310344827445e+02 2.090191810344827417e+01 7.350092672413792627e+01
1.904638146551724276e+02 2.089431034482758776e+01 7.358734913793102805e+01
1.905359267241379371e+02 2.073086206896551786e+01 7.389400862068966092e+01
1.905527801724138044e+02 2.078163793103448143e+01 7.394653017241378734e+01
1.905720258620689549e+02 2.075575431034482676e+01 7.391301724137930762e+01
1.905632327586206998e+02 2.071609913793103530e+01 7.391982758620689253e+01
1.906348922413793048e+02 2.072935344827586235e+01 7.377967672413792855e+01
1.906946767241379348e+02 2.091508620689655018e+01 7.369896551724137623e+01
1.906810344827586334e+02 2.095221982758620527e+01 7.369096982758620129e+01
1.907664870689655174e+02 2.095228448275862121e+01 7.375997844827585936e+01
1.908684913793103419e+02 2.094262931034482733e+01 7.368032327586206520e+01
1.909618534482758605e+02 2.111405172413792997e+01 7.361170258620690277e+01
1.909895905172413677e+02 2.101732758620689623e+01 7.374265086206897024e+01
1.908449784482758673e+02 2.094984913793103587e+01 7.359881465517241850e+01
1.905465301724137817e+02 2.082398706896551843e+01 7.345271551724137282e+01
1.904728879310344780e+02 2.075101293103448441e+01 7.333346982758621380e+01
1.903576293103448336e+02 2.062103448275862050e+01 7.322499999999999432e+01
1.904280603448275997e+02 2.047622844827586164e+01 7.332517241379309780e+01
1.905604525862069067e+02 2.061566810344827516e+01 7.345659482758620129e+01
1.907725215517241395e+02 2.051612068965517111e+01 7.354586206896551914e+01
1.908057974137931012e+02 2.070920258620689580e+01 7.362648706896551687e+01
1.907288793103448370e+02 2.121094827586206932e+01 7.369258620689655004e+01
1.906379310344827616e+02 2.148814655172413879e+01 7.384504310344827616e+01
1.905539870689655118e+02 2.157603448275862235e+01 7.368795258620689026e+01
1.903785129310344928e+02 2.146879310344827729e+01 7.367368534482758946e+01
1.902741163793103567e+02 2.153532327586206918e+01 7.365293103448276213e+01
1.904161206896551732e+02 2.128987068965517082e+01 7.355844827586206236e+01
1.904392456896551664e+02 2.105411637931034363e+01 7.359661637931034761e+01
1.905390517241379200e+02 2.101778017241379359e+01 7.367142241379310974e+01
1.905692672413793218e+02 2.097939655172413964e+01 7.361706896551724810e+01
1.906586206896551801e+02 2.093452586206896626e+01 7.363573275862069067e+01
1.905796551724137942e+02 2.128894396551724100e+01 7.363215517241378905e+01
1.907016594827586289e+02 2.131790948275861908e+01 7.364872844827586107e+01
1.907143318965517267e+02 2.146437500000000043e+01 7.353691810344827218e+01
1.906822198275862092e+02 2.157334051724138035e+01 7.352362068965517494e+01
1.906096120689655038e+02 2.161004310344827672e+01 7.351006465517241395e+01
1.904485560344827491e+02 2.124760775862068840e+01 7.328155172413792684e+01
1.902786853448275792e+02 2.096995689655172512e+01 7.321127155172413836e+01
1.901512068965517130e+02 2.090153017241379274e+01 7.321517241379309837e+01
1.902449137931034500e+02 2.081864224137931174e+01 7.324952586206896399e+01
1.903574353448275929e+02 2.094995689655172555e+01 7.320420258620688969e+01
1.906114008620689617e+02 2.077390086206896669e+01 7.364456896551723730e+01
1.906630387931034534e+02 2.079946120689655231e+01 7.363204741379310292e+01
1.907369612068965523e+02 2.080883620689655089e+01 7.365995689655171930e+01
1.907431681034482835e+02 2.078133620689655103e+01 7.354247844827585823e+01
1.907088146551724037e+02 2.087480603448275929e+01 7.361806034482758321e+01
1.906211206896551857e+02 2.083019396551724256e+01 7.363493534482758207e+01
1.905901724137931126e+02 2.058131465517241310e+01 7.380780172413793139e+01
1.905428017241379450e+02 2.071181034482758676e+01 7.381793103448275417e+01
1.905521767241379223e+02 2.067963362068965694e+01 7.377967672413792855e+01
1.905369181034482722e+02 2.075866379310344811e+01 7.371480603448276270e+01
1.905285129310344701e+02 2.069875000000000043e+01 7.397497844827586277e+01
1.905764224137930967e+02 2.083523706896551886e+01 7.382258620689654549e+01
1.906746767241379246e+02 2.097446120689655302e+01 7.380290948275862206e+01
1.906153663793103590e+02 2.101532327586206961e+01 7.378991379310345167e+01
1.906709267241379280e+02 2.095480603448275758e+01 7.381577586206896058e+01
1.906347413793103556e+02 2.119767241379310363e+01 7.356648706896551460e+01
1.904308836206896558e+02 2.107256465517241395e+01 7.364071120689655459e+01
1.902539008620689742e+02 2.103560344827586093e+01 7.323726293103447915e+01
1.899874137931034568e+02 2.087247844827586363e+01 7.312088362068965353e+01
1.899394827586206986e+02 2.083887931034482932e+01 7.307329741379309951e+01
1.899385775862068897e+02 2.085730603448275744e+01 7.308538793103448938e+01
1.900049999999999955e+02 2.099454741379310363e+01 7.308685344827586050e+01
1.900255818965517278e+02 2.086068965517241480e+01 7.341696120689654492e+01
1.900945043103448313e+02 2.088446120689655316e+01 7.344215517241379132e+01
1.900919827586207020e+02 2.094398706896551587e+01 7.345446120689655345e+01
1.901744181034482892e+02 2.127767241379310192e+01 7.325560344827586334e+01
1.900206034482758639e+02 2.136596982758620555e+01 7.306881465517241736e+01
1.898209051724138021e+02 2.146620689655172498e+01 7.302062499999999545e+01
1.898705818965517267e+02 2.142601293103448157e+01 7.298338362068965068e+01
1.897989870689655163e+02 2.136870689655172484e+01 7.305758620689654492e+01
1.900243103448275974e+02 2.109853448275861965e+01 7.314784482758621209e+01
1.901759051724137919e+02 2.094592672413793011e+01 7.327484913793102805e+01
1.901564439655172407e+02 2.079049568965517381e+01 7.332504310344828014e+01
1.902029525862068908e+02 2.090454741379310377e+01 7.339325431034482961e+01
1.902434698275862104e+02 2.083678879310344811e+01 7.340629310344827729e+01
1.902783620689655208e+02 2.091493534482758676e+01 7.352017241379310519e+01
1.904068318965517221e+02 2.104644396551724128e+01 7.346536637931033908e+01
1.902982543103448165e+02 2.119385775862069110e+01 7.347825431034482335e+01
1.902334698275862195e+02 2.109545258620689623e+01 7.342499999999999716e+01
1.898860991379310406e+02 2.099769396551724299e+01 7.308922413793104056e+01
1.897339224137930955e+02 2.073631465517241423e+01 7.287808189655171986e+01
1.897623060344827479e+02 2.056163793103448256e+01 7.297047413793103487e+01
1.898690301724138010e+02 2.052659482758620513e+01 7.297827586206896910e+01
1.898979525862068840e+02 2.050726293103448228e+01 7.308517241379310292e+01
1.899172198275861945e+02 2.056995689655172299e+01 7.306976293103448938e+01
1.900458405172413734e+02 2.027234913793103388e+01 7.292931034482758434e+01
1.900900862068965580e+02 2.038920258620689552e+01 7.291635775862069124e+01
1.901269181034482756e+02 2.021948275862068911e+01 7.288676724137931728e+01
1.901394612068965557e+02 2.017538793103448214e+01 7.300254310344827502e+01
1.900993318965517176e+02 2.020258620689655160e+01 7.294101293103447858e+01
1.900168965517241304e+02 2.033875000000000099e+01 7.293075431034482392e+01
1.899221120689655038e+02 2.042528017241379246e+01 7.292851293103447574e+01
1.899205172413793150e+02 2.049099137931034420e+01 7.297124999999999773e+01
1.900281249999999886e+02 2.051269396551724000e+01 7.308146551724138362e+01
1.900241594827586198e+02 2.060405172413793196e+01 7.304504310344827900e+01
1.899122629310344905e+02 2.068379310344827715e+01 7.283575431034482506e+01
1.898817672413793218e+02 2.073144396551724000e+01 7.295892241379310406e+01
1.899575646551724049e+02 2.075375000000000014e+01 7.298883620689655061e+01
1.900510775862069011e+02 2.069183189655172583e+01 7.305112068965517835e+01
1.900718103448275826e+02 2.073967672413792940e+01 7.298155172413792968e+01
1.900303017241379280e+02 2.072491379310344684e+01 7.317181034482759117e+01
1.899553232758620709e+02 2.056230603448275929e+01 7.329028017241378734e+01
1.896446120689655288e+02 2.038250000000000028e+01 7.313525862068965466e+01
1.894215517241379416e+02 2.031099137931034448e+01 7.296549568965517096e+01
1.894198060344827468e+02 2.026310344827586363e+01 7.284700431034482904e+01
1.894218103448275770e+02 2.036310344827586150e+01 7.280627155172413723e+01
1.894256465517241281e+02 2.056140086206896456e+01 7.277049568965517778e+01
1.894418534482758503e+02 2.066012931034482847e+01 7.267243534482759060e+01
1.895789224137930944e+02 2.061980603448276028e+01 7.247704741379310178e+01
1.895689008620689719e+02 2.062956896551724029e+01 7.256105603448276042e+01
1.895029525862069022e+02 2.081058189655172441e+01 7.240172413793104056e+01
1.894042025862069067e+02 2.075775862068965694e+01 7.239213362068964841e+01
1.894289439655172487e+02 2.067971982758620797e+01 7.236566810344827161e+01
1.894870258620689754e+02 2.074859913793103416e+01 7.250435344827586448e+01
1.894154525862068965e+02 2.067665948275861965e+01 7.249540948275861751e+01
1.893711853448275804e+02 2.056987068965517196e+01 7.262678879310344371e+01
1.894711853448275747e+02 2.054364224137930961e+01 7.280377155172413950e+01
1.895449353448275929e+02 2.067999999999999972e+01 7.277418103448276554e+01
1.896084267241379280e+02 2.058982758620689779e+01 7.289058189655172271e+01
1.896002801724137896e+02 2.050648706896551587e+01 7.289431034482758776e+01
1.896737931034482756e+02 2.046021551724138021e+01 7.287765086206896115e+01
1.898172844827586232e+02 2.024038793103448342e+01 7.276413793103448313e+01
1.899411206896551789e+02 2.008193965517241253e+01 7.288512931034482278e+01
1.899958620689655220e+02 2.011381465517241551e+01 7.272122844827586619e+01
1.899653232758620618e+02 2.003163793103448143e+01 7.273782327586206975e+01
1.897738793103448245e+02 2.061534482758620612e+01 7.276836206896551573e+01
1.895441594827586300e+02 2.071359913793103402e+01 7.284836206896551403e+01
1.892192025862069045e+02 2.086284482758620840e+01 7.254534482758620584e+01
1.889677801724137964e+02 2.086683189655172299e+01 7.240907327586207032e+01
1.888452370689655311e+02 2.096631465517241466e+01 7.245780172413793707e+01
1.891357758620689538e+02 2.060724137931034505e+01 7.234191810344827900e+01
1.893027801724138044e+02 2.030140086206896655e+01 7.235349137931034136e+01
1.894471982758620641e+02 2.017484913793103374e+01 7.244918103448276270e+01
1.894434051724138044e+02 2.027015086206896655e+01 7.234780172413793764e+01
1.895570689655172316e+02 2.025553879310344740e+01 7.248377155172413211e+01
1.894985560344827604e+02 2.025987068965517324e+01 7.241909482758620697e+01
1.895629525862069045e+02 2.027969827586206719e+01 7.253459051724138362e+01
1.895172844827586118e+02 2.024849137931034448e+01 7.246614224137931615e+01
1.893299568965517210e+02 2.026340517241379402e+01 7.235493534482758093e+01
1.893604741379310212e+02 2.029534482758620584e+01 7.232465517241379871e+01
1.893480603448275872e+02 2.032747844827586192e+01 7.249903017241379644e+01
1.893739224137931103e+02 2.029838362068965552e+01 7.269058189655171986e+01
1.894006896551724139e+02 2.026717672413793281e+01 7.286148706896551630e+01
1.893873922413793025e+02 2.025271551724138064e+01 7.302864224137931615e+01
1.893379741379310417e+02 2.024325431034482747e+01 7.295874999999999488e+01
1.893735129310344689e+02 2.041213362068965509e+01 7.300062499999999943e+01
1.892896120689655106e+02 2.032640086206896513e+01 7.283258620689655061e+01
1.892973922413792991e+02 2.043732758620689793e+01 7.262864224137931046e+01
1.893380172413793048e+02 2.033260775862068925e+01 7.272275862068966035e+01
1.893143534482758525e+02 2.041704741379310306e+01 7.265243534482758037e+01
1.892365301724137794e+02 2.041512931034482747e+01 7.248157327586207543e+01
1.892937284482758571e+02 2.066394396551724100e+01 7.229023706896552426e+01
1.892224137931034420e+02 2.072799568965517381e+01 7.227812500000000284e+01
1.892419181034482847e+02 2.077118534482758605e+01 7.231243534482759117e+01
1.890528663793103590e+02 2.071609913793103530e+01 7.219163793103447802e+01
1.886153663793103590e+02 2.073107758620689722e+01 7.190937499999999716e+01
1.884085991379310485e+02 2.051758620689655288e+01 7.181864224137930819e+01
1.883496551724138044e+02 2.048010775862069011e+01 7.189834051724137964e+01
1.883907543103448177e+02 2.048982758620689637e+01 7.188525862068965466e+01
1.884523922413793002e+02 2.044635775862068883e+01 7.197344827586206861e+01
1.885919181034482790e+02 2.018030172413793011e+01 7.194676724137930535e+01
1.886971336206896410e+02 2.013853448275862235e+01 7.194568965517241566e+01
1.887951939655172282e+02 1.993836206896551744e+01 7.198176724137931615e+01
1.888557758620689526e+02 1.995066810344827601e+01 7.197411637931034534e+01
1.888185344827586221e+02 2.002374999999999972e+01 7.202987068965516926e+01
1.887014439655172282e+02 2.029122844827586292e+01 7.208551724137930705e+01
1.886182543103448381e+02 2.032379310344827417e+01 7.197980603448276327e+01
1.885785991379310360e+02 2.052657327586207003e+01 7.191672413793104113e+01
1.885591810344827479e+02 2.052629310344827474e+01 7.202370689655172953e+01
1.886090517241379416e+02 2.056739224137930933e+01 7.206558189655171986e+01
1.888154741379310337e+02 2.029767241379310505e+01 7.215607758620689083e+01
1.889279310344827536e+02 2.017045258620689552e+01 7.199071120689654890e+01
1.888987068965517153e+02 2.004269396551724114e+01 7.208758620689654606e+01
1.891093750000000000e+02 2.011234913793103374e+01 7.204915948275862547e+01
1.890599568965517108e+02 2.010469827586207003e+01 7.205743534482758150e+01
1.890483620689655311e+02 2.028219827586206847e+01 7.214650862068965864e+01
1.890372844827586221e+02 2.022844827586206762e+01 7.223760775862068328e+01
1.889901293103448268e+02 2.033105603448276000e+01 7.211286637931034704e+01
1.889732327586206964e+02 2.047344827586206861e+01 7.206211206896551857e+01
1.889511637931034613e+02 2.038749999999999929e+01 7.216045258620690106e+01
1.890076077586206793e+02 2.026918103448275943e+01 7.226243534482757980e+01
1.891127801724138067e+02 2.018428879310344826e+01 7.239075431034483188e+01
1.891256465517241452e+02 2.015137931034482932e+01 7.250644396551723503e+01
1.890782974137931092e+02 2.014510775862068925e+01 7.247193965517242020e+01
1.888176939655172362e+02 2.013163793103448285e+01 7.234948275862069522e+01
1.886318750000000080e+02 1.999586206896551843e+01 7.198398706896551857e+01
1.886685991379310394e+02 1.989967672413792954e+01 7.175989224137930478e+01
1.886763577586206964e+02 1.978084051724137993e+01 7.185564655172413495e+01
1.887721551724137896e+02 1.986355603448275886e+01 7.191920258620689310e+01
1.888037284482758480e+02 1.988437499999999858e+01 7.213633620689655856e+01
1.886907974137930921e+02 2.027633620689655203e+01 7.193997844827586619e+01
1.886989655172413904e+02 2.045467672413793281e+01 7.192256465517240827e+01
1.886403663793103362e+02 2.070172413793103416e+01 7.175196120689655288e+01
1.885436853448275940e+02 2.056131465517241352e+01 7.182887931034483131e+01
1.885187715517241429e+02 2.056286637931034633e+01 7.166758620689655856e+01
1.885610129310344689e+02 2.018842672413792982e+01 7.163204741379310292e+01
1.886764655172413825e+02 1.992219827586206904e+01 7.176441810344827843e+01
1.887531250000000114e+02 1.989398706896551872e+01 7.177640086206896797e+01
1.888482758620689594e+02 1.982297413793103402e+01 7.177849137931033852e+01
1.888131681034482767e+02 1.989551724137930933e+01 7.172409482758621380e+01
1.889019396551724128e+02 1.991396551724137964e+01 7.181831896551723560e+01
1.887727370689655118e+02 2.004872844827586320e+01 7.195885775862069522e+01
1.887670258620689765e+02 2.014036637931034335e+01 7.198366379310344598e+01
1.887898275862068829e+02 2.013301724137931004e+01 7.192213362068964955e+01
1.887712284482758491e+02 2.020866379310344740e+01 7.203963362068965637e+01
1.888102586206896660e+02 2.019452586206896427e+01 7.196909482758620413e+01
1.888212931034482835e+02 2.018273706896551900e+01 7.208088362068966148e+01
1.889234698275862172e+02 2.025174568965517352e+01 7.211786637931034250e+01
1.888529741379310281e+02 2.031879310344827516e+01 7.200183189655172100e+01
1.889064008620689776e+02 2.037146551724137922e+01 7.210413793103448654e+01
1.888319827586206827e+02 2.042644396551724029e+01 7.198355603448275986e+01
1.886966163793103419e+02 2.037607758620689680e+01 7.178971982758621095e+01
1.884875215517241429e+02 2.036812499999999915e+01 7.144713362068965523e+01
1.882572844827586209e+02 2.035596982758620754e+01 7.132512931034482051e+01
1.882865948275862138e+02 2.031741379310344797e+01 7.140064655172413666e+01
1.883782327586206975e+02 2.014926724137930947e+01 7.152767241379309837e+01
1.886385344827586152e+02 1.998816810344827744e+01 7.157140086206896967e+01
1.886305172413793230e+02 1.993385775862068954e+01 7.160385775862069124e+01
1.886940086206896581e+02 1.997196120689655174e+01 7.161887931034482335e+01
1.886932112068965637e+02 1.993851293103448441e+01 7.167092672413792798e+01
1.887841163793103476e+02 1.992627155172413822e+01 7.178840517241378905e+01
1.886724784482758537e+02 1.980103448275862021e+01 7.191284482758621266e+01
1.885776077586207009e+02 1.990821120689655288e+01 7.191715517241379985e+01
1.886128879310344928e+02 1.987299568965517338e+01 7.183760775862069181e+01
1.886245043103448324e+02 1.981323275862068911e+01 7.189504310344827331e+01
1.885214870689655129e+02 2.010698275862068840e+01 7.195653017241379246e+01
1.884769396551724014e+02 2.027325431034482861e+01 7.176935344827586505e+01
1.884038146551724253e+02 2.048931034482758662e+01 7.171668103448276099e+01
1.884659482758620754e+02 2.052168103448275716e+01 7.176536637931035045e+01
1.884182543103448211e+02 2.050778017241379203e+01 7.181032327586207487e+01
1.885970043103448290e+02 2.034185344827586306e+01 7.192036637931035159e+01
1.886492241379310428e+02 2.032230603448275730e+01 7.198032327586206236e+01
1.885973275862068874e+02 2.025191810344827559e+01 7.184872844827586391e+01
1.887314439655172293e+02 2.019760775862069124e+01 7.197329741379310519e+01
1.887194396551724083e+02 2.023668103448275701e+01 7.192948275862069352e+01
1.888778663793103476e+02 1.992859913793103388e+01 7.186564655172414007e+01
1.890461422413793002e+02 1.979543103448275687e+01 7.194568965517241566e+01
1.891456249999999955e+02 1.969471982758620854e+01 7.208493534482758491e+01
1.892021551724137964e+02 1.963202586206896427e+01 7.204799568965516698e+01
1.890532758620689719e+02 1.969247844827586036e+01 7.195224137931035102e+01
1.887500000000000000e+02 1.986086206896551687e+01 7.168357758620689424e+01
1.883739224137931103e+02 1.998584051724137822e+01 7.157062500000000682e+01
1.882282112068965603e+02 2.009107758620689665e+01 7.144249999999999545e+01
1.881568750000000136e+02 2.008334051724137836e+01 7.143015086206897024e+01
1.882901508620689697e+02 2.017993534482758733e+01 7.151786637931034818e+01
1.884300862068965614e+02 2.010709051724137808e+01 7.153991379310345167e+01
1.884215948275862047e+02 2.010909482758620825e+01 7.145045258620689310e+01
1.884921767241379200e+02 2.000747844827586164e+01 7.166771551724137623e+01
1.885879525862069102e+02 2.000575431034482676e+01 7.168148706896552369e+01
1.885673275862068863e+02 2.001771551724137765e+01 7.162840517241379246e+01
1.886152155172413813e+02 1.995038793103448427e+01 7.166224137931034477e+01
1.885795905172413711e+02 1.981327586206896640e+01 7.173329741379311031e+01
1.886147413793103453e+02 1.987144396551724057e+01 7.168129310344826877e+01
1.885574137931034500e+02 1.986049568965517409e+01 7.176616379310344485e+01
1.885856249999999932e+02 1.992737068965517366e+01 7.160653017241379814e+01
1.885295689655172282e+02 2.005773706896551900e+01 7.173038793103448540e+01
1.885496336206896615e+02 2.027773706896551786e+01 7.175995689655172782e+01
1.885317887931034591e+02 2.026784482758620598e+01 7.175799568965517494e+01
1.884248706896551653e+02 2.039644396551724270e+01 7.179228448275861751e+01
1.884497198275861933e+02 2.042868534482758491e+01 7.186407327586206861e+01
1.885604956896551698e+02 2.027836206896551730e+01 7.190633620689655459e+01
1.886620258620689583e+02 2.022215517241379246e+01 7.173584051724138533e+01
1.887424353448275838e+02 2.016941810344827601e+01 7.182163793103448768e+01
1.887953663793103374e+02 2.018482758620689665e+01 7.187191810344828014e+01
1.886853448275862206e+02 2.005616379310344755e+01 7.188135775862069465e+01
1.888186206896551766e+02 2.015726293103448441e+01 7.177230603448275303e+01
1.888601508620689629e+02 2.018933189655172455e+01 7.186329741379310576e+01
1.889324568965517130e+02 2.022941810344827474e+01 7.191715517241379985e+01
1.890258189655172316e+02 2.012198275862068897e+01 7.191696120689654492e+01
1.887172198275862058e+02 2.005661637931034491e+01 7.166851293103448484e+01
1.884267241379310462e+02 1.993711206896551857e+01 7.151741379310344371e+01
1.881881681034482767e+02 2.004217672413793139e+01 7.151696120689655345e+01
1.881425215517241440e+02 1.998948275862068868e+01 7.130881465517241224e+01
1.882089439655172498e+02 2.003372844827586263e+01 7.156258620689655459e+01
1.882962715517241463e+02 2.001920258620689808e+01 7.148980603448275417e+01
1.883228232758620777e+02 2.009627155172413637e+01 7.156015086206896569e+01
1.883563793103448347e+02 2.003894396551724100e+01 7.159230603448276042e+01
1.883423706896551835e+02 2.008275862068965623e+01 7.166907327586207543e+01
1.883538577586206770e+02 2.011168103448275701e+01 7.165799568965516642e+01
1.883832112068965614e+02 2.007747844827586192e+01 7.161846982758621039e+01
1.882746982758620788e+02 1.999299568965517082e+01 7.159120689655172498e+01
1.883231681034482676e+02 1.993484913793103530e+01 7.142543103448275588e+01
1.882975431034482767e+02 1.998370689655172328e+01 7.142924568965517551e+01
1.883755172413792991e+02 2.005793103448275971e+01 7.133864224137930421e+01
1.883196982758620663e+02 2.015523706896551559e+01 7.142584051724138305e+01
1.884070905172413859e+02 2.025155172413793281e+01 7.143620689655172384e+01
1.884675431034482642e+02 2.036237068965517238e+01 7.151806034482758889e+01
1.884188146551724117e+02 2.048954741379310462e+01 7.146133620689654720e+01
1.885066810344827672e+02 2.059627155172413637e+01 7.148691810344827502e+01
1.883653017241379359e+02 2.062213362068965594e+01 7.164657327586206748e+01
1.883651077586206952e+02 2.078219827586206847e+01 7.162103448275861695e+01
1.883956249999999955e+02 2.085157327586206932e+01 7.169650862068965580e+01
1.883874784482758571e+02 2.092771551724137780e+01 7.166875000000000284e+01
1.883465517241379246e+02 2.098898706896551758e+01 7.167575431034482847e+01
1.884144612068965614e+02 2.101372844827586306e+01 7.160622844827585709e+01
1.885373922413793082e+02 2.074372844827586349e+01 7.167495689655171986e+01
1.887225862068965512e+02 2.057002155172413893e+01 7.171465517241379928e+01
1.886431896551724208e+02 2.045778017241379487e+01 7.165797413793103487e+01
1.884808189655172441e+02 2.023163793103448427e+01 7.155605603448276497e+01
1.881938146551724174e+02 2.006178879310344954e+01 7.147814655172413723e+01
1.880385344827586209e+02 2.000288793103448270e+01 7.112775862068966148e+01
1.880815732758620697e+02 2.027150862068965509e+01 7.130765086206896797e+01
1.880963146551724208e+02 2.036310344827586150e+01 7.135670258620689310e+01
1.881372844827586164e+02 2.043918103448275758e+01 7.135670258620689310e+01
1.881856249999999875e+02 2.060484913793103345e+01 7.146618534482757923e+01
1.883445474137930944e+02 2.027090517241379430e+01 7.165282327586207600e+01
1.885070043103448256e+02 2.014040948275862064e+01 7.166484913793102862e+01
1.885837500000000091e+02 2.010191810344827701e+01 7.173392241379310974e+01
1.886098922413792991e+02 2.012637931034482719e+01 7.172711206896551062e+01
1.885271767241379450e+02 2.001015086206896498e+01 7.169392241379310349e+01
1.883951293103448279e+02 2.030577586206896612e+01 7.167870689655173067e+01
1.882524784482758662e+02 2.061316810344827744e+01 7.156068965517241054e+01
1.881114870689655163e+02 2.060241379310344811e+01 7.151344827586207487e+01
1.880599568965517108e+02 2.071129310344827701e+01 7.149510775862069067e+01
1.881070689655172430e+02 2.079437499999999872e+01 7.151844827586207032e+01
1.884148922413793059e+02 2.045241379310344954e+01 7.174620689655172612e+01
1.885395043103448245e+02 2.030321120689655245e+01 7.178814655172413950e+01
1.887920043103448222e+02 2.017243534482758704e+01 7.172465517241379018e+01
1.888020474137931046e+02 2.007730603448275986e+01 7.186099137931034875e+01
1.887429956896551744e+02 2.012976293103448100e+01 7.179995689655171986e+01
1.887662500000000136e+02 2.035278017241379445e+01 7.189515086206895944e+01
1.887073922413793241e+02 2.047418103448275772e+01 7.190409482758620641e+01
1.887463146551724265e+02 2.061747844827586107e+01 7.195260775862068670e+01
1.886922844827586232e+02 2.058739224137930890e+01 7.193084051724137851e+01
1.886170043103448393e+02 2.051484913793103360e+01 7.197398706896551346e+01
1.885316379310344814e+02 2.039306034482758534e+01 7.183515086206897138e+01
1.884323491379310269e+02 2.019206896551724029e+01 7.165375000000000227e+01
1.882976508620689629e+02 1.991868534482758690e+01 7.162915948275862377e+01
1.881894181034482756e+02 1.991519396551723986e+01 7.154364224137931672e+01
1.881995258620689526e+02 2.001696120689655345e+01 7.158243534482758719e+01
1.883548491379310406e+02 2.009329741379310263e+01 7.157312500000000455e+01
1.883752155172413723e+02 2.008446120689655245e+01 7.153963362068965637e+01
1.883822844827586209e+02 2.012019396551724171e+01 7.161237068965517949e+01
1.884156250000000057e+02 2.021040948275862092e+01 7.170566810344827502e+01
1.885318750000000136e+02 2.014004310344827431e+01 7.159359913793103658e+01
1.884355387931034613e+02 2.033133620689655174e+01 7.154607758620689140e+01
1.883009267241379234e+02 2.044538793103448171e+01 7.150325431034482904e+01
1.881929310344827684e+02 2.052433189655172541e+01 7.138247844827586164e+01
1.881418318965517358e+02 2.059521551724137822e+01 7.134737068965517892e+01
1.881394612068965557e+02 2.060943965517241239e+01 7.132165948275861922e+01
1.882965517241379416e+02 2.021950431034482776e+01 7.157987068965516642e+01
1.883987715517241384e+02 2.006170258620689495e+01 7.170775862068965978e+01
1.885558405172413927e+02 2.002724137931034321e+01 7.182299568965517267e+01
1.886643965517241384e+02 2.003915948275862036e+01 7.185872844827586903e+01
1.886789439655172487e+02 1.997211206896551872e+01 7.187734913793103431e+01
1.886601724137931058e+02 2.005489224137931004e+01 7.194870689655172669e+01
1.886608405172413825e+02 2.022540948275862149e+01 7.185784482758620584e+01
1.886386422413793014e+02 2.040806034482758591e+01 7.170790948275862320e+01
1.885859698275862115e+02 2.047351293103448100e+01 7.171903017241379530e+01
1.885258836206896547e+02 2.061015086206896640e+01 7.171243534482758264e+01
1.885446120689655061e+02 2.032051724137931004e+01 7.193900862068964841e+01
1.883577155172413882e+02 2.017758620689655302e+01 7.166467672413793366e+01
1.881554094827586141e+02 2.002288793103448228e+01 7.153868534482758434e+01
1.880628663793103499e+02 1.997853448275862220e+01 7.146896551724137225e+01
1.879968965517241486e+02 1.985797413793103416e+01 7.150252155172414348e+01
1.880895258620689674e+02 2.011071120689655345e+01 7.129482758620689253e+01
1.880605172413793014e+02 2.019282327586206804e+01 7.126504310344827786e+01
1.880900215517241350e+02 2.026252155172413794e+01 7.132887931034483131e+01
1.880833189655172362e+02 2.032577586206896569e+01 7.135915948275862775e+01
1.880289870689655061e+02 2.038474137931034491e+01 7.138146551724138078e+01
1.882962284482758548e+02 2.001661637931034576e+01 7.156461206896551630e+01
1.884892456896551778e+02 1.967928879310344925e+01 7.168540948275861524e+01
1.884414439655172373e+02 1.958780172413793252e+01 7.172605603448275247e+01
1.884275431034482722e+02 1.943702586206896399e+01 7.164028017241379587e+01
1.884757543103448256e+02 1.941355603448275957e+01 7.158812500000000512e+01
1.883616163793103340e+02 1.982056034482758733e+01 7.150534482758621380e+01
1.883104741379310383e+02 2.001353448275862235e+01 7.157730603448275986e+01
1.882859698275862002e+02 2.010493534482758449e+01 7.152025862068965978e+01
1.882540517241379234e+02 2.017683189655172526e+01 7.156237068965516812e+01
1.883162499999999966e+02 2.023950431034482733e+01 7.159387931034483188e+01
1.882972844827586130e+02 2.046594827586206833e+01 7.155560344827586050e+01
1.882040732758620720e+02 2.047019396551724313e+01 7.150607758620689935e+01
1.882840086206896615e+02 2.049523706896551900e+01 7.153528017241379189e+01
1.882110129310344746e+02 2.055573275862068883e+01 7.151303879310344769e+01
1.883346767241379212e+02 2.053174568965517111e+01 7.147275862068966035e+01
1.884584267241379223e+02 2.029068965517241452e+01 7.149331896551724697e+01
1.884774568965517290e+02 2.009724137931034349e+01 7.146510775862068954e+01
1.882575431034482847e+02 1.992056034482758520e+01 7.130114224137930989e+01
1.880915301724137976e+02 1.992803879310344684e+01 7.112778017241379303e+01
1.879194612068965569e+02 1.974163793103448228e+01 7.097487068965517665e+01
1.877971120689655038e+02 1.995721982758620783e+01 7.106599137931034704e+01
1.877857758620689594e+02 2.014536637931034591e+01 7.125821120689654720e+01
1.877298491379310406e+02 2.018247844827586235e+01 7.124943965517240940e+01
1.877870689655172498e+02 2.038153017241379317e+01 7.117948275862069352e+01
1.877804310344827456e+02 2.033829741379310363e+01 7.125946120689654606e+01
1.878583405172413734e+02 2.007327586206896441e+01 7.124678879310344826e+01
1.879282112068965489e+02 1.995881465517241438e+01 7.126413793103448313e+01
1.880543749999999932e+02 1.992978448275862036e+01 7.137672413793103487e+01
1.880294612068965421e+02 1.993196120689655260e+01 7.150631465517241736e+01
1.880303879310344826e+02 1.978827586206896427e+01 7.152594827586206350e+01
1.880162931034482767e+02 1.985515086206896385e+01 7.150409482758620072e+01
1.879911637931034534e+02 1.988795258620689665e+01 7.159383620689655459e+01
1.879789655172413916e+02 1.987887931034482847e+01 7.170943965517241736e+01
1.879901508620689583e+02 1.991267241379310349e+01 7.162709051724138476e+01
1.879829525862068920e+02 1.993159482758620626e+01 7.176989224137930989e+01
1.880598706896551846e+02 2.012237068965517395e+01 7.148129310344828014e+01
1.880104094827586323e+02 2.016278017241379317e+01 7.148209051724137453e+01
1.880098706896551732e+02 2.019814655172413964e+01 7.134775862068966035e+01
1.880753448275862070e+02 2.032211206896551658e+01 7.132174568965517381e+01
1.880936637931034454e+02 2.032795258620689793e+01 7.129814655172414462e+01
1.882013146551724105e+02 2.020497844827586320e+01 7.127853448275861581e+01
1.882609267241379314e+02 2.013635775862069011e+01 7.125538793103447688e+01
1.883224784482758594e+02 2.008170258620689808e+01 7.140265086206896683e+01
1.883103448275862206e+02 2.000058189655172569e+01 7.132999999999999829e+01
1.879827586206896513e+02 1.993247844827586235e+01 7.113665948275861695e+01
1.877370258620689754e+02 1.980099137931034647e+01 7.091198275862069522e+01
1.877919827586206907e+02 1.965758620689655345e+01 7.095006465517241168e+01
1.877489008620689788e+02 1.966855603448275858e+01 7.090271551724137566e+01
1.877826077586206850e+02 1.978674568965517366e+01 7.089021551724137282e+01
1.878002155172413836e+02 1.974418103448275730e+01 7.074584051724137623e+01
1.878627370689655152e+02 1.974696120689655032e+01 7.108577586206897081e+01
1.877995905172413700e+02 1.970327586206896697e+01 7.124687500000000284e+01
1.877636206896551698e+02 1.967125000000000057e+01 7.138933189655172384e+01
1.877298060344827491e+02 1.965749999999999886e+01 7.144334051724138135e+01
1.877831896551724071e+02 1.963579741379310306e+01 7.147773706896552426e+01
1.877657327586206861e+02 1.989107758620689737e+01 7.152327586206897081e+01
1.876323922413793071e+02 1.993866379310344783e+01 7.132439655172413495e+01
1.875765301724137828e+02 1.994905172413793082e+01 7.120987068965517608e+01
1.876818965517241509e+02 2.007232758620689594e+01 7.127316810344827047e+01
1.876246551724137817e+02 2.011797413793103573e+01 7.122010775862068499e+01
1.877236206896551778e+02 2.004620689655172328e+01 7.116396551724137964e+01
1.877490948275862195e+02 2.009064655172413794e+01 7.122284482758620072e+01
1.878836853448275974e+02 2.015898706896551573e+01 7.123711206896551573e+01
1.879250862068965375e+02 2.019926724137931018e+01 7.129769396551724014e+01
1.879180818965517119e+02 2.018390086206896683e+01 7.139931034482758321e+01
1.880025215517241293e+02 1.994008620689655231e+01 7.141668103448276383e+01
1.881478663793103578e+02 1.979989224137931103e+01 7.152474137931034193e+01
1.881663793103448370e+02 1.982232758620689594e+01 7.164795258620689822e+01
1.880748491379310394e+02 1.981724137931034591e+01 7.156351293103448086e+01
1.882146767241379450e+02 1.980775862068965409e+01 7.152859913793103885e+01
1.880246120689655243e+02 1.986892241379310420e+01 7.154234913793104056e+01
1.877727155172413802e+02 2.001922413793103317e+01 7.131762931034482733e+01
1.874875646551724060e+02 1.992997844827586107e+01 7.099165948275862092e+01
1.873747629310344962e+02 1.979075431034482691e+01 7.089148706896551744e+01
1.873515948275862115e+02 1.982129310344827644e+01 7.077743534482758037e+01
1.874902370689655129e+02 1.970974137931034420e+01 7.081851293103447631e+01
