2.073654952300785510e+02 8.853058361391694575e+01 1.249588243546576933e+02
2.074781144781144917e+02 8.823863636363635976e+01 1.249443041526374856e+02
2.067403900112233543e+02 8.767638187429854213e+01 1.242483866442199769e+02
2.065274971941638569e+02 8.731765572390573027e+01 1.239693813131313078e+02
2.066713664421997692e+02 8.733326318742984995e+01 1.239777637485970843e+02
2.068391554433221131e+02 8.728714225589224895e+01 1.240687079124579100e+02
2.068388748597081985e+02 8.723127104377104502e+01 1.240790544332211027e+02
2.068894500561167149e+02 8.732600308641974607e+01 1.240538019079685768e+02
2.070500841750841801e+02 8.751294191919191690e+01 1.242272727272727337e+02
2.072220468574635106e+02 8.778566919191919737e+01 1.240691287878787818e+02
2.072328142536475752e+02 8.775729517396183610e+01 1.240399130190796910e+02
2.072410213243546480e+02 8.776687008978674953e+01 1.241992845117845121e+02
2.072825827721661085e+02 8.752549803591470834e+01 1.239723625140291858e+02
2.068988145342312066e+02 8.709792368125701501e+01 1.233030653759820439e+02
2.071574074074074190e+02 8.723369107744107964e+01 1.234869177890011258e+02
2.072727623456790127e+02 8.736332070707071296e+01 1.235082070707070727e+02
2.071492354096520785e+02 8.698540965207631359e+01 1.233470468574635248e+02
2.074081088664422055e+02 8.725813692480359407e+01 1.238030653759820439e+02
2.076915684624017899e+02 8.766186167227833437e+01 1.245142045454545467e+02
2.077342171717171766e+02 8.771569865319865755e+01 1.244997895622895641e+02
2.077685185185185048e+02 8.773348063973064370e+01 1.245337752525252455e+02
2.079032337261504040e+02 8.787001964085297345e+01 1.245492774971941685e+02
2.079433922558922632e+02 8.772986812570145787e+01 1.244410072951739608e+02
2.079191919191919169e+02 8.781779601571268756e+01 1.244612443883277280e+02
2.076977062289562355e+02 8.742564534231200923e+01 1.240666736812570150e+02
2.071605289001122401e+02 8.679552469135802539e+01 1.234453563411896795e+02
2.068113776655443417e+02 8.651066217732883956e+01 1.230595889450056148e+02
2.066107603815937068e+02 8.634413580246913966e+01 1.230967662738496102e+02
2.068123947811447749e+02 8.649729938271605079e+01 1.233048891694725029e+02
2.068795244107744224e+02 8.635974326599325934e+01 1.235435255331088626e+02
2.068810676206509527e+02 8.644830246913579685e+01 1.234551767676767611e+02
2.069193672839506064e+02 8.654850589225588919e+01 1.236377665544332274e+02
2.072670454545454675e+02 8.689937570145903578e+01 1.241066217732884382e+02
2.072973134118967380e+02 8.706190375982042440e+01 1.239948793490460162e+02
2.073215488215488165e+02 8.707081228956228358e+01 1.241204405162738453e+02
2.072322530864197461e+02 8.680422278338944864e+01 1.238242494388327657e+02
2.071526024130190820e+02 8.697927188552188227e+01 1.239012345679012412e+02
2.070294963524130196e+02 8.680751964085297345e+01 1.236092873176206552e+02
2.069021464646464779e+02 8.687363215488215928e+01 1.234689253647587037e+02
2.068815586419753174e+02 8.692480359147025126e+01 1.235926978114478061e+02
2.068605148709315245e+02 8.673540965207631359e+01 1.234914071268237876e+02
2.070832982603815822e+02 8.704517396184063216e+01 1.239312219416386114e+02
2.072382856341189665e+02 8.705955387205386842e+01 1.240119248035914694e+02
2.070747755331088626e+02 8.706193883277217083e+01 1.236777847923681293e+02
2.072933150953984409e+02 8.747881593714926396e+01 1.238608305274971997e+02
2.074213313692480369e+02 8.762338664421997692e+01 1.239456369248035941e+02
2.071745230078563509e+02 8.715926627384961023e+01 1.234245230078563367e+02
2.067932800224466803e+02 8.681015011223344402e+01 1.229115460157126876e+02
2.065548190235690242e+02 8.656905864197530320e+01 1.226873597081930427e+02
2.063727553310886549e+02 8.624596661054994229e+01 1.223536756453423067e+02
2.063192690796857391e+02 8.622800925925925242e+01 1.224463383838383805e+02
2.063597783389450058e+02 8.618820145903478647e+01 1.224315726711560046e+02
2.064831299102132505e+02 8.639208052749719968e+01 1.225814043209876587e+02
2.066555134680134813e+02 8.641989337822671757e+01 1.230146604938271651e+02
2.067864758698092089e+02 8.667939814814815236e+01 1.233379278900112297e+02
2.070651655443322170e+02 8.676318742985409926e+01 1.234977904040404013e+02
2.071825547138047057e+02 8.710185185185184764e+01 1.237786195286195294e+02
2.071005190796857391e+02 8.724396745230077954e+01 1.235632365319865329e+02
2.069151936026935914e+02 8.704328002244669449e+01 1.231097432659932593e+02
2.067003717732884525e+02 8.689376402918070141e+01 1.230400883838383805e+02
2.065614127384960739e+02 8.689506172839506348e+01 1.228895903479236864e+02
2.066007996632996537e+02 8.697997334455668295e+01 1.228458894500561200e+02
2.066309974747474882e+02 8.666884118967452366e+01 1.226277707631874279e+02
2.067840558361391743e+02 8.668967452300785226e+01 1.226504629629629619e+02
2.070973274410774536e+02 8.698723344556677262e+01 1.230130120650953955e+02
2.071954615600448903e+02 8.685820005611672912e+01 1.229950897867564521e+02
2.072416877104377022e+02 8.690442620650954098e+01 1.228427679573512847e+02
2.071062008978675522e+02 8.709231200897868064e+01 1.229771324354657622e+02
2.069275042087542147e+02 8.674579124579125278e+01 1.226312780583613886e+02
2.063300014029180716e+02 8.615084876543210157e+01 1.220907337261503898e+02
2.057740600448933890e+02 8.565793350168350173e+01 1.216071478675645352e+02
2.052409511784511835e+02 8.476402918069584302e+01 1.208418911335577945e+02
2.053028198653198615e+02 8.492554012345678416e+01 1.211560044893378176e+02
2.052507014590347865e+02 8.459013748597081417e+01 1.205031916386082997e+02
2.053191287878787818e+02 8.459150533108866910e+01 1.206531285072951789e+02
2.054742213804713913e+02 8.488618827160493652e+01 1.207671156004489319e+02
2.056258417508417438e+02 8.497972783389450058e+01 1.208905723905723875e+02
2.056786966891133659e+02 8.499238916947250289e+01 1.213498877665544313e+02
2.057646254208754328e+02 8.509592452300785226e+01 1.215152216610549942e+02
2.057252384960718246e+02 8.505562570145903578e+01 1.217560325476992205e+02
2.055499438832772228e+02 8.485791947250280032e+01 1.215592382154882216e+02
2.053141484287317553e+02 8.463464506172839208e+01 1.211214225589225606e+02
2.051672629068462470e+02 8.436181257014590074e+01 1.209316428170594833e+02
2.051699985970819284e+02 8.436304012345678416e+01 1.207962261503928119e+02
2.052454405162738453e+02 8.432463524130190535e+01 1.207336910774410796e+02
2.051571618967452366e+02 8.430934343434343248e+01 1.205791596520763136e+02
2.050561517957351327e+02 8.423028900112232975e+01 1.203630050505050519e+02
2.051711560044893474e+02 8.448498877665544171e+01 1.202673260381593678e+02
2.051572671156004617e+02 8.462075617283950635e+01 1.203578493265993217e+02
2.049996141975308603e+02 8.440905583613917429e+01 1.200280232884399538e+02
2.045182730078563509e+02 8.378005751964084880e+01 1.194701178451178407e+02
2.041506383277216514e+02 8.354612093153760100e+01 1.191146184062850750e+02
2.040334595959595845e+02 8.331302609427609696e+01 1.189231200897867495e+02
2.038635662177328811e+02 8.301637906846239900e+01 1.188293700897867495e+02
2.040026304713804848e+02 8.299943883277217083e+01 1.191620019640852917e+02
2.040832982603815822e+02 8.306698933782267602e+01 1.194257154882154879e+02
2.040993616722783486e+02 8.311710858585858830e+01 1.194787808641975317e+02
2.043608305274971997e+02 8.339632435465769333e+01 1.196233164983164983e+02
2.046235620089786664e+02 8.368469416386082571e+01 1.195721450617283921e+02
2.047769360269360277e+02 8.377325336700336322e+01 1.197163299663299654e+02
2.048132716049382793e+02 8.357989618406284649e+01 1.194496352413019054e+02
2.047400392817059469e+02 8.355159231200897807e+01 1.193287738496071881e+02
2.045472432659932736e+02 8.338064674523008080e+01 1.192162948933782332e+02
2.042444935465768765e+02 8.321973204264871526e+01 1.190552749719416425e+02
2.041484988776655314e+02 8.329555976430975761e+01 1.191033599887766599e+02
2.040996422558922632e+02 8.338159371492704963e+01 1.191712962962962905e+02
2.041047629068462470e+02 8.320906986531986149e+01 1.190388959034792435e+02
2.041709806397306295e+02 8.353805415263748557e+01 1.190479447250280600e+02
2.043139029180695729e+02 8.354896184062850750e+01 1.192487023007856379e+02
2.042768308080808026e+02 8.334529320987654444e+01 1.189079685746352482e+02
2.038977272727272805e+02 8.313092732884399538e+01 1.186373106060606091e+02
2.035122404601571304e+02 8.257505611672277723e+01 1.182188902918069573e+02
2.031836770482603924e+02 8.217753928170594691e+01 1.178015923120089781e+02
2.028629699775533197e+02 8.173562008978674953e+01 1.173375771604938222e+02
2.029665404040404155e+02 8.185465768799102193e+01 1.173667929292929273e+02
2.030083122895622978e+02 8.190614478114477492e+01 1.175635521885521939e+02
2.031472713243546480e+02 8.190428591470258368e+01 1.175305134680134671e+02
2.032727974186307449e+02 8.186521464646465063e+01 1.178177609427609411e+02
2.035574494949495090e+02 8.222257295173962177e+01 1.182321829405162674e+02
2.037757435465768765e+02 8.249814113355779455e+01 1.185419472502805860e+02
2.037584525813692551e+02 8.257958052749719968e+01 1.185479447250280600e+02
2.038358235129068419e+02 8.253566919191919737e+01 1.185017887205387268e+02
2.034489337822671189e+02 8.222618546576879339e+01 1.183495019640852917e+02
2.033142887205387126e+02 8.219872334455668295e+01 1.180958193041526414e+02
2.033460648148148096e+02 8.202076318742984995e+01 1.181695777216610566e+02
2.032397937710437645e+02 8.202297278338944864e+01 1.179808150953984267e+02
2.032730429292929273e+02 8.209974747474747403e+01 1.181571618967452366e+02
2.033972362514029157e+02 8.219458473625140016e+01 1.181655092592592524e+02
2.035536616161616053e+02 8.233813832772166563e+01 1.183005751964085306e+02
2.035484357463524248e+02 8.248849607182940247e+01 1.182818462401795756e+02
2.033897306397306295e+02 8.237345679012345556e+01 1.181866933221099885e+02
2.028744739057239030e+02 8.194756593714926396e+01 1.175487864758698038e+02
2.024899340628507218e+02 8.134175084175083725e+01 1.168958684062850750e+02
2.021180906285073036e+02 8.100452441077440824e+01 1.165592382154882216e+02
2.020197109988776560e+02 8.106477974186307733e+01 1.164828493265993217e+02
2.018705457351290704e+02 8.088825757575757791e+01 1.163903268799102193e+02
2.020539071268237876e+02 8.092105078563412235e+01 1.165442269921436633e+02
2.021278058361391743e+02 8.078160072951739323e+01 1.165667438271604937e+02
2.025463664421997692e+02 8.115467171717172334e+01 1.169476711560044890e+02
2.027068251964085164e+02 8.110560465768799077e+01 1.170014730639730658e+02
2.028715628507295037e+02 8.133933080808080263e+01 1.171654741863075202e+02
2.028146745230078523e+02 8.132533670033670603e+01 1.170318111672278292e+02
2.027125771604938222e+02 8.116820987654321584e+01 1.170106972502805860e+02
2.024906705948372689e+02 8.134711700336700346e+01 1.165066287878787818e+02
2.024457070707070727e+02 8.134602974186307733e+01 1.164314674523007795e+02
2.024259960718294167e+02 8.137072109988775992e+01 1.165057519640852917e+02
2.023529741863075060e+02 8.144854797979797922e+01 1.164828142536475895e+02
2.023274060044893474e+02 8.158620931537598153e+01 1.166030092592592524e+02
2.025720398428731812e+02 8.155695847362514428e+01 1.167062991021324336e+02
2.027029671717171766e+02 8.171166526374859984e+01 1.170864548260381639e+02
2.026981972502805718e+02 8.171464646464646364e+01 1.169951248597081985e+02
2.023961489898989896e+02 8.141582491582491343e+01 1.167564884960718246e+02
2.019785704264870958e+02 8.084571408529741632e+01 1.163369809203142466e+02
2.015336700336700346e+02 8.034869528619528012e+01 1.160115390011223298e+02
2.013506242985409642e+02 8.022457210998877031e+01 1.160069795173961893e+02
2.014263818742985279e+02 8.009701178451177839e+01 1.160972572951739608e+02
2.014392536475869804e+02 8.013033108866441978e+01 1.161251052188552251e+02
2.016995650953984409e+02 8.012215909090909349e+01 1.161910774410774394e+02
2.021045173961840646e+02 8.043911335578002308e+01 1.162698162177328811e+02
2.022661335578002308e+02 8.072467732884399538e+01 1.163473625140291858e+02
2.024573863636363740e+02 8.072229236812570718e+01 1.163955176767676818e+02
2.023554994388327657e+02 8.074414281705948326e+01 1.162751122334455687e+02
2.024105639730639723e+02 8.083322811447811773e+01 1.164140011223344544e+02
2.021343995510662239e+02 8.077027216610549942e+01 1.162425996071829388e+02
2.019686097081930427e+02 8.059424102132435053e+01 1.161815025252525260e+02
2.019303451178451212e+02 8.060072951739618929e+01 1.162883347362514002e+02
2.019840067340067264e+02 8.087191358024691112e+01 1.163415053310886691e+02
2.021595117845117784e+02 8.081762065095398384e+01 1.167608726150392755e+02
2.022433010662177253e+02 8.061370650953983841e+01 1.170353184624017899e+02
2.024162808641975175e+02 8.064436026936026281e+01 1.171269991582491627e+02
2.025584666105499423e+02 8.068700897867564947e+01 1.174799733445566829e+02
2.022976641414141454e+02 8.042073512906846133e+01 1.171242634680134671e+02
2.018702300785634236e+02 7.984722222222222854e+01 1.164182098765432158e+02
2.015870861391694859e+02 7.972755331088664832e+01 1.158241792929292870e+02
2.013898358585858546e+02 7.963573232323231821e+01 1.155422278338945006e+02
2.013343855218855083e+02 7.968371212121212466e+01 1.155206228956228927e+02
2.013662317620650981e+02 7.976883417508418006e+01 1.156655092592592524e+02
2.015827721661055136e+02 7.994476010101010388e+01 1.158016624579124567e+02
2.016351711560045032e+02 8.008291245791245672e+01 1.160525392817059469e+02
2.017068602693602770e+02 8.030660774410775105e+01 1.162129278900112297e+02
2.020322671156004617e+02 8.028570426487092959e+01 1.163576038159371535e+02
2.019442340067340069e+02 8.045363355780023085e+01 1.163833122895622836e+02
2.018866442199775406e+02 8.045254629629629051e+01 1.163211980920314232e+02
2.018183221099887703e+02 8.048477833894500577e+01 1.162429854096520785e+02
2.017770061728394921e+02 8.035791947250280032e+01 1.160820356341189665e+02
2.016082351290684755e+02 8.035118546576879339e+01 1.159889870931537530e+02
2.017226080246913682e+02 8.038527637485971411e+01 1.160831228956228927e+02
2.018789281705948326e+02 8.058624438832772796e+01 1.160132225028058315e+02
2.020232533670033774e+02 8.082929994388327088e+01 1.158189534231200923e+02
2.022534722222222285e+02 8.106323653198653290e+01 1.161223344556677830e+02
2.021171085858585741e+02 8.076115319865320430e+01 1.158577441077441108e+02
2.019019009539842955e+02 8.052034231200897807e+01 1.155151164421997692e+02
2.014486882716049365e+02 8.006912878787878185e+01 1.148707561728395063e+02
2.010092592592592666e+02 7.970647446689113735e+01 1.146082351290684613e+02
2.008445566778900115e+02 7.955022446689113735e+01 1.143314043209876587e+02
2.009437780583614028e+02 7.955527497194164255e+01 1.144988075196408488e+02
2.009315375982042724e+02 7.943209876543210157e+01 1.144719767115600462e+02
2.011417297979797922e+02 7.956092171717172334e+01 1.147736742424242493e+02
2.012874929854096422e+02 7.971099887766554559e+01 1.152475098204264867e+02
2.013431888327721708e+02 8.008894500561167717e+01 1.152845819304152570e+02
2.012627314814814952e+02 8.009069865319865755e+01 1.153800154320987588e+02
2.012901234567901270e+02 8.016259820426486726e+01 1.153482393378226760e+02
2.014118967452300808e+02 7.995454545454545325e+01 1.155387556116722720e+02
2.012276234567901270e+02 7.975634820426486726e+01 1.154628226711560046e+02
2.011947250280583717e+02 7.967659231200897807e+01 1.153525182379349019e+02
2.013408740179573613e+02 7.982235549943882802e+01 1.156590558361391743e+02
2.013526936026935914e+02 7.971934624017957560e+01 1.156494458473625144e+02
2.015360549943883370e+02 7.977377946127946018e+01 1.156915684624017899e+02
2.017282196969696884e+02 7.974996492704825357e+01 1.157896324354657622e+02
2.019631032547699192e+02 8.003019781144780609e+01 1.161635451739618361e+02
2.019116161616161662e+02 7.987086139169473142e+01 1.160071198092031466e+02
2.015730569584736145e+02 7.939158950617283494e+01 1.157027216610549942e+02
2.010408599887766457e+02 7.899158249158249134e+01 1.149533880471380485e+02
2.007440726711560046e+02 7.866280864197530320e+01 1.146288229517396218e+02
2.005331088664422055e+02 7.851939534231200923e+01 1.145291456228956264e+02
2.006281214927048211e+02 7.854117564534230667e+01 1.144342382154882216e+02
2.006668420314253751e+02 7.845026655443322738e+01 1.142840558361391743e+02
2.007680625701459007e+02 7.853030303030303116e+01 1.144822180134680139e+02
2.008793139730639723e+02 7.869556677890011542e+01 1.148493967452300808e+02
2.010061728395061778e+02 7.890439113355779455e+01 1.151397657126823759e+02
2.010535914702581408e+02 7.877339365881032052e+01 1.152541035353535364e+02
2.010742845117844979e+02 7.877265712682378762e+01 1.152828633557800231e+02
2.011280162738495960e+02 7.881032547699214774e+01 1.151757505611672343e+02
2.011173190235690242e+02 7.894251543209875877e+01 1.148387345679012412e+02
2.009791666666666572e+02 7.890849466891133090e+01 1.146190726711560046e+02
2.010048049943883370e+02 7.885711279461278878e+01 1.145509259259259238e+02
2.011170384399551097e+02 7.895942059483725473e+01 1.146548120089786806e+02
2.011595117845117784e+02 7.926641414141414543e+01 1.149267326038159354e+02
2.011557589786756353e+02 7.930555555555555713e+01 1.150418069584736287e+02
2.013146394500561200e+02 7.952300785634119507e+01 1.154057589786756495e+02
2.014161405723905602e+02 7.956863776655443132e+01 1.154846029741863020e+02
2.014524761503928119e+02 7.958129910213243363e+01 1.155328282828282767e+02
2.010258136924803694e+02 7.924947390572390304e+01 1.150642887205387268e+02
2.006970749158249134e+02 7.885086980920314659e+01 1.147176978114478061e+02
2.002953142536475752e+02 7.828307379349045902e+01 1.142171015712682447e+02
2.002151024130190820e+02 7.798828563411896653e+01 1.139070917508417438e+02
2.001190726711560046e+02 7.777125420875421469e+01 1.138342101571268188e+02
2.003004699775533197e+02 7.776508136924803694e+01 1.139081439393939377e+02
2.004126683501683601e+02 7.783898007856340939e+01 1.141338033108866483e+02
2.004463734567901270e+02 7.803549382716049365e+01 1.142124017957351327e+02
2.005442620650954098e+02 7.800347222222222854e+01 1.143305625701459007e+02
2.006199494949495090e+02 7.821629489337823316e+01 1.145600799663299654e+02
2.006173190235690242e+02 7.836542508417508657e+01 1.145278829966329965e+02
2.005811938832772228e+02 7.831783108866441978e+01 1.144927398989898961e+02
2.005367564534231235e+02 7.846492704826037823e+01 1.144669963524130196e+02
2.005796506734006641e+02 7.849326599326599307e+01 1.144582281144781177e+02
2.004697320426487011e+02 7.840544332210998846e+01 1.145787037037037095e+02
2.006427819865319861e+02 7.846261223344556868e+01 1.145300575196408488e+02
2.006071478675645210e+02 7.856719977553311196e+01 1.144375701459034786e+02
2.008264941077441108e+02 7.861510942760942555e+01 1.143747194163860854e+02
2.010020342312008950e+02 7.878247755331088342e+01 1.146191428170594833e+02
2.010630611672278292e+02 7.876921997755330551e+01 1.147484567901234556e+02
2.011943041526374998e+02 7.891919191919191690e+01 1.147965418069584729e+02
2.012252034231200923e+02 7.891901655443322738e+01 1.151168981481481524e+02
2.013887135241301962e+02 7.891719276094275415e+01 1.152846520763187499e+02
2.015254980359146941e+02 7.892971380471379916e+01 1.154361321548821593e+02
2.011052890011223440e+02 7.851858866442199769e+01 1.149124929854096564e+02
2.005923470819304271e+02 7.815758277216610850e+01 1.145182730078563367e+02
2.001132154882155021e+02 7.783382435465769333e+01 1.139476010101010104e+02
1.998189884960718246e+02 7.746980218855219391e+01 1.135303731762065098e+02
1.999039702581369227e+02 7.749270482603816390e+01 1.136255260942760970e+02
1.999289071268237876e+02 7.763741582491581994e+01 1.136521815375982101e+02
1.998511503928170612e+02 7.758554292929292728e+01 1.136546366442199769e+02
1.999629980359146941e+02 7.764239618406284649e+01 1.136973905723905744e+02
2.001654391133557738e+02 7.786798540965207849e+01 1.140374579124579100e+02
2.001671576879910219e+02 7.773000841750841516e+01 1.140843855218855225e+02
2.001568813131313220e+02 7.787370230078563793e+01 1.139847432659932593e+02
2.003384890572390589e+02 7.795914001122334014e+01 1.140620089786756495e+02
2.003674593153759815e+02 7.774291526374859984e+01 1.138523428731762124e+02
2.003702651515151558e+02 7.781474466891133090e+01 1.138921857463524105e+02
2.004315375982042724e+02 7.780285493827160792e+01 1.137797067901234556e+02
2.003891343995510681e+02 7.778296857463524816e+01 1.137304292929292870e+02
2.005222713243546480e+02 7.777956649831649827e+01 1.139425505050505052e+02
2.006387836700336607e+02 7.797909652076319276e+01 1.141346801346801385e+02
2.006914983164983255e+02 7.795037177328843825e+01 1.142883698092031466e+02
2.007952791806958430e+02 7.811304012345678416e+01 1.143973765432098730e+02
2.009514941077441108e+02 7.815351430976430436e+01 1.144093364197530889e+02
2.008935535914702655e+02 7.833764730639730089e+01 1.147338664421997692e+02
2.009259960718294167e+02 7.845363355780023085e+01 1.149181748035914694e+02
2.010729517396184178e+02 7.867476851851851904e+01 1.150093294051627453e+02
2.010335297418630773e+02 7.880032968574634822e+01 1.150569584736251443e+02
2.011019219977553405e+02 7.877584876543210157e+01 1.151852202581369227e+02
2.009447601010101039e+02 7.850736531986531475e+01 1.150096801346801385e+02
2.007849677328844109e+02 7.809981762065095268e+01 1.146139870931537530e+02
2.002622404601571304e+02 7.738580246913579685e+01 1.142039842873176241e+02
1.999067760942760970e+02 7.694198933782267602e+01 1.135965207631874279e+02
1.996614407968574767e+02 7.658270202020202078e+01 1.132849326599326645e+02
1.995834034792368072e+02 7.649880751964084880e+01 1.132138047138047199e+02
1.996327511223344686e+02 7.650754068462401847e+01 1.132216961279461316e+02
1.996274200336700346e+02 7.656155303030303116e+01 1.133871352413019054e+02
1.997547699214365764e+02 7.669609287317621238e+01 1.135099256453423067e+02
1.998694234006734121e+02 7.687310606060606233e+01 1.135999579124579100e+02
1.999127034231200923e+02 7.707133838383838054e+01 1.137167859147025837e+02
1.999101430976431004e+02 7.716245791245790997e+01 1.137281495510662239e+02
1.997714997194163971e+02 7.707095258136925509e+01 1.137343574635241339e+02
1.997836700336700346e+02 7.698698793490460446e+01 1.134473905723905744e+02
1.996644219977553405e+02 7.692873176206509811e+01 1.134437079124579100e+02
1.996294191919191974e+02 7.677346380471379916e+01 1.132022657126823759e+02
1.997878437149270496e+02 7.666750841750841516e+01 1.133343153759820439e+02
1.999403058361391743e+02 7.675585718294051674e+01 1.130782828282828234e+02
1.999873737373737299e+02 7.661896745230077954e+01 1.130188341750841801e+02
2.000260241301907911e+02 7.681786616161616621e+01 1.130014379910213194e+02
2.000128016273849596e+02 7.685097502805835745e+01 1.131824144219977484e+02
2.000043841189674652e+02 7.695914001122334014e+01 1.132769009539842813e+02
2.001211069023568996e+02 7.711563552188552251e+01 1.133505190796857534e+02
2.001569163860830542e+02 7.704675224466890882e+01 1.135171156004489319e+02
2.003386293490460162e+02 7.723148148148148096e+01 1.136171787317620669e+02
2.002768658810325348e+02 7.733133417508418006e+01 1.136101641414141454e+02
2.002119107744107680e+02 7.744009539842873835e+01 1.134070566778900115e+02
1.999789913019079677e+02 7.723344556677889727e+01 1.132581018518518476e+02
1.995346170033670035e+02 7.682060185185184764e+01 1.127112443883277280e+02
1.991355920314253751e+02 7.640775813692479801e+01 1.124994388327721708e+02
1.989834806397306295e+02 7.639902497194164255e+01 1.123627595398428696e+02
1.992684483726150404e+02 7.645202020202020776e+01 1.125002805836139146e+02
1.992522095959595845e+02 7.627633978675645210e+01 1.124976150392817118e+02
1.994564393939394051e+02 7.634227693602693421e+01 1.127274130190796910e+02
1.995240249719416283e+02 7.647253787878787534e+01 1.129892326038159354e+02
1.996520412457912528e+02 7.683452581369247980e+01 1.129760451739618361e+02
1.996093925364758661e+02 7.701311728395062062e+01 1.130394570707070727e+02
1.996628787878787818e+02 7.725238496071828820e+01 1.131831158810325491e+02
1.996967592592592666e+02 7.719802188552188227e+01 1.131490600448933748e+02
1.995977483164983255e+02 7.721734708193041286e+01 1.130674803591470265e+02
1.996951809764309758e+02 7.704306958473624434e+01 1.132498947811447749e+02
1.997615039281705833e+02 7.705780022446688804e+01 1.133926416947250289e+02
1.998596731200897807e+02 7.700690937149271065e+01 1.135576599326599307e+02
2.001609497755331120e+02 7.733322811447811773e+01 1.138782968574635248e+02
2.004782196969696884e+02 7.780169753086420315e+01 1.139794472502805860e+02
2.010286896745230081e+02 7.818209876543210157e+01 1.145439814814814810e+02
2.013400322671155891e+02 7.835704264870931013e+01 1.147567690796857534e+02
2.018205317059483832e+02 7.908154461279461600e+01 1.153513257575757507e+02
2.023195847362514144e+02 7.959080387205386842e+01 1.158783670033670035e+02
2.025467171717171766e+02 8.036661756453423777e+01 1.163611461840628465e+02
2.031361181257014721e+02 8.148993406285073604e+01 1.173406635802469111e+02
2.030677258698092089e+02 8.146731200897868064e+01 1.175814043209876587e+02
2.020730218855218823e+02 8.051094276094275415e+01 1.165173260381593678e+02
2.018404882154882216e+02 8.042848625140291574e+01 1.162590137485970843e+02
2.016085858585858546e+02 8.025925925925925242e+01 1.161396254208754186e+02
2.011168630751964201e+02 7.953135521885522508e+01 1.157118406285072894e+02
2.007415474186307449e+02 7.907698512906846133e+01 1.157277286756453378e+02
2.005426136363636260e+02 7.864513187429854213e+01 1.155986602132435479e+02
2.008434694163860854e+02 7.899137205387205540e+01 1.160434553872053840e+02
2.011513047138047057e+02 7.932677469135802539e+01 1.164681888327721708e+02
2.011168630751964201e+02 7.945019640852974874e+01 1.163172348484848442e+02
2.008670735129068419e+02 7.931916386083052828e+01 1.159942831088664406e+02
2.010559764309764432e+02 7.960795454545454675e+01 1.163023639169472432e+02
2.012740951178451212e+02 7.991985830527497114e+01 1.165452791806958430e+02
2.012458263187429850e+02 7.966764870931537246e+01 1.164926697530864175e+02
2.011546717171717091e+02 7.963720538720538400e+01 1.161784161054994371e+02
2.010747404601571304e+02 7.948747895622895498e+01 1.161930765993266021e+02
2.014221380471380485e+02 7.981786616161616621e+01 1.166270342312008950e+02
2.014279601571268188e+02 7.982431958473624434e+01 1.165798611111111143e+02
2.013722643097643186e+02 7.989758698092030897e+01 1.164506874298540993e+02
2.014476360830527426e+02 7.987843714927048211e+01 1.165241652637485998e+02
2.016627034231200923e+02 8.011605639730639439e+01 1.168410844556677830e+02
2.018447320426487011e+02 8.029861111111111427e+01 1.170703914141414117e+02
2.018079054433221131e+02 8.037973484848484418e+01 1.171425014029180716e+02
2.019336770482603924e+02 8.042922278338944864e+01 1.171740319865319861e+02
2.021682800224466803e+02 8.057663439955106810e+01 1.175905583613917003e+02
2.021420805274971997e+02 8.075091189674523662e+01 1.174738005050505052e+02
2.019113355780022516e+02 8.042953843995510965e+01 1.170489969135802539e+02
2.013159722222222285e+02 7.987373737373737015e+01 1.166949705387205398e+02
2.010117845117844979e+02 7.946299803591470834e+01 1.163096590909090935e+02
2.008090277777777715e+02 7.932442480359146941e+01 1.160240951178451212e+02
2.006493055555555429e+02 7.932330246913579685e+01 1.158764029180695871e+02
2.007377595398428696e+02 7.937542087542087188e+01 1.159856902356902424e+02
2.006076038159371535e+02 7.931470959595959869e+01 1.157579264870931581e+02
2.007565937149270496e+02 7.929275392817059753e+01 1.158453633557800231e+02
2.011005892255892320e+02 7.948818041526375566e+01 1.164435325476992205e+02
2.013029952300785510e+02 7.925115740740740478e+01 1.167987864758698038e+02
2.013231972502805718e+02 7.905239898989898961e+01 1.167908599887766599e+02
2.013587962962963047e+02 7.907709034792368641e+01 1.168599537037037095e+02
2.012898078002244802e+02 7.905467873176206695e+01 1.169487233445566829e+02
2.012304292929293013e+02 7.906264029180695729e+01 1.168017676767676818e+02
2.012763047138047057e+02 7.922351992143659061e+01 1.161992143658810335e+02
2.012763047138047057e+02 7.938373316498316967e+01 1.162115600448933748e+02
2.012351290684624132e+02 7.948320005611672912e+01 1.161605289001122401e+02
2.014055134680134813e+02 7.955538019079685341e+01 1.163217241863075202e+02
2.014821829405162816e+02 7.989281705948373258e+01 1.165001753647587037e+02
2.016103395061728349e+02 8.003875561167227204e+01 1.165032968574635248e+02
2.017058080808080831e+02 8.013913439955106810e+01 1.166384680134680139e+02
2.018089927048260392e+02 8.039790263748596999e+01 1.167069304152637557e+02
2.018296506734006641e+02 8.057070707070707272e+01 1.168681607744107680e+02
2.018483796296296191e+02 8.065905583613917429e+01 1.169265572390572459e+02
2.020470328282828234e+02 8.066210718294051674e+01 1.171382225028058315e+02
2.022723765432098730e+02 8.079033389450056291e+01 1.173865039281705975e+02
2.019581579685746249e+02 8.043297558922559176e+01 1.170773358585858546e+02
2.014794472502805718e+02 7.996436588103254905e+01 1.166282267115600462e+02
2.012000561167227772e+02 7.946359427609426973e+01 1.162259750280583575e+02
2.009817971380471420e+02 7.917147166105499423e+01 1.159346590909090935e+02
2.009278198653198615e+02 7.903482744107743940e+01 1.159473204264870958e+02
2.010752665544332274e+02 7.912938411896745095e+01 1.159619107744107680e+02
2.010537668350168303e+02 7.913713524130190535e+01 1.158672488776655456e+02
2.012121562850729504e+02 7.940667087542087188e+01 1.160702861952862008e+02
2.014276445005611720e+02 7.939965628507295037e+01 1.162365319865319861e+02
2.015821759259259238e+02 7.966831509539842671e+01 1.163570426487093101e+02
2.015792297979797922e+02 7.957659932659932167e+01 1.162781285072951789e+02
2.014974396745230081e+02 7.964951599326599307e+01 1.163137275533108834e+02
2.015052609427609411e+02 7.985511363636364024e+01 1.165327581369247980e+02
2.014817269921436491e+02 7.969311167227833437e+01 1.163657056677890012e+02
2.014141063411896653e+02 7.959620510662176684e+01 1.161015712682379331e+02
2.012961209315375868e+02 7.958375420875421469e+01 1.159936517957351327e+02
2.014064955106621824e+02 7.960549943883276569e+01 1.162113145342312066e+02
2.015275322671155891e+02 7.978777356902357099e+01 1.165278829966329965e+02
2.015664983164983255e+02 8.000599747474747403e+01 1.165578002244668880e+02
2.016228956228956122e+02 7.995131874298540708e+01 1.164447601010101039e+02
2.017680625701459007e+02 8.012415824915825624e+01 1.166977062289562355e+02
2.019246632996633082e+02 8.032670454545454675e+01 1.169260662177328811e+02
2.020706719977553405e+02 8.040221661054994229e+01 1.168732463524130196e+02
2.021951459034792435e+02 8.007901936026935630e+01 1.169447601010101039e+02
2.023351571268237876e+02 8.011339085297419160e+01 1.173382435465768765e+02
2.024299242424242493e+02 8.029885662177328243e+01 1.174706439393939377e+02
2.020787738496071881e+02 7.997309904601571873e+01 1.171137415824915848e+02
2.014625070145903578e+02 7.943111672278338631e+01 1.165182379349046045e+02
2.012192760942760970e+02 7.914344837261504040e+01 1.162467732884399538e+02
2.009980008417508373e+02 7.892999438832772796e+01 1.159409722222222285e+02
2.009587542087542147e+02 7.899712401795734706e+01 1.159160353535353494e+02
2.010057870370370381e+02 7.913969556677889727e+01 1.160619388327721708e+02
2.009338173400673497e+02 7.907572250280583148e+01 1.158446618967452366e+02
2.012419332210998846e+02 7.929142115600448903e+01 1.159971240179573471e+02
2.014434624017957276e+02 7.963994107744107964e+01 1.161806257014590358e+02
2.016425364758698038e+02 7.953812429854096422e+01 1.163230569584736287e+02
2.016589155443322170e+02 7.970517676767676107e+01 1.163293350168350173e+02
2.016822039842873266e+02 7.991308922558923200e+01 1.163727202581369227e+02
2.014835157126823901e+02 7.984090909090909349e+01 1.163902216610549942e+02
2.013276515151515014e+02 7.975536616161616621e+01 1.162620650953984267e+02
2.013853114478114605e+02 7.993139730639730089e+01 1.162644149831649827e+02
2.014100378787878753e+02 7.988268097643097576e+01 1.161992845117845121e+02
2.014450056116722862e+02 7.983806818181818699e+01 1.163512205387205398e+02
2.016475168350168303e+02 8.005155723905724585e+01 1.164954054433221131e+02
2.019784301346801385e+02 8.026708052749719968e+01 1.167359708193041570e+02
2.018609006734006641e+02 8.008620931537598153e+01 1.166506032547699192e+02
2.019377455106621824e+02 8.039260662177328243e+01 1.168067831088664406e+02
2.021997404601571304e+02 8.081214927048260677e+01 1.171723134118967522e+02
2.022323232323232389e+02 8.073519921436587765e+01 1.173147446689113309e+02
2.023179012345678984e+02 8.066729797979797922e+01 1.172967171717171766e+02
2.023140081369247980e+02 8.088734567901234129e+01 1.174493546576879908e+02
2.020954335016834875e+02 8.067427749719416852e+01 1.172631172839506206e+02
2.016611952861952943e+02 7.990502244668911658e+01 1.165426136363636402e+02
2.014062500000000000e+02 7.940014730639730089e+01 1.162740951178451212e+02
2.012329896184062932e+02 7.910655162738495960e+01 1.159760101010101039e+02
2.013293700897867495e+02 7.908729657687990766e+01 1.161333824354657622e+02
2.013603745791245672e+02 7.910234287317621238e+01 1.162024410774410796e+02
2.014358164983165125e+02 7.953630050505050519e+01 1.162166105499438800e+02
2.014647516835016745e+02 7.989218574635241055e+01 1.161103044332211027e+02
2.016350659371492782e+02 8.019248035914702655e+01 1.163171647025813655e+02
2.018384890572390589e+02 8.054149130190796768e+01 1.165353535353535364e+02
2.019971240179573613e+02 8.073660213243546480e+01 1.165862794612794602e+02
2.019693813131313220e+02 8.049863215488215928e+01 1.166460437710437645e+02
2.018148498877665418e+02 8.030299523007856521e+01 1.166167929292929273e+02
2.018553240740740762e+02 8.036223344556677262e+01 1.166847643097643044e+02
2.018686167227834005e+02 8.021966189674523662e+01 1.165498386644219977e+02
2.017931046576879908e+02 8.020717592592592382e+01 1.166866933221099885e+02
2.017902988215488165e+02 8.013005050505050519e+01 1.165520131874298499e+02
2.019157196969696884e+02 8.033817340067339785e+01 1.168678100448933748e+02
2.021854657687991050e+02 8.037324635241301962e+01 1.170701459034792435e+02
2.023178310886644340e+02 8.049007435465769333e+01 1.171998456790123413e+02
2.024159652076318707e+02 8.046117424242424931e+01 1.172002665544332274e+02
2.025149761503928119e+02 8.075049102132435053e+01 1.175356341189674509e+02
2.026737514029180716e+02 8.106762065095398384e+01 1.177876683501683459e+02
2.027034581930415129e+02 8.106537598204265294e+01 1.178840488215488165e+02
2.027347432659932736e+02 8.118879769921436207e+01 1.180675855780022516e+02
2.024711700336700346e+02 8.095921015712681879e+01 1.176374158249158199e+02
2.018262836700336607e+02 8.034325897867564947e+01 1.168299312570145929e+02
2.015903128507295037e+02 8.002269219977553405e+01 1.162413019079685768e+02
2.014407968574635106e+02 7.993862233445567256e+01 1.160304433221099885e+02
2.014090207631874421e+02 7.988639870931537246e+01 1.157558922558922490e+02
2.014103886083052828e+02 7.995885942760942555e+01 1.158233375420875433e+02
2.017811097081930427e+02 7.990200617283950635e+01 1.160915754769921477e+02
2.019220679012345556e+02 7.998312991021325047e+01 1.163396815375982101e+02
2.021949354657687934e+02 8.013359287317621238e+01 1.167549102132435479e+02
2.023732463524130196e+02 8.032354797979797922e+01 1.171036756453423067e+02
2.024633136924803694e+02 8.044563692480359407e+01 1.171348554994388280e+02
2.026394500561167149e+02 8.075094696969696884e+01 1.172152427048260392e+02
2.025321969696969688e+02 8.050554152637485572e+01 1.170968364197530889e+02
2.023463804713804848e+02 8.053493265993266448e+01 1.169791315937149250e+02
2.022924733445566687e+02 8.067957351290684187e+01 1.167901936026936056e+02
2.022559624017957276e+02 8.056509539842873835e+01 1.168163229517396218e+02
2.023042929292929273e+02 8.093427328843995383e+01 1.168425224466891166e+02
2.024263468013467957e+02 8.103798400673400693e+01 1.168441007295173932e+02
2.024943181818181870e+02 8.127037738496072450e+01 1.168780513468013424e+02
2.027952791806958430e+02 8.138092732884399538e+01 1.170088383838383805e+02
2.029026725589225464e+02 8.150028058361391459e+01 1.171717522446689088e+02
2.030941007295174074e+02 8.181593714927048211e+01 1.175098204264870958e+02
2.031709455667788973e+02 8.204822530864197461e+01 1.177065095398428696e+02
2.031561447811447749e+02 8.209441638608305425e+01 1.175593083613917003e+02
2.027222222222222285e+02 8.155289001122334014e+01 1.171840277777777715e+02
2.021640712682379331e+02 8.103244248035915120e+01 1.165870510662177395e+02
2.018429433221099885e+02 8.035830527497193998e+01 1.162987864758698038e+02
2.016350659371492782e+02 8.013773148148148096e+01 1.160099607182940531e+02
2.016619318181818130e+02 8.027700617283950635e+01 1.160445777216610566e+02
2.016896394500561200e+02 8.021173540965207849e+01 1.160227974186307449e+02
2.018698442760942839e+02 8.031499017957351327e+01 1.162577160493827222e+02
2.022256944444444571e+02 8.051357323232323893e+01 1.167695356341189665e+02
2.025137485970819284e+02 8.066561447811447749e+01 1.170632365319865329e+02
2.026929012345678984e+02 8.082849326599325934e+01 1.172352342873176241e+02
2.029420244107744224e+02 8.109659090909090651e+01 1.175132926487093101e+02
2.030034371492704963e+02 8.105836139169473142e+01 1.175521534792368072e+02
2.026697530864197461e+02 8.099586139169473142e+01 1.173185325476992205e+02
2.025944163860830542e+02 8.099494949494949481e+01 1.172067550505050519e+02
2.024376753647586895e+02 8.085676206509539554e+01 1.170742143658810335e+02
2.023599887766554559e+02 8.089520202020202078e+01 1.171766975308642031e+02
2.025376332772165995e+02 8.117034932659932167e+01 1.172114898989898961e+02
2.026875701459034929e+02 8.113534652076319276e+01 1.174274691358024683e+02
2.027367073512906757e+02 8.107915965207631359e+01 1.176674382716049365e+02
2.028166736812570150e+02 8.107765151515151558e+01 1.177187500000000000e+02
2.031841680695847288e+02 8.130004910213243363e+01 1.180277777777777715e+02
2.033397867564534351e+02 8.144377805836138862e+01 1.181446408529741916e+02
2.031459736251403001e+02 8.124116161616161946e+01 1.179613846801346853e+02
2.026466049382715937e+02 8.084290824915825624e+01 1.173374368686868650e+02
2.023108164983165125e+02 8.048162177328843825e+01 1.169593855218855225e+02
2.020688482042648673e+02 8.011749438832772796e+01 1.167697460718294025e+02
2.019766414141414259e+02 7.980159231200897807e+01 1.164783249158249134e+02
2.020845608866442262e+02 7.987454405162738169e+01 1.165892255892255918e+02
2.021959175084174944e+02 8.033491161616161946e+01 1.168150603254769919e+02
2.022921576879910219e+02 8.034164562289562639e+01 1.168497474747474740e+02
2.024601921997755198e+02 8.074067059483725473e+01 1.170358445566778869e+02
2.026480429292929273e+02 8.099810606060606233e+01 1.172637135241301962e+02
2.029567550505050519e+02 8.125866301907969103e+01 1.177834245230078523e+02
2.029562640291806872e+02 8.118188832772166563e+01 1.177109638047137992e+02
2.029428310886644340e+02 8.105569584736251443e+01 1.178823302469135825e+02
2.028901865881032620e+02 8.108101851851851904e+01 1.177261153198653147e+02
2.025145552749719400e+02 8.071124438832772796e+01 1.173289141414141454e+02
2.024431467452300808e+02 8.052135942760942555e+01 1.172167157687991050e+02
2.026802749719416283e+02 8.095419472502806002e+01 1.175534511784511835e+02
2.026235269360269342e+02 8.096415544332211311e+01 1.175605359147025837e+02
2.026014660493827080e+02 8.091666666666667140e+01 1.175193953423120092e+02
2.029541596520763278e+02 8.118876262626262985e+01 1.178375070145903436e+02
2.031304012345678984e+02 8.136444304152637130e+01 1.177396184062850750e+02
2.030662528058361431e+02 8.137822671156004617e+01 1.174313622334455687e+02
2.027722713243546480e+02 8.080622194163861138e+01 1.170584666105499423e+02
2.023135521885521939e+02 8.062342171717172334e+01 1.165625000000000000e+02
2.018192340067340069e+02 8.001283670033670603e+01 1.160803521324354648e+02
2.014485129068462470e+02 7.960525392817059753e+01 1.158251262626262559e+02
2.014461980920314375e+02 7.972990319865320430e+01 1.162314113355780023e+02
2.013585507856341223e+02 7.968301066217732398e+01 1.160684974747474740e+02
2.013936588103254905e+02 7.966161616161616621e+01 1.161188622334455687e+02
2.016857814253647518e+02 8.003440656565656752e+01 1.164540544332211027e+02
2.019874789562289550e+02 8.024989478114477492e+01 1.167793560606060623e+02
2.020108024691357969e+02 8.034560886644220545e+01 1.168159722222222285e+02
2.022569795173961893e+02 8.036745931537598153e+01 1.169989127384960739e+02
2.024252946127946018e+02 8.048390151515151558e+01 1.171112514029180716e+02
2.024333964646464779e+02 8.056334175084174376e+01 1.171460788439955110e+02
2.021758557800224594e+02 8.019693462401795614e+01 1.168865390011223298e+02
2.019954755892255776e+02 8.016817480359146941e+01 1.166297348484848442e+02
2.020142746913580254e+02 8.008670033670033206e+01 1.167768308080808026e+02
2.020793700897867495e+02 8.016656144781144633e+01 1.168724396745230081e+02
2.021620019640853059e+02 8.025845258136925509e+01 1.167477553310886691e+02
2.023204264870931581e+02 8.077044753086420315e+01 1.170051907968574625e+02
2.022074565095398384e+02 8.060918209876543017e+01 1.168259329405162674e+02
2.025229727833894628e+02 8.105106621773288111e+01 1.173168139730639723e+02
2.022716049382715937e+02 8.071769781144780609e+01 1.170531705948372547e+02
2.015939253647586895e+02 8.006225448933781763e+01 1.161912528058361431e+02
2.013293700897867495e+02 7.952230639730639439e+01 1.157104026374859700e+02
2.012125070145903578e+02 7.904815516273849596e+01 1.156076388888888857e+02
2.010224817620650981e+02 7.866663159371492497e+01 1.153922208193041570e+02
2.011311728395061778e+02 7.870949074074074758e+01 1.155265852974186345e+02
2.011940235690235568e+02 7.880930836139170026e+01 1.157457561728395063e+02
2.013467662738495960e+02 7.893409792368125011e+01 1.157134890572390589e+02
2.015232884399551097e+02 7.930004910213243363e+01 1.160388959034792435e+02
2.016814674523007795e+02 7.938657407407407618e+01 1.161828703703703667e+02
2.018336840628507218e+02 7.950052609427609696e+01 1.163530794051627453e+02
2.018586560044893474e+02 7.959367985409652135e+01 1.161641063411896795e+02
2.018575687429854213e+02 7.974747474747475451e+01 1.162707281144781177e+02
2.016258066778900115e+02 7.978156565656566102e+01 1.160460507856341223e+02
2.015110129068462470e+02 7.967732884399551097e+01 1.159176136363636402e+02
2.013349116161616053e+02 7.968423821548822161e+01 1.158128156565656610e+02
2.014608585858585741e+02 7.968960437710437361e+01 1.160382295173961893e+02
2.016189674523007795e+02 7.984999298540965640e+01 1.162102623456790127e+02
2.017144009539842955e+02 8.016761363636364024e+01 1.164273989898989896e+02
2.017485269360269342e+02 8.021415544332211311e+01 1.162992774971941685e+02
2.019559483726150404e+02 8.037910353535353636e+01 1.163618125701459007e+02
2.020406846240179561e+02 8.049768518518519045e+01 1.165101711560044890e+02
2.017878787878787818e+02 7.981513047138047057e+01 1.162723765432098730e+02
2.012866863075196306e+02 7.915172558922559176e+01 1.155426837822671189e+02
2.010047348484848442e+02 7.874530022446688804e+01 1.152703423120089781e+02
2.007199775533108834e+02 7.831684904601571873e+01 1.150309694163860854e+02
2.008025042087542147e+02 7.842974887766554559e+01 1.151543560606060623e+02
2.008134118967452366e+02 7.837338664421997692e+01 1.151293841189674509e+02
2.007656074635241339e+02 7.838832772166105656e+01 1.151425715488215502e+02
2.010906986531986433e+02 7.875925925925925242e+01 1.156634048821548788e+02
2.014416035353535221e+02 7.902269219977553405e+01 1.159072671156004475e+02
2.015343013468013567e+02 7.907081228956228358e+01 1.159441989337822605e+02
2.015771254208754328e+02 7.928910634118967948e+01 1.161238075196408488e+02
2.017791105499438800e+02 7.937478956228956406e+01 1.164048120089786806e+02
2.015785984848484986e+02 7.929313973063973719e+01 1.163349116161616195e+02
2.014338524130190820e+02 7.920493125701459292e+01 1.161013959034792435e+02
2.013425224466891166e+02 7.915628507295174643e+01 1.161526024130190820e+02
2.012778829966329965e+02 7.915477693602693421e+01 1.159942831088664406e+02
2.014637345679012412e+02 7.948758417508418006e+01 1.161356621773288396e+02
2.016168280022446595e+02 7.952265712682378762e+01 1.161757505611672343e+02
2.016419402356902424e+02 7.960325476992143479e+01 1.162141905162738453e+02
2.018345258136924940e+02 7.970349326599325934e+01 1.163861181257014579e+02
2.019545805274971997e+02 7.978026795735128474e+01 1.166705948372615040e+02
2.020000701459034929e+02 7.982712542087541863e+01 1.166715067340067407e+02
2.015995019640853059e+02 7.931874298540965640e+01 1.161158810325477049e+02
2.010165544332211027e+02 7.856741021324354790e+01 1.154649621212121247e+02
2.006448863636363740e+02 7.807915965207631359e+01 1.151199144219977484e+02
2.005643588664422055e+02 7.792743406285073604e+01 1.150424382716049365e+02
