2.224545415262293773e+02 3.281280788177340213e+01 9.814419669864315665e+01
2.227566329617146437e+02 3.312518364877711718e+01 9.864532019704434163e+01
2.228443522599602318e+02 3.325633048137585490e+01 9.874155215625269477e+01
2.227302307492870170e+02 3.319380347420274546e+01 9.869350099386396380e+01
2.225504277936219921e+02 3.319345778238700007e+01 9.854355716878403371e+01
2.223055915651196983e+02 3.297670901391409615e+01 9.790843488030421327e+01
2.218752916774695336e+02 3.282507994123238859e+01 9.739322444041137317e+01
2.215965776510241199e+02 3.298556736669259237e+01 9.726250972258232252e+01
2.214537205081669811e+02 3.285688358828105038e+01 9.699036384063607841e+01
2.214508685506870620e+02 3.300414830178895187e+01 9.686405669345778335e+01
2.214600725952813036e+02 3.309886785930343223e+01 9.683666061705989136e+01
2.215985653789646506e+02 3.311088064990061497e+01 9.697083225304641019e+01
2.215062656641603951e+02 3.344304727335580196e+01 9.708685506870624238e+01
2.214486647653616842e+02 3.358884279664678729e+01 9.721813153573589261e+01
2.215073027396076384e+02 3.351732780226428332e+01 9.737027914614121471e+01
2.214301270417422813e+02 3.364981419064903889e+01 9.727417682136375277e+01
2.212808313888168641e+02 3.363806066891366697e+01 9.713685074755855453e+01
2.212338605133523401e+02 3.374764497450522782e+01 9.674042865785152401e+01
2.211470918676000394e+02 3.394901045717742960e+01 9.660197908564514080e+01
2.212788436608763334e+02 3.387995851698210714e+01 9.676108374384236299e+01
2.214029902342062144e+02 3.383437040878057189e+01 9.662980727681272697e+01
2.214078299196266642e+02 3.398297467807449834e+01 9.647001123498401398e+01
2.216686111831302526e+02 3.365888860081237510e+01 9.692005876760867977e+01
2.217045631319678591e+02 3.345925157721890741e+01 9.695765275257107874e+01
2.217300146919021699e+02 3.339655172413792883e+01 9.715059199723447136e+01
2.217478610318900678e+02 3.340934232132054404e+01 9.725931207328666517e+01
2.218150548785757508e+02 3.341353383458646675e+01 9.714786967418545771e+01
2.216890070002592665e+02 3.358473770633479916e+01 9.712215884538933608e+01
2.216980381989456532e+02 3.362371445856019392e+01 9.714117189525538265e+01
2.215830956702100139e+02 3.360534958084867441e+01 9.683372223662604483e+01
2.213467288911934929e+02 3.338056347765966336e+01 9.657942269466769858e+01
2.212482499351827983e+02 3.337390891020655204e+01 9.626242329962838085e+01
2.212543427534353100e+02 3.311515858612047225e+01 9.645981332641949280e+01
2.212525278714026342e+02 3.310941145968369170e+01 9.658650937689050409e+01
2.211375853426670233e+02 3.300708668222279840e+01 9.665253651369803833e+01
2.212417682136375561e+02 3.318667358050298333e+01 9.669726039236020654e+01
2.213793535563045509e+02 3.317254342753435026e+01 9.684111139918762490e+01
2.214155215625270046e+02 3.309986172327370468e+01 9.680295566502462634e+01
2.214262812202921111e+02 3.314540661999826909e+01 9.695994296085039821e+01
2.214674617578428695e+02 3.321143375680581045e+01 9.691556477400398251e+01
2.213938294010889365e+02 3.320905712557254930e+01 9.678804770547057501e+01
2.214611096707285469e+02 3.313987555094632853e+01 9.683782732693804007e+01
2.214401953158758829e+02 3.284240774349667191e+01 9.685986518019186065e+01
2.215070866822227913e+02 3.270110621381039095e+01 9.693008383026531760e+01
2.216043125054014240e+02 3.277642381816610140e+01 9.671489067496327152e+01
2.216404805116238776e+02 3.270361247947455041e+01 9.686202575404027471e+01
2.217252614294356476e+02 3.285541439806412711e+01 9.672024889810734294e+01
2.217689482326505868e+02 3.293246046149857165e+01 9.709199723446548091e+01
2.216675308962060456e+02 3.320629159104657901e+01 9.694529427015815770e+01
2.216984271022383552e+02 3.326069484054964676e+01 9.692459597269034077e+01
2.218042952208106442e+02 3.339287874859562777e+01 9.689629245527612511e+01
2.217918935269207452e+02 3.338929219600726128e+01 9.702078472042174440e+01
2.218532106127387351e+02 3.339054532883933746e+01 9.731967850661135344e+01
2.218968542044767105e+02 3.331505487857575076e+01 9.733233946936306324e+01
2.217949615417855114e+02 3.306961368939590074e+01 9.703426670123585041e+01
2.216880563477659791e+02 3.287390891020655204e+01 9.677352864920922570e+01
2.214478005358223243e+02 3.281082015383285722e+01 9.652756892230576113e+01
2.213943911502895219e+02 3.295678852303171880e+01 9.656529254169907972e+01
2.213106473079249952e+02 3.299546279491833189e+01 9.657868809955924405e+01
2.212852389594676481e+02 3.325607121251404408e+01 9.665651196957911395e+01
2.214688013136288873e+02 3.308780572119955110e+01 9.662112176994209278e+01
2.215117535217353861e+02 3.318066718520439196e+01 9.670369890242848498e+01
2.215531501166709916e+02 3.336003802609972979e+01 9.667928441794140326e+01
2.215017716705557120e+02 3.347891279923948105e+01 9.676721977357186688e+01
2.215480079509117672e+02 3.345549217872267178e+01 9.669592083657418868e+01
2.213854031630801273e+02 3.339188488462535531e+01 9.686738397718434612e+01
2.213680753608158227e+02 3.344252873563218742e+01 9.696504191513265880e+01
2.214656468758102221e+02 3.337965603664333258e+01 9.703309999135770170e+01
2.214584737706334749e+02 3.321942788004493963e+01 9.714713507907700318e+01
2.215868550687062566e+02 3.291478696741854293e+01 9.739810733730878667e+01
2.216700803733471616e+02 3.302938380433842980e+01 9.743790510759657764e+01
2.216693025667617292e+02 3.295467116066026847e+01 9.743526920750150566e+01
2.217466943220119333e+02 3.328735632183907711e+01 9.733480252355025186e+01
2.218097830783856068e+02 3.337507562008469364e+01 9.723796560366433539e+01
2.218890329271454505e+02 3.347511018926626747e+01 9.720019877279405307e+01
2.218874341024976218e+02 3.358776250972258026e+01 9.718308702791460973e+01
2.220514648690692354e+02 3.358391668827240295e+01 9.736155042779361679e+01
2.220596750496931975e+02 3.360310258404632577e+01 9.734793881254861958e+01
2.220435571687840195e+02 3.382577132486388649e+01 9.722966900008641744e+01
2.219977097917206947e+02 3.360439892835537279e+01 9.738216230230749204e+01
2.217384409299109791e+02 3.345920836574194368e+01 9.701309307752138977e+01
2.215582490709532522e+02 3.354312505401434663e+01 9.667816091954023250e+01
2.214933886440238666e+02 3.338877365828363963e+01 9.665785152536513181e+01
2.214999567885230363e+02 3.337390891020655204e+01 9.695255379828883235e+01
2.215331432028346796e+02 3.343764583873476681e+01 9.700488289689741350e+01
2.215988678593034251e+02 3.351447584478437136e+01 9.728329444300406692e+01
2.217160573848414060e+02 3.365015988246478429e+01 9.705876760867685960e+01
2.218027828191167714e+02 3.323891625615763701e+01 9.737330394952898871e+01
2.220149511710310151e+02 3.310301616109238410e+01 9.758992308357099432e+01
2.222010197908564635e+02 3.300289516895687569e+01 9.743466424682395655e+01
2.221961368939590216e+02 3.265806758274997890e+01 9.739901477832512455e+01
2.221931120905712476e+02 3.279366519747645015e+01 9.737460029383804283e+01
2.221590614467202442e+02 3.288765015988246176e+01 9.745696136893958794e+01
2.221636850747558469e+02 3.307756460115806618e+01 9.759350963615936791e+01
2.221908218822919423e+02 3.307168784029038022e+01 9.762673926194797502e+01
2.220686198254256283e+02 3.309688013136288731e+01 9.778558465128338639e+01
2.221468758102151924e+02 3.311584996975196304e+01 9.799217872266873997e+01
2.222847204217440265e+02 3.334854377322616870e+01 9.764462881341283662e+01
2.221686543946072163e+02 3.356373692852821478e+01 9.772936651974764288e+01
2.222625961455362642e+02 3.373191599688877318e+01 9.775503413706680078e+01
2.222858871316221610e+02 3.385472301443263632e+01 9.767993259009593032e+01
2.223796560366433255e+02 3.395035001296344035e+01 9.761507216316653057e+01
2.223378273269380259e+02 3.410076916429003546e+01 9.757160141733643854e+01
2.221810992999740790e+02 3.393730014691902142e+01 9.762107855846512905e+01
2.218283208020050097e+02 3.379859130585083449e+01 9.733216662345519410e+01
2.216375421311900311e+02 3.378735632183907711e+01 9.710171981678334419e+01
2.215752743928787538e+02 3.393557168784028732e+01 9.696569008728718586e+01
2.217245268343272073e+02 3.368338950825339140e+01 9.720590268775386278e+01
2.218919280961023333e+02 3.348258577478178211e+01 9.730991271281652644e+01
2.220473165672802622e+02 3.352484659925676169e+01 9.730744965862933782e+01
2.221067323481116489e+02 3.336392705902687794e+01 9.740139140955838570e+01
2.223259441707717485e+02 3.347428917120387126e+01 9.754131017198167797e+01
2.223747731397459120e+02 3.352393915824043091e+01 9.758322530464091926e+01
2.222312246132572682e+02 3.356183562354161154e+01 9.770222971221156172e+01
2.221904761904762040e+02 3.370961887477314178e+01 9.755729841845993633e+01
2.222691210785584701e+02 3.382585774781782106e+01 9.755232909860859536e+01
2.222190821882291800e+02 3.373537291504623425e+01 9.754463745570824074e+01
2.220351309307752103e+02 3.399550600639529563e+01 9.750868550687061997e+01
2.221712038717483324e+02 3.410677555958862683e+01 9.761191772534785116e+01
2.221565551810560919e+02 3.427050384582145170e+01 9.763265923429263182e+01
2.220373347161005881e+02 3.438294010889292451e+01 9.755012531328320335e+01
2.222464350531501225e+02 3.452169216143807517e+01 9.771605738484142023e+01
2.224299541958344264e+02 3.404636591478696772e+01 9.776791115720335767e+01
2.226003370495203626e+02 3.391893526920750190e+01 9.763438769337136591e+01
2.227302307492870170e+02 3.370983493215798177e+01 9.765927750410509134e+01
2.228077953504450761e+02 3.363404200155561341e+01 9.766441966986431567e+01
2.227436695186241593e+02 3.320132227119523094e+01 9.757298418459943434e+01
2.223050730273960767e+02 3.301767349408002872e+01 9.722932330827067915e+01
2.219615417854982411e+02 3.293885576008987925e+01 9.699045026359000587e+01
2.220528908478091807e+02 3.318559329357877630e+01 9.690203958171289855e+01
2.219990493475066842e+02 3.312393051594503390e+01 9.709389853945208415e+01
2.221147696828277560e+02 3.319367383977184005e+01 9.702428485005617631e+01
2.221292887390891053e+02 3.353698902428484985e+01 9.717539538501425511e+01
2.220991271281652359e+02 3.362635035865525879e+01 9.725404027309653543e+01
2.221815314147437448e+02 3.373226168870451858e+01 9.741197822141560891e+01
2.221295480079509161e+02 3.377750410509031553e+01 9.746206032322184853e+01
2.221228070175438631e+02 3.361209057125572741e+01 9.742329962838130086e+01
2.220988246478264614e+02 3.352886526661481525e+01 9.737788436608762765e+01
2.222695964048051280e+02 3.308806499006136193e+01 9.731894391150289891e+01
2.223122893440497876e+02 3.293526920750151277e+01 9.724820672370582031e+01
2.224261515858611915e+02 3.324323740385446513e+01 9.734625356494684922e+01
2.223384754990925671e+02 3.312224526834327065e+01 9.726268256849019167e+01
2.223851871056952803e+02 3.336543946072076494e+01 9.733622850229021140e+01
2.222670901391409473e+02 3.334616714199291465e+01 9.747770287788436860e+01
2.222725779967159383e+02 3.343315184513006955e+01 9.754818079681963638e+01
2.223857488548958656e+02 3.359709618874773440e+01 9.760703482845043766e+01
2.224719989629245447e+02 3.357730533229625536e+01 9.779167746953591234e+01
2.225173278022642762e+02 3.346836919885921446e+01 9.773545933800016883e+01
2.225339210094201121e+02 3.344633134560539389e+01 9.782438855760089780e+01
2.224565292541699080e+02 3.330831388816869776e+01 9.769812462189958069e+01
2.222625961455362642e+02 3.297727076311468153e+01 9.741016333938293315e+01
2.220156857661394838e+02 3.281829573934837185e+01 9.731514130152969244e+01
2.219170771756978695e+02 3.290990407052112943e+01 9.710850401866736092e+01
2.218892057730533338e+02 3.308521303258145707e+01 9.711018926626911707e+01
2.217684296949269651e+02 3.323424941664506349e+01 9.710016420361247924e+01
2.218631060409644817e+02 3.319605047100510120e+01 9.693794831907354137e+01
2.218592170080373478e+02 3.336051335234638060e+01 9.716839512574539128e+01
2.218881254861291268e+02 3.341867600034569108e+01 9.704044594244231803e+01
2.217359778757237905e+02 3.344503500129634688e+01 9.688704519920490554e+01
2.218330740644715320e+02 3.345912194278800200e+01 9.702934059286145896e+01
2.218262466511105231e+02 3.345791202143288956e+01 9.687861896119609639e+01
2.217607380520266247e+02 3.343492351568576737e+01 9.700687062483795842e+01
2.217616022815659846e+02 3.343405928614640032e+01 9.706797165327111543e+01
2.218010543600380231e+02 3.352454411891798713e+01 9.698457350272232702e+01
2.217535649468498775e+02 3.337170512488116714e+01 9.690895341802783491e+01
2.219073978048569700e+02 3.349420966208624861e+01 9.701045717742631780e+01
2.218307406447152346e+02 3.362898625875032366e+01 9.700583354939071512e+01
2.219219168611183193e+02 3.341858957739175651e+01 9.733497536945812101e+01
2.220732866649381947e+02 3.328450436435917226e+01 9.737918071039668177e+01
2.221532711088065071e+02 3.317198167833376488e+01 9.742736150721631816e+01
2.222396940627430695e+02 3.331138190303344260e+01 9.744494857834240520e+01
2.222558983666061749e+02 3.330027655345259774e+01 9.755794659061446339e+01
2.222340333592602235e+02 3.350980900527179784e+01 9.778558465128338639e+01
2.221655431682654864e+02 3.347761645493042693e+01 9.758253392100941426e+01
2.219187192118226619e+02 3.336263071471783093e+01 9.736911243626306600e+01
2.215407052113041289e+02 3.306161956615677155e+01 9.699697519661222600e+01
2.214080027655345191e+02 3.298396854204476369e+01 9.684132745657247199e+01
2.214647394347938700e+02 3.316649382075879515e+01 9.660625702186500519e+01
2.214606343444818890e+02 3.325935528476363601e+01 9.669989629245527851e+01
2.213527352864921056e+02 3.328268948232650359e+01 9.683834586466164751e+01
2.214593812116498270e+02 3.340726817042606456e+01 9.693747299282689767e+01
2.214229107250885704e+02 3.318684642641085247e+01 9.672387866217266605e+01
2.215433843228761646e+02 3.309402817388298246e+01 9.685921700803733358e+01
2.214147869674185358e+02 3.308387347679543922e+01 9.681907354593380433e+01
2.214882896897416060e+02 3.276281220292109708e+01 9.690407052113040720e+01
2.214538069311209085e+02 3.278199809869501280e+01 9.675589836660617493e+01
2.214487079768386479e+02 3.273602108720076131e+01 9.677759052804424300e+01
2.214247688185982099e+02 3.291595367729669164e+01 9.694261515858612199e+01
2.212662259096015873e+02 3.306183562354161154e+01 9.682810474462017680e+01
2.213007950911762123e+02 3.311338691556477443e+01 9.693120732866648837e+01
2.212869242070694042e+02 3.313736928528216907e+01 9.687598306110102442e+01
2.212944430040618897e+02 3.333851871056952376e+01 9.675572552069829158e+01
2.213871316221588472e+02 3.324742891712038784e+01 9.671899576527525255e+01
2.214162993691124370e+02 3.340770028519574453e+01 9.665404891539192533e+01
2.215508166969146941e+02 3.355444646098003858e+01 9.668567971653271798e+01
2.215704347074583040e+02 3.359350963615936081e+01 9.678986258750323657e+01
2.215914354852648955e+02 3.361092386137757870e+01 9.706416904329789475e+01
2.216945380693112213e+02 3.348046841241033889e+01 9.712544291763892090e+01
2.217632011062138133e+02 3.320646443695445527e+01 9.730278281911675720e+01
2.218800449399360559e+02 3.305366865439460611e+01 9.726916429003543385e+01
2.217267306196525851e+02 3.292165759225650135e+01 9.729038112522685822e+01
2.214875550946331373e+02 3.254627949183303315e+01 9.702748249935183367e+01
2.213601676605306352e+02 3.260297294961542036e+01 9.652726644196698658e+01
2.211937170512488251e+02 3.260072595281306462e+01 9.636081583268516226e+01
2.211356840376804200e+02 3.261213378273269115e+01 9.616381470918676655e+01
2.211683951257454055e+02 3.282689482326505725e+01 9.625032408607725642e+01
2.210663296171463230e+02 3.283929651715495623e+01 9.615072163166537678e+01
2.209991357704606401e+02 3.315486993345432865e+01 9.632784547575836598e+01
2.209982715409212801e+02 3.342822573675568520e+01 9.625516377149770619e+01
2.208238700198772904e+02 3.355159450350012662e+01 9.629098608590442154e+01
2.209260651629072640e+02 3.371182266009851958e+01 9.639132313542476993e+01
2.208944343617664856e+02 3.378169561835623824e+01 9.627530031976492353e+01
2.209329789992222004e+02 3.325205254515599052e+01 9.612505401434620467e+01
2.210553539019963694e+02 3.281678333765447775e+01 9.638021778584392507e+01
2.212374038544637358e+02 3.272966900008642455e+01 9.632870970529772592e+01
2.211944084348803017e+02 3.274509549736409753e+01 9.646715927750410913e+01
2.213655258836747066e+02 3.263870884106818693e+01 9.659104658197216509e+01
2.213505315011666994e+02 3.282680840031112268e+01 9.665927750410509134e+01
2.214566156771238354e+02 3.313516549995679128e+01 9.657458300924726302e+01
2.214287010630023360e+02 3.294360902255639445e+01 9.664730792498487233e+01
2.214189784806844727e+02 3.298271540921268752e+01 9.664220897070261174e+01
2.215599343185550083e+02 3.305989110707803746e+01 9.668974159536773527e+01
2.215809350963615998e+02 3.328281911675740901e+01 9.641867600034569818e+01
2.215784288306974474e+02 3.347956097139400100e+01 9.665499956788522695e+01
2.216574194105954518e+02 3.329975801572897609e+01 9.692135511191771968e+01
2.217528303517414088e+02 3.321791547835105263e+01 9.685368593898539302e+01
2.217521821795868959e+02 3.324103361852908023e+01 9.702298850574712219e+01
2.217430213464696180e+02 3.317427188661308435e+01 9.675827499783942187e+01
2.213798720940281726e+02 3.294010889292196254e+01 9.660409644801659113e+01
2.211397891279924011e+02 3.281950566070348430e+01 9.638147091867600125e+01
2.211564255466251723e+02 3.277141128683778248e+01 9.622794054100769756e+01
2.211078558465128197e+02 3.286500734595108497e+01 9.601672284158672710e+01
2.211260910897934480e+02 3.277806585429090092e+01 9.614795609713939939e+01
2.212641517587071007e+02 3.281267824734249672e+01 9.622396508512660773e+01
2.211999395039322565e+02 3.271320542736150827e+01 9.631358568835882750e+01
2.212677815227724523e+02 3.270551378446115365e+01 9.630831388816869776e+01
2.211588453893353972e+02 3.290973122461326028e+01 9.629085645147351613e+01
2.212605219946417776e+02 3.289858266355543748e+01 9.624021260046667692e+01
2.213138017457436604e+02 3.285502549477141088e+01 9.624198427102238895e+01
2.211769077867081421e+02 3.305738484141387801e+01 9.610154697087546083e+01
2.211511537464350567e+02 3.300483968542044977e+01 9.646776423818165824e+01
2.212903811252268724e+02 3.287689050211736230e+01 9.642018840203958518e+01
2.212210267046927754e+02 3.312103534698815821e+01 9.640143462103534944e+01
2.212387434102497537e+02 3.318127214588194818e+01 9.670210007778065631e+01
2.212521389681099322e+02 3.324773139745916239e+01 9.675957134214847599e+01
2.212663555440325069e+02 3.331751793276293938e+01 9.683921009420102166e+01
2.213208452164894879e+02 3.339443436176648561e+01 9.699390718174747406e+01
2.214387693371359376e+02 3.329146141215106525e+01 9.715824042865784804e+01
2.214716964825857701e+02 3.337066804943393095e+01 9.720179759744188175e+01
2.215594157808313867e+02 3.328368334629677605e+01 9.718922305764411362e+01
2.216358136721113112e+02 3.334154351395730487e+01 9.734690173710137628e+01
2.217706766917293351e+02 3.342921960072595056e+01 9.754174228675135794e+01
2.218534698816005459e+02 3.320655085990838984e+01 9.741232391323134721e+01
2.219623195920836451e+02 3.310686198254256141e+01 9.737667444473251521e+01
2.219222193414570938e+02 3.306771238440929750e+01 9.714691902169215609e+01
2.217320888427966565e+02 3.274704001382767160e+01 9.687062483795696721e+01
2.215229452942701585e+02 3.278800449399360417e+01 9.637563736928528613e+01
2.213211909083052547e+02 3.273476795436867803e+01 9.640821882291936618e+01
2.213319937775473250e+02 3.268658715754904165e+01 9.646383199377754636e+01
2.214838389076138583e+02 3.284456831734508597e+01 9.651132140696569195e+01
2.215926454066199938e+02 3.280031976492956858e+01 9.648660444213983567e+01
2.215399706161956601e+02 3.288000172845907798e+01 9.641884884625356733e+01
2.215449831475239932e+02 3.297619047619047450e+01 9.656784201884021002e+01
2.214643505315011680e+02 3.317915478351049785e+01 9.650410509031198103e+01
2.212626825684901917e+02 3.341703396422089867e+01 9.642446633825943536e+01
2.213388644023852692e+02 3.343820758793535219e+01 9.643271973036038958e+01
2.213581367211131408e+02 3.346664073978048748e+01 9.627741768213637386e+01
2.212765966640739919e+02 3.315914786967418593e+01 9.652208106473079852e+01
2.214382940108892797e+02 3.314834500043211563e+01 9.648962924552760967e+01
2.214360902255639019e+02 3.316718520439028595e+01 9.666623455189697722e+01
2.214782646270849398e+02 3.323001469190216994e+01 9.657799671592775326e+01
2.214282689482326418e+02 3.325218217958689593e+01 9.683398150548785566e+01
2.215639961973900256e+02 3.339659493561489967e+01 9.664653011839943986e+01
2.215578169561835580e+02 3.354005703914959469e+01 9.659588626739261485e+01
2.215217353729150602e+02 3.356909515167228619e+01 9.671143375680580334e+01
2.217024889810733725e+02 3.335372915046236386e+01 9.695043643591738203e+01
2.218156166277763361e+02 3.353219255034137092e+01 9.702761213378273908e+01
2.218575317604355632e+02 3.361161524500907660e+01 9.703521735372915202e+01
2.217772880477054684e+02 3.356965690087287157e+01 9.705790337913749966e+01
2.217654913144931186e+02 3.344352259960245277e+01 9.706555181056089054e+01
2.215165499956788437e+02 3.319181574626220765e+01 9.680157289776164475e+01
2.213248638838475415e+02 3.302346383199378010e+01 9.636276034914872923e+01
2.213517414225218261e+02 3.292036124794745433e+01 9.633601244490536430e+01
2.213037766830870225e+02 3.277171376717656415e+01 9.644360902255638734e+01
2.212957825598479076e+02 3.270477918935269201e+01 9.660509031198687069e+01
2.213624146573329767e+02 3.267686457523117838e+01 9.648625875032408317e+01
2.214834067928441925e+02 3.278057211995506037e+01 9.655833549390717963e+01
2.214081323999654387e+02 3.263598651801918749e+01 9.653551983406792658e+01
2.214871229798634431e+02 3.258694149166018406e+01 9.649684556218132059e+01
2.215191426842969520e+02 3.253685938985394444e+01 9.640549649987036673e+01
2.215840463227033013e+02 3.255855155129201961e+01 9.667172240947195405e+01
2.215680148647480792e+02 3.251572897761645464e+01 9.640402730965344347e+01
2.214594676346037545e+02 3.258024371273010189e+01 9.621368075360815908e+01
2.214290899662950380e+02 3.266338259441707947e+01 9.620253219255033628e+01
2.215250626566416088e+02 3.241642900354334245e+01 9.624907095324518025e+01
2.215363840636073007e+02 3.264864748077089018e+01 9.637637196439374065e+01
2.216044421398323436e+02 3.276393570132226785e+01 9.647627689914440907e+01
2.216212946158499619e+02 3.280260997320888094e+01 9.636582836401348118e+01
2.215955405755768766e+02 3.293310863365309871e+01 9.654571774263244777e+01
2.217437127301011230e+02 3.292420706939763164e+01 9.668680321493388874e+01
2.216442399101201204e+02 3.294758447843747007e+01 9.693168265491314628e+01
2.218274133609886860e+02 3.303491487339037036e+01 9.680848673407656690e+01
2.218132399965430750e+02 3.325922565033273059e+01 9.704152622936652506e+01
2.219092558983666095e+02 3.325105868118572516e+01 9.732166623455189836e+01
2.218253392100941994e+02 3.341431164117189212e+01 9.746530118399446962e+01
2.217575404027309673e+02 3.340640394088669751e+01 9.735135251922910982e+01
2.215931639443436154e+02 3.327011494252873547e+01 9.716195661567712705e+01
2.212144153487166136e+02 3.309554057557687656e+01 9.657302739607639808e+01
2.210990839166882722e+02 3.293077521389680840e+01 9.616722841586725679e+01
2.210763546798029608e+02 3.299356148993172866e+01 9.602640221242762664e+01
2.209315530204822267e+02 3.318226600985221353e+01 9.595899230835709659e+01
2.208636245786881034e+02 3.311325728113386901e+01 9.608166969147005432e+01
2.210446806671851903e+02 3.295108460807190198e+01 9.628623282343789924e+01
2.209691037939676903e+02 3.294672024889811013e+01 9.634430904848328225e+01
2.210963615936392728e+02 3.296897415953677069e+01 9.609013914095584141e+01
2.211456226773831020e+02 3.291997234465473809e+01 9.614743755941577774e+01
2.211117880909169457e+02 3.290562613430127215e+01 9.620460634344482287e+01
2.211433756805807604e+02 3.290091608331172779e+01 9.600086422953935994e+01
2.212476017630282570e+02 3.271406965690087532e+01 9.590221242762078191e+01
2.211082879612825138e+02 3.271221156339123581e+01 9.600466683951258062e+01
2.211137326073805127e+02 3.276886180969665219e+01 9.584007432374038160e+01
2.210696136893959078e+02 3.288142770719903041e+01 9.607609541094115002e+01
2.211736237144585573e+02 3.297899922219341562e+01 9.617072854550168870e+01
2.212273355803301342e+02 3.278921441534871661e+01 9.610063952985913716e+01
2.212761645493042977e+02 3.301590182352433089e+01 9.613918416731483774e+01
2.212070693976320115e+02 3.316826549131449298e+01 9.620715582058595317e+01
2.214022124276207819e+02 3.315050557428052969e+01 9.620780399274046601e+01
2.214993518278454872e+02 3.314281393138017506e+01 9.671657592256502767e+01
2.215795091176216545e+02 3.321782905539711095e+01 9.646970875464523942e+01
2.216373692852821762e+02 3.327374470659407280e+01 9.653863106040964226e+01
2.217078039927404802e+02 3.329124535476622526e+01 9.685697001123497785e+01
2.217183908045977034e+02 3.310967072854550253e+01 9.698720940281738478e+01
2.217999740731138161e+02 3.306896551724138078e+01 9.747290640394088257e+01
2.216834327197303480e+02 3.300911762164030705e+01 9.715607985480943398e+01
2.214382940108892797e+02 3.255652061187451096e+01 9.705038458214501418e+01
2.211989888514389406e+02 3.217781522772448710e+01 9.666182698124622164e+01
2.211385359951603107e+02 3.200799412323912918e+01 9.659294788695878253e+01
2.210804165586379781e+02 3.222733558033013423e+01 9.614709186760003945e+01
2.210427793621985870e+02 3.227089274911416794e+01 9.600937689050211077e+01
2.210785152536513749e+02 3.236116152450090766e+01 9.595302912453547606e+01
2.211780312851093129e+02 3.238121164981419042e+01 9.585092040445942985e+01
2.211139918762423235e+02 3.231371532278973291e+01 9.583558033013568433e+01
2.211600120992135601e+02 3.252666148128943036e+01 9.577240515080805494e+01
2.210270071731051758e+02 3.245363408521303228e+01 9.587386569872958830e+01
2.209326765188834258e+02 3.234517327802264219e+01 9.594926972603923332e+01
2.210172845907873125e+02 3.223563218390804508e+01 9.594339296517155447e+01
2.209792152795782556e+02 3.233363581367211026e+01 9.598574021260046152e+01
2.208746867167919845e+02 3.233277158413274321e+01 9.572854550168524668e+01
2.208930515945035040e+02 3.249312937516204158e+01 9.576877538674271761e+01
2.209240774349667333e+02 3.258076225045372354e+01 9.568408089188488930e+01
2.209357445337481636e+02 3.266791979949874758e+01 9.563883847549909945e+01
2.211464869069224903e+02 3.255034137066805044e+01 9.584923515685765949e+01
2.211972171808832286e+02 3.240618788350185753e+01 9.609355284763633165e+01
2.212892576268256732e+02 3.242960850401866679e+01 9.615478351050039407e+01
2.212553366174055895e+02 3.247748682049952151e+01 9.601719816783337080e+01
2.212762077607812614e+02 3.228662172673062258e+01 9.623169993950392609e+01
2.214210958430559231e+02 3.235364272750842929e+01 9.647545588108201287e+01
2.215139140955838002e+02 3.226039236021087220e+01 9.657799671592775326e+01
2.217201192636764233e+02 3.229643073200242043e+01 9.665106732348111507e+01
2.217961282516636459e+02 3.235398841932417469e+01 9.661355976147264357e+01
2.219097312246132674e+02 3.213896810992999775e+01 9.675983061101028682e+01
2.219825857747817679e+02 3.231224613257280964e+01 9.674466338259441045e+01
2.219642208970702484e+02 3.268386483450004221e+01 9.686168006222452220e+01
2.216078558465128197e+02 3.273036038371791534e+01 9.644438682914181982e+01
2.211998098695013368e+02 3.249814190649036050e+01 9.614713507907700318e+01
2.209178549822833020e+02 3.254247688185981957e+01 9.566087632875292002e+01
2.208465992567626017e+02 3.250125313283208328e+01 9.556481721545242181e+01
2.207954800795091046e+02 3.261187451387088743e+01 9.581734508685507024e+01
2.208102151931553010e+02 3.247990666320974640e+01 9.587844611528822725e+01
2.209207933627171485e+02 3.276575058335493651e+01 9.603547662259096285e+01
2.208929651715495766e+02 3.275196612220205594e+01 9.601045717742631780e+01
2.209380779535044610e+02 3.275913922737878892e+01 9.584603750756200213e+01
2.209241638579206608e+02 3.260582490709532522e+01 9.578294875118831442e+01
2.210685334024717008e+02 3.229638752052544959e+01 9.592921960072595766e+01
2.212681704260651543e+02 3.198072768127214616e+01 9.605997753003197204e+01
2.212593120732866510e+02 3.191681790683605513e+01 9.622102670469276120e+01
2.212670469276639835e+02 3.197994987468671724e+01 9.619877279405410775e+01
2.212037421139054629e+02 3.211105349580848412e+01 9.588064990061360504e+01
2.213551983406792942e+02 3.227391755250194194e+01 9.614920922997147557e+01
2.213583527784979594e+02 3.230606689136634913e+01 9.607220637801400187e+01
2.212981591910811403e+02 3.255716878402903802e+01 9.599498746867168109e+01
2.213968974159536742e+02 3.262176994209661984e+01 9.622111312764670288e+01
2.214057989802091413e+02 3.261295480079509446e+01 9.636574194105953950e+01
2.214888082274652277e+02 3.285913058508339901e+01 9.634819808141041619e+01
2.216818338950825478e+02 3.294680667185204470e+01 9.630943738656986852e+01
2.217773312591824322e+02 3.289236021087200612e+01 9.641651542649728412e+01
2.216892662691210774e+02 3.293505315011667278e+01 9.658733039495290029e+01
2.217696828277590555e+02 3.306140350877193157e+01 9.649585169821104103e+01
2.218657851525365174e+02 3.331107942269466804e+01 9.653547662259096285e+01
2.219619306887909431e+02 3.330282603059372804e+01 9.680152968628468102e+01
2.219602886526661507e+02 3.343120732866649547e+01 9.672889119350099918e+01
2.219666839512574654e+02 3.331820931639443728e+01 9.682093163944342962e+01
2.217041310171981650e+02 3.338678593034310182e+01 9.667327802264281900e+01
2.213833722236626045e+02 3.317569786535303678e+01 9.627733125918243218e+01
2.211603577910292984e+02 3.320210007778065631e+01 9.611943652234033664e+01
2.209449053668654415e+02 3.303815573416299145e+01 9.602718001901304490e+01
2.209635727249157355e+02 3.317833376544810164e+01 9.610176302826030792e+01
2.209671160660271312e+02 3.297657937948319073e+01 9.607147178290553313e+01
2.212631146832598859e+02 3.307384841413879428e+01 9.600972258231786327e+01
2.213995765275257099e+02 3.316934577823870001e+01 9.599537637196439732e+01
2.213223144067064254e+02 3.318615504277936168e+01 9.613905453288393232e+01
2.214557946590614392e+02 3.323481116584564887e+01 9.613551119177253668e+01
2.215730273960763839e+02 3.297212859735545720e+01 9.636738397718434612e+01
2.216900440757065098e+02 3.290078644888082238e+01 9.670456313196784492e+01
2.216403940886699502e+02 3.278692420706939714e+01 9.673857056434188451e+01
2.215980036297640652e+02 3.272089707026186289e+01 9.652726644196698658e+01
2.214770547057298415e+02 3.290579898020914129e+01 9.664199291331777886e+01
2.214292196007259577e+02 3.320063088756374015e+01 9.652847636332209902e+01
2.215666753089620613e+02 3.299900613602972754e+01 9.646949269726039233e+01
2.216377581885748782e+02 3.321830438164376176e+01 9.668109929997407903e+01
2.216827845475758352e+02 3.332801832166623512e+01 9.676134301270417382e+01
2.217428485005617631e+02 3.329150462362803609e+01 9.666208625010803246e+01
2.218003197649295544e+02 3.322530464091262559e+01 9.676467029643073658e+01
2.218856192204649460e+02 3.297195575144758095e+01 9.684962406015037573e+01
2.219578688099559258e+02 3.300108028692420703e+01 9.683735200069138216e+01
2.220737619911848526e+02 3.297778930083830318e+01 9.712017111744879116e+01
2.220425200933367762e+02 3.308236107510154511e+01 9.708776250972258026e+01
2.222262985048828909e+02 3.302527871402644877e+01 9.707471264367815422e+01
2.222839426151585940e+02 3.315318468585256539e+01 9.715811079422694263e+01
2.222924552761213306e+02 3.323092213291850072e+01 9.699170339642209626e+01
2.219880304208797952e+02 3.306105781695618617e+01 9.717353729150462982e+01
2.218456053927923222e+02 3.297753003197649235e+01 9.691608331172758994e+01
2.216233255552674848e+02 3.273511364618442343e+01 9.670745830092472772e+01
2.217009765793794713e+02 3.244728199809869551e+01 9.666143807795350540e+01
2.216597096188747855e+02 3.241807103966813486e+01 9.668338950825339850e+01
2.216945380693112213e+02 3.243876933713594468e+01 9.660513352346383442e+01
2.216744015210439898e+02 3.245099818511796741e+01 9.677275084262380744e+01
2.217449658629331850e+02 3.285213032581453518e+01 9.674418805634776675e+01
2.217646270849537586e+02 3.312734422262553124e+01 9.687075447238787262e+01
2.217460029383804283e+02 3.341012012790596941e+01 9.686232823437904926e+01
2.216754385964912331e+02 3.320101979085644928e+01 9.686695186241465194e+01
2.217613862241811375e+02 3.346849883329011988e+01 9.659554057557687656e+01
2.216042692939244603e+02 3.318814277071990659e+01 9.656982974678074072e+01
2.218413274565724578e+02 3.287161870192723256e+01 9.676069484054964676e+01
2.217600034569181560e+02 3.291690432978999326e+01 9.654321147696828120e+01
2.219180710396681491e+02 3.289045890588540288e+01 9.667906836055657038e+01
2.219308184253737863e+02 3.299118485869846751e+01 9.685169821104484811e+01
2.219818079681963638e+02 3.314441275602800374e+01 9.699157376199119085e+01
2.220907441016333905e+02 3.322962578860945371e+01 9.686293319505661259e+01
2.222394347938812587e+02 3.319315530204822551e+01 9.713399879007864968e+01
2.224312937516204443e+02 3.335878489326765362e+01 9.739611960936824175e+01
2.223360988678593060e+02 3.350808054619307086e+01 9.729254169907527228e+01
2.224176389248984549e+02 3.339611960936824886e+01 9.744140523723100955e+01
2.225321061273874363e+02 3.336306282948751090e+01 9.752834672889119361e+01
2.226069484054964960e+02 3.347065940713853394e+01 9.748448707976838534e+01
2.226111831302393966e+02 3.339862587503240832e+01 9.755907008901564836e+01
2.223597355457609410e+02 3.319518624146573416e+01 9.706477400397545807e+01
2.220521130412237483e+02 3.280632616022815995e+01 9.693535563045544734e+01
2.218000172845907798e+02 3.256715063520871212e+01 9.685990839166882438e+01
2.217433238268083926e+02 3.261489931725866143e+01 9.670970529772706925e+01
2.217771584132745772e+02 3.259917033964220678e+01 9.668049433929651570e+01
2.218469449485783400e+02 3.252268602540834763e+01 9.684158672543426860e+01
2.219654308184253750e+02 3.267466078990580058e+01 9.675179327629417969e+01
2.219118053755077256e+02 3.274449053668654130e+01 9.688933540748422502e+01
2.219602454411891870e+02 3.294205340938552951e+01 9.698807363235675894e+01
2.219600293838043399e+02 3.294296085040186739e+01 9.688661308443522557e+01
2.221055656382335144e+02 3.280654221761299993e+01 9.690065681444991696e+01
2.220560020741508822e+02 3.282823437905107511e+01 9.686120473597787850e+01
2.220477054705729927e+02 3.260184945121424249e+01 9.678299196266527815e+01
2.220130930775213756e+02 3.284530291245354761e+01 9.711338691556477443e+01
2.220387174833635697e+02 3.287740903984098395e+01 9.691595367729668453e+01
2.221272577996715825e+02 3.276263935701322083e+01 9.705181056088497371e+01
2.222021865007345980e+02 3.322936651974764288e+01 9.705453288393397315e+01
2.220875032408607694e+02 3.348859217008037348e+01 9.713983233946936480e+01
2.221463572724915707e+02 3.356403940886699644e+01 9.715305505142165998e+01
2.222330394952899439e+02 3.367677815227724381e+01 9.710487425460202360e+01
2.222403854463745461e+02 3.395972690346555822e+01 9.733173450868549992e+01
2.223197217180883172e+02 3.373040359519488618e+01 9.736215538847118012e+01
2.225159882464782584e+02 3.370110621381039095e+01 9.747437559415780584e+01
2.227032235761818413e+02 3.369566156771238497e+01 9.745441189179845765e+01
2.227298418459942866e+02 3.354040273096534719e+01 9.753534698816005744e+01
2.225892749114164815e+02 3.347869674185463396e+01 9.728593034309912468e+01
2.221735805029815936e+02 3.336639011321406656e+01 9.683462967764238272e+01
2.219360902255639019e+02 3.326423818166104951e+01 9.653789646530118773e+01
2.216449745052285891e+02 3.317219773571860486e+01 9.654952035260565424e+01
2.216254861291158988e+02 3.314566588886007992e+01 9.649390718174747406e+01
2.216769077867081421e+02 3.324695359087373703e+01 9.656101460547921533e+01
2.217146314061014607e+02 3.316990752743928539e+01 9.659649122807017818e+01
2.217824734249416565e+02 3.311632529599861385e+01 9.673571860686197965e+01
2.220319332814795530e+02 3.334283985826635899e+01 9.676479993086164200e+01
2.220622245268343136e+02 3.330390631751793507e+01 9.695043643591738203e+01
2.221835191426843039e+02 3.332417250021605781e+01 9.689136634690173366e+01
2.222004580416558497e+02 3.321769942096620554e+01 9.710137412496759168e+01
2.222535649468498775e+02 3.296050471005099070e+01 9.723066286405669700e+01
2.222341629936911147e+02 3.296370235934664095e+01 9.702251317950047849e+01
2.221190044075706567e+02 3.282261688704519997e+01 9.703897675222539476e+01
2.220826635554403197e+02 3.289905798980208829e+01 9.690147783251231317e+01
2.220151672284158622e+02 3.296175784288306687e+01 9.709376890502117874e+01
2.220803301356840507e+02 3.316225909601590160e+01 9.702195143029989310e+01
2.222715409212686950e+02 3.307371877970788887e+01 9.719760608417595904e+01
2.223249503068014974e+02 3.329949874686716527e+01 9.700674099040705300e+01
2.224411027568922350e+02 3.345760954109411500e+01 9.715992567625961840e+01
2.223846685679716586e+02 3.340009506524933158e+01 9.714640048396854866e+01
2.223845389335407390e+02 3.353132832080200387e+01 9.714903638406360642e+01
2.224604182870970419e+02 3.339551464869069264e+01 9.748332036989023663e+01
2.225440757065076411e+02 3.343967677815227546e+01 9.728765880217785877e+01
2.223195920836574260e+02 3.346677037421139289e+01 9.718494512142424924e+01
2.220829660357790942e+02 3.327651024112004308e+01 9.668814277071990659e+01
2.219184599429608511e+02 3.297329530723359881e+01 9.653301356840377423e+01
2.219100337049520419e+02 3.287848932676519098e+01 9.658720076052199488e+01
2.219263244317690749e+02 3.288605133523464019e+01 9.657229280096794355e+01
2.218668222279837607e+02 3.289266269121078778e+01 9.662829487511882576e+01
2.220233774090398526e+02 3.308858352778497647e+01 9.712877020136548367e+01
2.221527957825598492e+02 3.319466770374211251e+01 9.699222193414570370e+01
2.221753089620603134e+02 3.319963702359346769e+01 9.709744188056347980e+01
2.222904243367038362e+02 3.320922997148042555e+01 9.730939417509290479e+01
2.223492783683346374e+02 3.328623282343790635e+01 9.720983493215797466e+01
2.222978567107423657e+02 3.335126609627516814e+01 9.712418978480684473e+01
2.222002419842710310e+02 3.334322876155906812e+01 9.710889292196007716e+01
2.221352519229107259e+02 3.347580157289775826e+01 9.684845735027222702e+01
2.222511451041396526e+02 3.346677037421139289e+01 9.721346469622331199e+01
2.222532192550341392e+02 3.339305159450349691e+01 9.712972085385878529e+01
2.222712384409299204e+02 3.349049347506697671e+01 9.726890502117362303e+01
2.224098608590441586e+02 3.347908564514735019e+01 9.733674704001383304e+01
2.225557428052890714e+02 3.350617924120646762e+01 9.732447498055483948e+01
2.224361766485178578e+02 3.367137671765620865e+01 9.744762768991444091e+01
2.224578688099559258e+02 3.388717483363581096e+01 9.737542131190043904e+01
2.225873736064298782e+02 3.369142684296949142e+01 9.756771238440930460e+01
2.226296776423818073e+02 3.383523463831993894e+01 9.747225823178635551e+01
2.225063088756373588e+02 3.375041050903119810e+01 9.739819376026272835e+01
2.223767176562094789e+02 3.359480598046841493e+01 9.706179241206464781e+01
2.220631319678506657e+02 3.316887045199204920e+01 9.687533488894649736e+01
2.219272750842623907e+02 3.307609541094114292e+01 9.680636937170513079e+01
2.219921787226687400e+02 3.300311122634171568e+01 9.678748595626998963e+01
2.219665543168265458e+02 3.304986604442139964e+01 9.661139918762422951e+01
2.221693889897156566e+02 3.294395471437213985e+01 9.689076138622418455e+01
2.221247083225304664e+02 3.315201797597441669e+01 9.699278368334630329e+01
2.221631233255552615e+02 3.343358395989974952e+01 9.682875291677468965e+01
2.221165413533834680e+02 3.351343876933713517e+01 9.689132313542476993e+01
2.222106991616973346e+02 3.348206723705816046e+01 9.689426151585861646e+01
2.220866390113214095e+02 3.343755941578083224e+01 9.694309048483276570e+01
2.221610059631838112e+02 3.329189352692075232e+01 9.698474634863019617e+01
2.221823092213291773e+02 3.316580243712730436e+01 9.674137931034482563e+01
2.222662259096015873e+02 3.305652061187451096e+01 9.694378186846427070e+01
2.222767262985048831e+02 3.293872612565897384e+01 9.693345432546884410e+01
2.223469881600553038e+02 3.286591478696741575e+01 9.691802782819117112e+01
2.225219946417768426e+02 3.288328580070866991e+01 9.721795868982802347e+01
2.223655258836747066e+02 3.337589663814708985e+01 9.740761386224181706e+01
2.222654048915391911e+02 3.360664592515772142e+01 9.723878662172673160e+01
2.223675568230922011e+02 3.384975369458128114e+01 9.742269466770373754e+01
2.222328234379050969e+02 3.422279837524846613e+01 9.733056779880736542e+01
2.221498574021260026e+02 3.426168870451991921e+01 9.726168870451992632e+01
2.220599775300319720e+02 3.398388211909082912e+01 9.742589231699939489e+01
2.217946590614467084e+02 3.379375162043038472e+01 9.697165327110880639e+01
2.214761040532365257e+02 3.358940454584737978e+01 9.642865785152535807e+01
2.215915219082188230e+02 3.343263330740644790e+01 9.638337222366260448e+01
2.214998271540921166e+02 3.340588540316308297e+01 9.650388903292714815e+01
2.215809783078385635e+02 3.340778670814968621e+01 9.660794226946677554e+01
2.216651542649727844e+02 3.357829919626652782e+01 9.658179932590095973e+01
2.217202488981073429e+02 3.369406274306455629e+01 9.665288220551379084e+01
2.217963010975715008e+02 3.376402212427620952e+01 9.671852043902860885e+01
2.218828536859389828e+02 3.365136980381989673e+01 9.684750669777892540e+01
2.220560884971048381e+02 3.345112781954887282e+01 9.692100942010198139e+01
2.221635122288479920e+02 3.309904070521130137e+01 9.697891279923948105e+01
2.222434102497623485e+02 3.297670901391409615e+01 9.717902514907959244e+01
2.220481807968196222e+02 3.290480511623887594e+01 9.709545415262293488e+01
2.221620430386310545e+02 3.284128424509549404e+01 9.700695704779190010e+01
2.222008469449485801e+02 3.309713940022469814e+01 9.722037853253824835e+01
2.222100942010197855e+02 3.331393138017457289e+01 9.725321925503413922e+01
2.221980381989456532e+02 3.343881254861290842e+01 9.724673753348889704e+01
2.221603577910292984e+02 3.353400743237403958e+01 9.718991444127560442e+01
2.221967418546365991e+02 3.364929565292541724e+01 9.704705729841846562e+01
2.223644888082274633e+02 3.331527093596059075e+01 9.735442053409386176e+01
2.225956269985308040e+02 3.324284850056174889e+01 9.751581540057038922e+01
2.225152536513697896e+02 3.311615245009074471e+01 9.765556131708581233e+01
2.224889378618961189e+02 3.313646184426583829e+01 9.735359951603145134e+01
2.224709186760003377e+02 3.280464091262639670e+01 9.701270417422867354e+01
2.219996975196612254e+02 3.285334024716964763e+01 9.682093163944342962e+01
2.218444818943911514e+02 3.298353642727508372e+01 9.640484832771583967e+01
2.217974678074496637e+02 3.304493993604701529e+01 9.662768991444127664e+01
2.218786621726730743e+02 3.313058508339815234e+01 9.654852648863537468e+01
2.219445164635727110e+02 3.329452942701581719e+01 9.662125140437299819e+01
2.220002160573848471e+02 3.320577305332296447e+01 9.671018062397372717e+01
2.219548440065681518e+02 3.314324604614985503e+01 9.678714026445423713e+01
2.220748422781090596e+02 3.332075879353556047e+01 9.685601935874167623e+01
2.220914786967418593e+02 3.318075360815832653e+01 9.691396594935615383e+01
2.221537032235761728e+02 3.315119695791202048e+01 9.693721372396508684e+01
2.220337913749891925e+02 3.334158672543427571e+01 9.692502808746003495e+01
2.221471350790770032e+02 3.339573070607553262e+01 9.684845735027222702e+01
2.220649900613603052e+02 3.344676346037507386e+01 9.691560798548094624e+01
2.221343876933713659e+02 3.354044594244231092e+01 9.704282257367556497e+01
2.223124621899576425e+02 3.362591824388557882e+01 9.701676605306369083e+01
2.222084521648949931e+02 3.356866303690259912e+01 9.752834672889119361e+01
2.222664851784633981e+02 3.382806153314320596e+01 9.768611183130239795e+01
2.222603491487338943e+02 3.393838043384322845e+01 9.783514821536600437e+01
2.223401607466943233e+02 3.399408002765534320e+01 9.780805461930688693e+01
2.223736064298677775e+02 3.391893526920750190e+01 9.791102756892230730e+01
2.225721631665370239e+02 3.356974332382680615e+01 9.775382421571168834e+01
2.224369112436262981e+02 3.351853772361939576e+01 9.759640480511623650e+01
2.222799671592775042e+02 3.318736496413447412e+01 9.721769942096621264e+01
2.220005617492005854e+02 3.272042174401521208e+01 9.705881082015383754e+01
2.219694926972603923e+02 3.269635295134387576e+01 9.672517500648172017e+01
2.219097312246132674e+02 3.285061792412064818e+01 9.664609800362975989e+01
2.220357358914527595e+02 3.282654913144931186e+01 9.689192809610231905e+01
2.220065249330222059e+02 3.301136461844265568e+01 9.685597614726471249e+01
2.219697087546452394e+02 3.319311209057125467e+01 9.660915219082188798e+01
2.220096361593639358e+02 3.310301616109238410e+01 9.677504105090312692e+01
2.220524587330394866e+02 3.317729669000086545e+01 9.680783856192203984e+01
