2.500118394668553776e+02 5.919814519933946428e+01 1.344921414248643430e+02
2.500562411535739500e+02 5.925660533144609587e+01 1.345528721396555909e+02
2.501270862821420167e+02 5.938136942675158991e+01 1.346923655343241251e+02
2.502322186836518085e+02 5.953501710309035388e+01 1.348870901155933097e+02
2.502098151096956826e+02 5.963927960603916034e+01 1.350511249705119212e+02
2.501223313281434173e+02 5.980507637414484634e+01 1.353909014508138853e+02
2.498663599905638080e+02 6.004463021939136524e+01 1.357372906345836157e+02
2.498260276598254279e+02 6.030015923566878655e+01 1.358231599433828762e+02
2.499366595895258456e+02 6.048715056617126606e+01 1.359997272351969855e+02
2.500291416017928725e+02 6.070422711724463483e+01 1.363071405402217522e+02
2.501167359636706635e+02 6.089896644255721014e+01 1.364044807147912195e+02
2.501589555319650913e+02 6.093052606746874034e+01 1.365074309978768667e+02
2.502108987968860561e+02 6.103164071715027461e+01 1.365716118188252040e+02
2.502702288275536660e+02 6.115793819297004319e+01 1.366572599669733563e+02
2.502849065227647998e+02 6.118940935362113720e+01 1.366451182472281118e+02
2.502547918141071079e+02 6.118409412597310393e+01 1.365956298655343346e+02
2.502721013210662875e+02 6.118023855862231386e+01 1.366590366242038215e+02
2.502662331917905192e+02 6.131681263269639004e+01 1.367119677400330318e+02
2.503114458008964505e+02 6.130753862939372567e+01 1.368214275182826043e+02
2.503396880160415208e+02 6.130821685539041965e+01 1.369565271880160537e+02
2.503501046827081780e+02 6.134239354800660493e+01 1.369185170441141679e+02
2.503571597074781891e+02 6.132634465675867119e+01 1.370077406227883898e+02
2.503557000471809317e+02 6.138826226704411226e+01 1.370950179877329447e+02
2.503792167964142550e+02 6.140447334276952063e+01 1.370873437131398873e+02
2.503633595777305914e+02 6.144097222222222143e+01 1.371155416961547644e+02
2.503829175513092764e+02 6.139537626798773573e+01 1.370322894550601518e+02
2.503494190846897993e+02 6.139838405284265122e+01 1.370925041283321661e+02
2.503386485609813690e+02 6.138667728237791721e+01 1.370676309271054549e+02
2.503524194975229875e+02 6.128711075725406943e+01 1.369984961075725494e+02
2.503536506251474520e+02 6.118171296296296191e+01 1.369964245694739304e+02
2.503715351497994845e+02 6.129014803019580171e+01 1.370007519462137395e+02
2.503797402099551732e+02 6.120099079971691225e+01 1.368729505779664919e+02
2.503232262915782087e+02 6.122181676102854198e+01 1.368718963788629424e+02
2.503542403868837027e+02 6.125270553196508416e+01 1.369716103444208670e+02
2.503528175866949823e+02 6.127331033262561988e+01 1.369306882519462079e+02
2.503033070889360658e+02 6.127611907289455218e+01 1.368750810922387302e+02
2.502666533970275964e+02 6.121047121962727289e+01 1.368161270346780043e+02
2.502816038570417447e+02 6.113084601321066458e+01 1.367693368129275768e+02
2.502960161594715771e+02 6.120176486199575550e+01 1.368316303963198948e+02
2.503240150979004568e+02 6.121111258551545120e+01 1.368380440552016921e+02
2.503756339938664723e+02 6.134978768577494890e+01 1.369308946685539183e+02
2.503773443029016335e+02 6.138633079735786424e+01 1.369546399504600060e+02
2.503795264213257781e+02 6.124973460721868435e+01 1.370246815286624269e+02
2.503691687308327403e+02 6.123363411181882299e+01 1.369901952111347043e+02
2.503906581740976662e+02 6.127147469922151402e+01 1.370119795352677556e+02
2.503665737791932031e+02 6.114264861995753364e+01 1.370565581505071862e+02
2.504218639419674446e+02 6.127368630573248254e+01 1.371099537037036953e+02
2.504642678108044436e+02 6.140109695682944135e+01 1.372298743807501751e+02
2.504802061217268090e+02 6.144957537154989069e+01 1.372306115829204884e+02
2.504926279782967811e+02 6.143250914130690887e+01 1.372472797239915110e+02
2.504834940434064663e+02 6.145660828025477684e+01 1.372760969568294342e+02
2.505019609577730648e+02 6.151248083274357015e+01 1.372717400920028297e+02
2.505363145789101225e+02 6.163749557678697499e+01 1.373084822481717424e+02
2.505705281316348305e+02 6.172093211842415883e+01 1.374159958126916763e+02
2.505419246874262740e+02 6.171999587166784806e+01 1.374429405520169780e+02
2.505910370960132241e+02 6.175683386411889586e+01 1.374790560863411315e+02
2.505919807147912195e+02 6.174099138947865129e+01 1.374218860580325554e+02
2.505849109459778390e+02 6.178991212550129575e+01 1.374205738381693891e+02
2.505682206888417056e+02 6.170587107808445637e+01 1.373999174333569329e+02
2.505996402453408791e+02 6.168803078556263131e+01 1.374959011559330122e+02
2.505918701344656654e+02 6.184224610757254226e+01 1.374389522882755443e+02
2.506116640127388564e+02 6.184721485020051546e+01 1.374676147086576918e+02
2.505994633168199925e+02 6.174812750648737847e+01 1.374833834630809122e+02
2.505133359872611436e+02 6.166598844066997032e+01 1.374004482189195642e+02
2.504871874262797746e+02 6.156835338523236345e+01 1.372652305968388760e+02
2.504735491861287926e+02 6.159122139655578820e+01 1.372728532672800270e+02
2.504430216442557082e+02 6.155526804670913066e+01 1.372743645317291907e+02
2.504864944562396829e+02 6.155301220806794049e+01 1.373505912361405876e+02
2.504945373319179112e+02 6.153847458126917047e+01 1.374077981245576723e+02
2.505249174333569329e+02 6.151836370606275040e+01 1.373962240504835961e+02
2.505200076669025577e+02 6.153288658881811557e+01 1.374643857631516823e+02
2.505507047652748156e+02 6.159568146968624802e+01 1.374743674805378646e+02
2.505548257254069426e+02 6.162569297004010593e+01 1.375348401745694673e+02
2.506021835928285100e+02 6.167129629629629761e+01 1.376204883227176197e+02
2.506057147912243579e+02 6.164943825194621496e+01 1.376563532083038410e+02
2.505502329558858321e+02 6.167655254777069729e+01 1.377148280844538704e+02
2.505343388770936599e+02 6.173563930172210235e+01 1.376224640245340822e+02
2.505254998230714705e+02 6.171853621137060486e+01 1.375291489738145856e+02
2.505707640363293365e+02 6.169241713847605268e+01 1.375435170441141679e+02
2.505909928638830024e+02 6.176346131163010256e+01 1.375594627270582748e+02
2.506015201108752137e+02 6.167594804199103464e+01 1.375262960014154316e+02
2.506282436895494357e+02 6.166896673743807611e+01 1.375706976881340040e+02
2.506454131280962372e+02 6.176727264685067098e+01 1.375352014036329251e+02
2.506324826020287730e+02 6.180862968860580509e+01 1.374984150153338192e+02
2.506070859872611436e+02 6.177316289219155721e+01 1.375470629865534420e+02
2.506253612290634578e+02 6.181024416135880983e+01 1.375427724699221415e+02
2.506584321184241446e+02 6.178150064873791081e+01 1.375638343359282771e+02
2.506559551191318747e+02 6.183753538570417874e+01 1.374835014154281794e+02
2.506705590941259629e+02 6.183954794762915697e+01 1.375712948218919678e+02
2.506429582448690780e+02 6.188973667138476031e+01 1.376699619603679992e+02
2.506151214909176588e+02 6.195324663835810242e+01 1.376258256664307567e+02
2.506180702995989691e+02 6.196058917197451876e+01 1.376213139891483763e+02
2.505892678108044436e+02 6.189654841943854535e+01 1.374867524769992997e+02
2.504961518046709159e+02 6.167914012738853557e+01 1.372866684359518672e+02
2.504351483250766819e+02 6.160010468270818507e+01 1.371594936895494357e+02
2.504083731422505252e+02 6.157358752064165941e+01 1.370706976881340040e+02
2.503884907997169194e+02 6.154598667138476031e+01 1.369720747817881659e+02
2.503474360108516237e+02 6.140978119839584792e+01 1.368006457891011962e+02
2.503475097310686408e+02 6.128235580325548426e+01 1.368739015687662288e+02
2.503782289455060095e+02 6.133029606039160342e+01 1.369154871431941558e+02
2.503950666430762055e+02 6.141573779193205951e+01 1.369708657702288406e+02
2.504025418730832655e+02 6.139595128568058158e+01 1.369980685303137591e+02
2.503544984076433195e+02 6.125961311630101136e+01 1.368933563340410444e+02
2.503488145789101225e+02 6.128982366124085956e+01 1.367795323189431542e+02
2.502951020287803772e+02 6.128916017928757043e+01 1.366827524180231137e+02
2.502765761382401593e+02 6.124568736730360996e+01 1.366410341472045218e+02
2.502326315168671726e+02 6.113487113706062814e+01 1.364707109577730648e+02
2.501865784972870870e+02 6.109359518754423135e+01 1.363499203821656067e+02
2.501401863647086543e+02 6.103063812219863138e+01 1.363681735079028101e+02
2.501274253951403637e+02 6.092639036329322977e+01 1.363272661594715771e+02
2.500893783911299977e+02 6.080059418494928281e+01 1.362431661358810970e+02
2.500758286152394305e+02 6.085369485727765948e+01 1.361964938664779368e+02
2.500787700518990277e+02 6.087013446567586783e+01 1.362139360698277812e+02
2.500182826138240273e+02 6.086534265156876700e+01 1.361322983014862018e+02
2.500080649917433391e+02 6.088655195800896536e+01 1.360937942321302216e+02
2.500050940669969464e+02 6.079185833923094862e+01 1.360951728001887204e+02
2.499768960839820693e+02 6.086566702052370914e+01 1.359715292521821084e+02
2.499533940787921722e+02 6.080572511205473063e+01 1.359029915664071666e+02
2.499719936895494357e+02 6.082475967209247614e+01 1.359954809506959066e+02
2.499419969332389826e+02 6.084096337579617852e+01 1.360884274003302608e+02
2.499199251002594906e+02 6.074587166784618830e+01 1.360695181646614742e+02
2.499181631870724232e+02 6.070985196980419829e+01 1.360581357631516823e+02
2.499050336164189616e+02 6.067141424864355059e+01 1.359669291106393132e+02
2.498904591295116688e+02 6.065324221514508451e+01 1.358319695093182418e+02
2.498693014272234052e+02 6.065207006369426779e+01 1.358199752300070884e+02
2.498916460250059117e+02 6.063361789337108121e+01 1.357946375914130783e+02
2.498858221278603366e+02 6.061818087992450899e+01 1.357600775536683102e+02
2.498764375442321182e+02 6.067355950695918665e+01 1.357770037154989495e+02
2.499105405166312721e+02 6.055478149327671389e+01 1.358459173743807469e+02
2.499560111464968202e+02 6.056979830148620181e+01 1.358739531729181351e+02
2.499583996815286753e+02 6.053529723991507439e+01 1.359032348431233856e+02
2.499682265864590818e+02 6.056889154281670073e+01 1.358653500235904801e+02
2.499610904694503404e+02 6.058892869780608947e+01 1.359124572422741153e+02
2.499771319886765752e+02 6.061425896437839356e+01 1.358902232248171629e+02
2.499883669497523044e+02 6.064343742627978173e+01 1.358110477117244557e+02
2.499788349256900233e+02 6.062233870016513038e+01 1.358787671030903539e+02
2.500287730007077016e+02 6.063066908468978511e+01 1.358683578084453814e+02
2.500028161122906454e+02 6.067632401509789730e+01 1.357488794527011180e+02
2.499864207360226374e+02 6.062828054965793712e+01 1.357440950106157231e+02
2.500098047888652957e+02 6.062261146496815201e+01 1.357420824486907236e+02
2.500161004953998543e+02 6.066527335456475356e+01 1.357589717504128259e+02
2.499783188841707897e+02 6.072685922387355362e+01 1.356882740622788504e+02
2.499439578910120190e+02 6.075753420618070066e+01 1.357522558386411902e+02
2.499574192026421429e+02 6.076088110403397025e+01 1.357715705355036562e+02
2.499837004600141483e+02 6.077661299834866782e+01 1.357538039631988624e+02
2.500157687544232203e+02 6.075691495635763317e+01 1.358776539278131565e+02
2.500136824722812037e+02 6.085111464968152717e+01 1.358122346072186701e+02
2.500194031611229093e+02 6.085396025005897513e+01 1.358241035621609001e+02
2.500579735786742219e+02 6.074670470629865804e+01 1.359637075371549884e+02
2.500718993276716162e+02 6.065467975937720979e+01 1.360331446095777324e+02
2.500756738027836832e+02 6.056595010615711061e+01 1.360331446095777324e+02
2.500158056145317289e+02 6.052454146025005599e+01 1.359202568412361529e+02
2.500198749705119212e+02 6.045039366595895558e+01 1.358226070417551341e+02
2.499984076433121061e+02 6.050153338051427454e+01 1.357916961547534811e+02
2.499573823425336059e+02 6.054760114413776506e+01 1.357546812337815538e+02
2.499522587874498640e+02 6.059035149799480990e+01 1.358519255720688932e+02
2.499598814578910151e+02 6.069437809624911750e+01 1.358169453290870479e+02
2.499782820240622812e+02 6.076961694975229733e+01 1.358032628568058442e+02
2.499657864472752919e+02 6.075759318235432715e+01 1.358654606039160058e+02
2.499728562160887009e+02 6.067257902807266134e+01 1.358610373908940687e+02
2.499687573720217131e+02 6.072796502712903788e+01 1.358127580207596168e+02
2.499740209955178045e+02 6.074151480301957662e+01 1.358113131045057855e+02
2.499855950695918807e+02 6.070556882519461794e+01 1.358938650035385649e+02
2.499506074545883507e+02 6.063581475583863778e+01 1.359701801722104335e+02
2.499543303255484830e+02 6.067620606275065143e+01 1.360026096956829349e+02
2.499466191908468886e+02 6.060929022175041325e+01 1.360453453054965678e+02
2.499432722929936403e+02 6.060633404104741828e+01 1.360123997405048328e+02
2.499693102736494552e+02 6.066362202170323314e+01 1.359622921089879810e+02
2.499295898207124367e+02 6.071525566171266775e+01 1.359844376621844901e+02
2.499075769639065925e+02 6.071558740268931587e+01 1.359601763387591404e+02
2.499518533262561846e+02 6.064623142250530918e+01 1.359349050483604628e+02
2.499500471809388955e+02 6.065612467563104815e+01 1.359050925925925810e+02
2.499002712903986776e+02 6.067928756782259825e+01 1.358796296296296191e+02
2.499107027011087609e+02 6.074424245104977871e+01 1.359169984076433195e+02
2.499096632460486092e+02 6.063868984430290254e+01 1.359120738971455467e+02
2.498749557678697784e+02 6.064132902807266134e+01 1.359198734961075843e+02
2.498826447865062619e+02 6.058702671620665114e+01 1.358847974168435826e+02
2.498159795942439132e+02 6.066009082330738522e+01 1.357933179995281989e+02
2.498104579499882050e+02 6.059058740268931587e+01 1.355961606510969659e+02
2.498051353503184657e+02 6.066575253597546435e+01 1.355118836989855993e+02
2.497775566171266917e+02 6.055436866006133556e+01 1.355316480891719664e+02
2.498059536447275377e+02 6.063771673743807611e+01 1.355836945623968006e+02
2.498241183062042978e+02 6.058983545647558344e+01 1.355819768813399264e+02
2.498585751356451965e+02 6.065158351026185102e+01 1.358017958244869021e+02
2.498505396319886813e+02 6.070247257607926628e+01 1.358722797239915110e+02
2.499056307501769254e+02 6.075064136588817831e+01 1.358820992569002044e+02
2.499672682236376602e+02 6.078489915074310090e+01 1.360589761736258652e+02
2.499771319886765752e+02 6.075261706770464798e+01 1.360567719391365813e+02
2.499874159589525959e+02 6.073224817173861823e+01 1.361184094125973161e+02
2.499823145199339365e+02 6.070886411889596701e+01 1.360791902571361049e+02
2.499754364236848403e+02 6.066592946449634383e+01 1.360678225996697392e+02
2.499661992804906845e+02 6.059178167020523631e+01 1.360699162538334406e+02
2.499753332153809993e+02 6.068720511913186755e+01 1.360639301722104335e+02
2.499791003184713247e+02 6.083798507902807273e+01 1.360207227530077887e+02
2.499709173743807469e+02 6.084528338051427454e+01 1.359860889950460034e+02
2.499954367185657134e+02 6.090086105213493539e+01 1.360689136588818258e+02
2.499591884878508949e+02 6.079435008256664474e+01 1.360262443972634969e+02
2.499947216324604824e+02 6.094130396319886955e+01 1.361156670205237162e+02
2.500072245812691563e+02 6.096549156640717371e+01 1.361487600259495139e+02
2.500554449752300172e+02 6.100017692852087947e+01 1.362509878509082455e+02
2.500340587402689323e+02 6.106049481009672064e+01 1.363016336400094417e+02
2.500332035857513517e+02 6.097584188487850554e+01 1.362633654753479675e+02
2.500110875206416665e+02 6.094183474876150086e+01 1.361524239207360267e+02
2.499504010379806687e+02 6.081348047888653241e+01 1.359415030077848598e+02
2.499615917669261478e+02 6.075903072658645954e+01 1.360291710898796964e+02
2.499930555555555429e+02 6.071924392545411564e+01 1.360188428874734541e+02
2.499941244987025186e+02 6.077795470629865804e+01 1.359918317999528199e+02
2.499564608398207213e+02 6.082689755838641332e+01 1.360274312927577398e+02
2.499645774357159667e+02 6.088345570889360658e+01 1.360427503538570306e+02
2.499362688723755639e+02 6.088046266808209595e+01 1.360391528072658787e+02
2.499478134583628162e+02 6.091062898089172251e+01 1.360282864472752919e+02
2.498882106628921917e+02 6.088072806086341160e+01 1.360882357277659764e+02
2.498965852795470539e+02 6.089910651096956684e+01 1.360368306204293560e+02
2.499254320004718011e+02 6.080124292285916709e+01 1.360571257961783544e+02
2.499011706770464798e+02 6.072144078792167932e+01 1.360075489502241055e+02
2.499341088700165017e+02 6.063386117008728604e+01 1.360422269403161124e+02
2.499290811512149162e+02 6.064557531257371892e+01 1.360499601910827892e+02
2.499007652158528003e+02 6.065882283557442634e+01 1.360160415192262349e+02
2.498451875442321182e+02 6.065122228119839320e+01 1.359130912361405876e+02
2.498381030313753115e+02 6.054977589054022502e+01 1.357494102382637493e+02
2.498233589879688736e+02 6.061729623732012584e+01 1.357515997287096070e+02
2.498110993158763904e+02 6.063608752064165941e+01 1.357054729889124758e+02
2.498011986907289383e+02 6.056344361877801674e+01 1.356346868365180569e+02
2.497909884406699632e+02 6.056466737438074688e+01 1.356779458598726080e+02
2.498083053196508558e+02 6.050154075253597341e+01 1.357356614177872132e+02
2.498048920736022751e+02 6.047486877801367910e+01 1.357477073012503013e+02
2.498388549775890510e+02 6.050981216088700165e+01 1.357629673861759727e+02
2.498619810096720926e+02 6.072057088936070102e+01 1.359459041047416861e+02
2.498532451639537726e+02 6.082531257372021827e+01 1.358844066996933293e+02
2.498433887709365422e+02 6.088781257372021827e+01 1.358818264920971899e+02
2.498727220452936990e+02 6.093981481481481666e+01 1.359445771408350936e+02
2.498841265628686017e+02 6.098861759849020814e+01 1.360264213257843835e+02
2.499194532908704787e+02 6.095043789808917012e+01 1.361664233899504666e+02
2.499292875678225982e+02 6.098309595423449281e+01 1.361806366477943016e+02
2.499616949752300172e+02 6.094219597782495867e+01 1.362275521939136524e+02
2.499851011441377580e+02 6.090863116301014202e+01 1.362517545411653828e+02
2.499733943736730453e+02 6.096644992922858819e+01 1.361604520523708288e+02
2.499671060391601713e+02 6.091856127624439665e+01 1.360514640835102682e+02
2.499928270228827500e+02 6.087229446803491584e+01 1.360543539160179307e+02
2.499860742510026057e+02 6.092118571597075061e+01 1.359662140245340822e+02
2.499401686718565827e+02 6.083947422741212563e+01 1.359536815876385845e+02
2.499263313871196033e+02 6.080817999528190398e+01 1.359889419674451574e+02
2.499370281906109881e+02 6.081052429818353033e+01 1.360821390658174153e+02
2.499348092120783065e+02 6.088931646614767601e+01 1.361564048124557758e+02
2.499348018400566218e+02 6.090464289926869412e+01 1.362650462962963047e+02
2.499525536683179894e+02 6.097186099315876362e+01 1.362620237673979773e+02
2.499364605449398482e+02 6.085564107100731235e+01 1.361557265864590818e+02
2.498681735079028101e+02 6.078941820004718011e+01 1.360515525477707115e+02
2.498350362703467908e+02 6.073154045765510745e+01 1.359813487850908302e+02
2.497981687898089262e+02 6.063578526775182809e+01 1.359715513682472192e+02
2.498792905166312721e+02 6.064013476055673380e+01 1.359376400684123496e+02
2.498440448808681253e+02 6.061608722576079344e+01 1.359624985255956631e+02
2.498442881575843444e+02 6.062337815522528928e+01 1.359292875678225982e+02
2.498513210662892163e+02 6.068225849256900517e+01 1.358741669615475303e+02
2.498297652748289579e+02 6.073515274828969268e+01 1.358410739561217326e+02
2.498244205590941363e+02 6.075396614767633707e+01 1.358557590233545511e+02
2.498374542934654414e+02 6.075574280490681645e+01 1.357515112644491637e+02
2.498150433474876024e+02 6.074260586223165603e+01 1.358339157230478804e+02
2.498231894314697001e+02 6.067444414956357690e+01 1.359217312455767797e+02
2.498370930644019836e+02 6.068604033970275680e+01 1.358734371313989016e+02
2.498112983604623594e+02 6.068806027364944811e+01 1.358527512384996498e+02
2.498152350200518867e+02 6.060444680349139190e+01 1.358462638594008070e+02
2.498279959896202058e+02 6.065428904222694229e+01 1.358254673861759727e+02
2.498143946095777324e+02 6.064820712432177174e+01 1.357636972163246014e+02
2.498329057560745525e+02 6.068168347487615222e+01 1.357808371667846075e+02
2.498397691082802510e+02 6.076380042462844955e+01 1.357497935833923179e+02
2.498354417315404703e+02 6.068574545883463145e+01 1.357551309271054549e+02
2.497922932885114449e+02 6.068879747581976858e+01 1.356699251002594906e+02
2.497383669497523044e+02 6.065221013210663159e+01 1.355990725996697392e+02
2.496951005543760402e+02 6.061224640245340822e+01 1.355029340646378841e+02
2.496659220924746307e+02 6.059150890540221468e+01 1.354499955767869892e+02
2.496659368365180569e+02 6.056744662656286948e+01 1.354840248289690976e+02
2.496772897499410249e+02 6.052826433121018823e+01 1.354850053078556300e+02
2.496822806086341018e+02 6.059359518754423135e+01 1.354542050011795311e+02
2.496701978650625051e+02 6.063089024534087912e+01 1.353893385822127868e+02
2.497249203821656067e+02 6.065038924274593057e+01 1.354248201226704396e+02
2.497274121255013029e+02 6.072372611464967918e+01 1.353955974286388368e+02
2.497546738617598407e+02 6.053988263741448606e+01 1.355236641896673859e+02
2.497347472870960132e+02 6.046148118660061499e+01 1.355310140953054940e+02
2.497457021113470148e+02 6.042922121962727289e+01 1.356438797475819911e+02
2.497966501533380494e+02 6.043449221514508451e+01 1.356245724227412097e+02
2.497782053550365617e+02 6.047426427223401646e+01 1.356970025359754572e+02
2.497784265156876700e+02 6.044470246520405965e+01 1.356687824368954978e+02
2.497629157820240664e+02 6.050967946449634383e+01 1.356863868247228027e+02
2.497725952465204102e+02 6.060192557206888608e+01 1.355856186600613285e+02
2.497381089289926877e+02 6.061485609813635023e+01 1.355088906581740957e+02
2.497232174451521587e+02 6.058791135881104140e+01 1.355836503302665790e+02
2.497475819768813494e+02 6.062688723755602638e+01 1.355231923802783740e+02
2.497297269403161124e+02 6.057542315404576527e+01 1.355688620547298910e+02
2.497010645199339365e+02 6.050710662892191749e+01 1.355167050011795311e+02
2.496514876739797160e+02 6.031342150271290592e+01 1.355448587520641581e+02
2.496489148384052896e+02 6.033013387591412879e+01 1.354758050247699828e+02
2.496507209837225787e+02 6.035329676810568600e+01 1.353894639065817387e+02
2.496426633640009527e+02 6.041524386647794387e+01 1.353500162184477347e+02
2.496783586930880006e+02 6.048311069827789765e+01 1.353355817999528199e+02
2.496337727058268570e+02 6.053743512620901157e+01 1.352796060391601713e+02
2.496519299952819040e+02 6.054810244161358668e+01 1.352738042580797355e+02
2.496875147440433977e+02 6.037690935362113720e+01 1.354469730478886618e+02
2.497126312219863280e+02 6.031083392309506763e+01 1.354726497994810188e+02
2.497067483486671335e+02 6.031390068412361671e+01 1.356200902335456533e+02
2.496822658645907040e+02 6.023434182590233377e+01 1.355271880160415208e+02
2.496732719981127673e+02 6.027670883463080997e+01 1.355134834276952063e+02
2.496560140953054940e+02 6.024539985845718348e+01 1.355596986317527808e+02
2.496695343831092373e+02 6.040421532200991095e+01 1.355788290280726471e+02
2.496957714083510211e+02 6.046379600141543165e+01 1.356014316466147704e+02
2.496862393842887400e+02 6.048140776126444962e+01 1.356152394432649260e+02
2.496460618660061357e+02 6.045570152158528288e+01 1.356771423095069622e+02
2.496250663481953325e+02 6.049635084925689910e+01 1.355895184595423473e+02
2.496523133404104726e+02 6.052353149327671389e+01 1.356468211842415599e+02
2.496487821420146247e+02 6.045657142014626118e+01 1.356251843005425712e+02
2.496400168082094808e+02 6.041974079971691225e+01 1.355559167846190007e+02
2.496583289101203036e+02 6.043360757254069426e+01 1.355929906817645758e+02
2.496501754541165496e+02 6.044938369898560637e+01 1.355210102618542010e+02
2.495941333451285686e+02 6.036531316348195020e+01 1.353403367539513908e+02
2.495428167020523631e+02 6.024186866006133556e+01 1.351513549775890510e+02
2.495426987497051243e+02 6.026707360226468779e+01 1.351063635291342280e+02
2.495441215498938448e+02 6.025905284265157036e+01 1.352324840764331100e+02
2.495377963552724623e+02 6.020360786742156023e+01 1.351848092120783065e+02
2.495351645435244166e+02 6.018279665015333535e+01 1.351072924038688257e+02
2.495256988676574679e+02 6.021772528898325305e+01 1.350608928992687083e+02
2.494966383581033256e+02 6.024579057560745809e+01 1.351421841825902277e+02
2.495203025477707115e+02 6.024176545175748743e+01 1.351399135999056398e+02
2.495374203821656067e+02 6.031940758433592720e+01 1.350675940669969464e+02
2.495342430408115035e+02 6.034264419674451574e+01 1.350381944444444571e+02
2.495013933121019249e+02 6.044949427931116048e+01 1.350224330620429214e+02
2.494936748053786175e+02 6.052600112054729919e+01 1.349802945859872523e+02
2.495105493630573221e+02 6.046414248643547751e+01 1.349661919084689714e+02
2.495020715380986189e+02 6.039524357159707790e+01 1.351710898796885942e+02
2.495338965557914719e+02 6.031996785798537530e+01 1.352628936659589556e+02
2.495517221042698850e+02 6.030607159707478360e+01 1.353036240858693020e+02
2.495866138829912586e+02 6.029283881811748103e+01 1.353960913540929596e+02
2.496027807265864453e+02 6.035635615711252910e+01 1.353907392663363964e+02
2.495962122552488722e+02 6.037393105685303141e+01 1.353447525949516432e+02
2.495758064991743197e+02 6.039494131870723947e+01 1.353424820122670553e+02
2.495728576904930378e+02 6.035092297711724285e+01 1.353158174097664528e+02
2.495890466501533353e+02 6.032074192026421144e+01 1.353792462845010505e+02
2.495418435951875438e+02 6.033292787213965624e+01 1.353467282967681058e+02
2.495377300070771298e+02 6.031740976645435381e+01 1.353438605803255541e+02
2.495648885350318551e+02 6.026424274593064467e+01 1.353802046473224721e+02
2.495839820712432129e+02 6.029768223637650237e+01 1.354270612172682320e+02
2.495809964024534224e+02 6.020665251238499849e+01 1.354340793819297062e+02
2.495255661712668029e+02 6.011985432885114733e+01 1.352287685774946908e+02
2.494762031139419776e+02 6.009927901627742131e+01 1.351419482778957217e+02
2.494351483250766819e+02 6.010771998112762304e+01 1.350473726114649651e+02
2.494105257725878744e+02 6.011622729417315725e+01 1.349887945270110947e+02
2.494503641778721317e+02 6.010275123849964274e+01 1.351189991743335668e+02
2.494214437367303674e+02 6.021976733899504808e+01 1.351463567468742610e+02
2.494742716442557082e+02 6.029495458834630739e+01 1.351227736494456337e+02
2.494813856451993388e+02 6.029550748997404952e+01 1.349957168553904125e+02
2.494964761736258652e+02 6.025924451521585468e+01 1.349968447747110076e+02
2.495201108752064272e+02 6.035746933238971224e+01 1.350859872611464993e+02
2.495855375678225982e+02 6.046558740268931587e+01 1.351792728237792005e+02
2.495971263859400722e+02 6.039635674687426103e+01 1.352651052724699241e+02
2.496149593064401984e+02 6.033179995281906116e+01 1.353155225288983274e+02
2.495976055673507972e+02 6.033560391601793071e+01 1.353320948336871936e+02
2.496227515333805229e+02 6.031889154281670073e+01 1.354219229181410640e+02
2.496543922505307762e+02 6.034274003302665790e+01 1.354617834394904321e+02
2.496546134111818844e+02 6.033581770464732585e+01 1.354154650271290450e+02
2.496414469804199143e+02 6.032374970511913403e+01 1.353885940080207604e+02
2.496531390068412293e+02 6.030545971927341498e+01 1.354463685421089849e+02
2.495874837815522653e+02 6.025076669025713727e+01 1.352738853503184657e+02
2.496240047770700698e+02 6.027927429818353033e+01 1.353424377801368337e+02
2.496064077612644496e+02 6.028969833687190061e+01 1.353806248525595777e+02
2.496101085161594710e+02 6.035830974286388084e+01 1.353560833923095004e+02
2.496114944562396829e+02 6.034748761500353709e+01 1.353124705119131761e+02
2.495559389006841116e+02 6.031269167256428432e+01 1.352368925454116493e+02
2.495684049893842769e+02 6.022719096485020174e+01 1.352501621844774604e+02
2.495701079263977249e+02 6.027597900448218837e+01 1.351982778957301150e+02
2.495852942911063792e+02 6.026087373201226427e+01 1.351519594833687279e+02
2.496059064637886422e+02 6.028782584335928618e+01 1.351000309624911608e+02
2.496269388417079540e+02 6.035042905166312721e+01 1.351554538216560388e+02
2.496367878627034713e+02 6.042684005661712376e+01 1.352519609577730648e+02
2.496415723047888662e+02 6.039006841236140843e+01 1.352962668082094808e+02
2.495836060981363573e+02 6.028116153573956382e+01 1.351488190021231333e+02
2.495695034206180765e+02 6.025807973578674392e+01 1.349892810804435044e+02
2.495476969804199143e+02 6.030742804906817867e+01 1.350025212314224916e+02
2.496064298773295604e+02 6.028562898089172251e+01 1.350223003656522849e+02
2.496356304552960523e+02 6.020060745458834361e+01 1.351954617834394980e+02
2.496438723755602780e+02 6.026795087284737207e+01 1.353079219745222872e+02
2.496342518872375535e+02 6.021790221750412542e+01 1.353980449398443113e+02
2.496135807383816996e+02 6.020624705119131903e+01 1.353159869662656263e+02
2.496349153691908498e+02 6.024434565935361974e+01 1.352977928167020423e+02
2.496208864118895860e+02 6.041505219391365955e+01 1.352196051545175806e+02
2.496383433592828567e+02 6.051187632696390750e+01 1.350708377565463536e+02
2.496419040457655001e+02 6.057669114177872416e+01 1.350510365062514779e+02
2.496185052488794440e+02 6.061119220334984448e+01 1.350280652866242121e+02
2.496259067586694869e+02 6.067834394904458861e+01 1.349752005189903343e+02
2.496510453526775279e+02 6.050818294409058495e+01 1.351183651804670944e+02
2.496192203349846750e+02 6.044260143901863813e+01 1.351799215616890706e+02
2.496145022410945842e+02 6.044979653220099181e+01 1.352677075961311743e+02
2.496259657348431347e+02 6.040142869780608947e+01 1.353456814696862409e+02
2.496196626562868630e+02 6.043424156640717371e+01 1.352643164661476760e+02
2.496575769639065925e+02 6.038580001179523293e+01 1.353477456357631468e+02
2.496410488912479479e+02 6.039233899504600345e+01 1.352637119603679992e+02
2.496553284972870870e+02 6.043183091531021489e+01 1.352564800070771298e+02
2.495689652630337321e+02 6.040449545883463145e+01 1.351643887119603562e+02
2.495428535621609001e+02 6.038814431469685928e+01 1.351977987143194184e+02
2.495395730125029559e+02 6.034391218447747463e+01 1.352058784501061552e+02
2.495247773649445548e+02 6.028484754659118039e+01 1.351601276834159080e+02
2.494839953408822737e+02 6.025074457419202645e+01 1.350982027011087609e+02
2.494688826963906649e+02 6.025219686246756368e+01 1.350713464260438741e+02
2.494953335102618439e+02 6.025428314460958035e+01 1.350573027246992126e+02
2.494588493748525480e+02 6.017051486199575550e+01 1.350473136352913457e+02
2.494458746166548622e+02 6.019945741920264481e+01 1.350480950695918807e+02
2.494265599197923962e+02 6.018488293229535202e+01 1.349656537508846554e+02
2.493928845246520325e+02 6.009275477707006274e+01 1.350169851380042587e+02
2.493961945623968006e+02 6.005799569473932564e+01 1.349546399504600060e+02
2.493888372847369794e+02 6.010859725171030732e+01 1.349292359636706635e+02
2.494143297357867368e+02 6.011209158999763957e+01 1.349409427341354046e+02
2.494135999056381081e+02 6.021134849020995716e+01 1.348299495753715576e+02
2.493949929228591600e+02 6.020183858221278683e+01 1.348370267162066511e+02
2.494193500825666376e+02 6.026113912479357992e+01 1.347433872965322053e+02
2.493920293701344519e+02 6.007995694739325643e+01 1.348214791224345390e+02
2.493818633522056984e+02 6.008917197452229431e+01 1.348082979476291712e+02
2.494289853149327598e+02 6.009458303845246263e+01 1.348125442321302216e+02
2.494283439490445744e+02 6.007885851615947104e+01 1.348645391012031212e+02
2.494122729417315441e+02 6.013343359282849576e+01 1.348834483368719077e+02
2.494201978650625051e+02 6.013515864590705462e+01 1.348690728945506123e+02
2.494361361759848990e+02 6.015091265628686301e+01 1.349146835928285100e+02
2.494315950106157231e+02 6.024904163717857841e+01 1.350136529841943798e+02
2.494057192144373687e+02 6.028748673036093209e+01 1.349876076315168802e+02
2.494051147086576918e+02 6.026378568058504470e+01 1.349361582920500098e+02
2.494947953526775279e+02 6.019643489030431738e+01 1.350078733191790548e+02
2.494964688016041521e+02 6.009185539042226765e+01 1.350843064401981621e+02
2.495495842179759336e+02 5.999013623496107783e+01 1.350982690493040934e+02
2.495464953408822737e+02 5.997234754659118039e+01 1.350852426869544729e+02
2.495307929346543858e+02 5.991803786270347132e+01 1.350505130927105313e+02
2.495100480655815147e+02 5.998580885822127584e+01 1.350495621019108228e+02
2.494395051899032865e+02 6.008254452701108761e+01 1.349757829087048719e+02
2.494296266808209452e+02 6.009950754895022129e+01 1.349066849492805034e+02
2.494074000353857059e+02 6.019339761736258509e+01 1.349009495163953716e+02
2.494496196036801052e+02 6.015383197688134231e+01 1.350102544821891968e+02
2.494663319768813494e+02 6.011627152630337179e+01 1.350059418494928138e+02
2.494772278249587032e+02 6.019326492097192727e+01 1.349295824486907236e+02
2.494739988794526937e+02 6.019452553668318018e+01 1.349064121844774604e+02
2.494097443382873394e+02 6.009930850436423810e+01 1.347472502359046871e+02
2.493766955649917350e+02 5.998787302429818169e+01 1.346755352087756421e+02
2.493737098962019445e+02 5.998440817409766623e+01 1.346538172328379233e+02
2.494227190964850251e+02 5.998723165841000338e+01 1.347656581740976662e+02
2.494192173861759727e+02 5.996986317527719024e+01 1.348625265392781216e+02
2.494512561924982208e+02 5.999130101439018858e+01 1.350105862231658307e+02
2.494383993866478022e+02 6.001206062750648584e+01 1.350197422741212563e+02
2.494646216678461883e+02 6.001535592120783491e+01 1.349861479712196228e+02
2.494816289219155578e+02 5.984206180702995681e+01 1.349153397027600931e+02
2.495093772116065054e+02 5.983455708893607294e+01 1.348754570653456142e+02
2.495201993394668420e+02 5.983221278603443949e+01 1.349212225760792592e+02
2.495507563694267503e+02 5.990137709365416185e+01 1.350025359754659178e+02
2.495283454234489398e+02 5.992919173154045609e+01 1.350184816584099963e+02
2.495102544821891968e+02 5.999830443500825794e+01 1.349434271054493877e+02
2.495013269639065925e+02 6.010394550601557029e+01 1.349519344184949148e+02
2.495198233663599865e+02 6.012956328143430085e+01 1.349900993748525480e+02
2.495405461193677752e+02 6.020913688369898864e+01 1.349466781670205364e+02
2.495273575725406943e+02 6.022245812691672739e+01 1.350280874026893230e+02
2.495331962137296671e+02 6.019060362113705764e+01 1.350162110757254084e+02
2.495436423684831198e+02 6.014221367067704449e+01 1.349726129393724818e+02
2.495740077258787437e+02 6.018343801604152077e+01 1.350194989974050372e+02
2.495995517810804358e+02 6.022629157820240664e+01 1.349974787685775084e+02
2.495851099905638080e+02 6.024946184241566272e+01 1.350103576904930378e+02
2.495673507902807273e+02 6.023563192970040348e+01 1.351292389124793658e+02
2.495619765864590818e+02 6.027496166548714029e+01 1.350572806086341018e+02
2.495868866477943016e+02 6.027133463080915021e+01 1.350257430997876895e+02
2.496043583392309415e+02 6.027104712196272374e+01 1.350587181528662484e+02
2.496072481717386040e+02 6.021135586223165603e+01 1.351335220570889248e+02
2.495996918494928138e+02 6.026405107336636036e+01 1.352591707949988233e+02
2.496399946921443700e+02 6.024309241566407280e+01 1.353392383227176197e+02
2.496565227648030145e+02 6.025482867421561650e+01 1.353673109813635165e+02
2.496244618424156556e+02 6.020461783439490233e+01 1.354335633404104726e+02
2.496414174923330904e+02 6.027104712196272374e+01 1.352517619131870674e+02
2.496231496225524893e+02 6.039553108044349727e+01 1.352315773177636231e+02
2.496268135173390021e+02 6.040475347959424113e+01 1.351937367303609392e+02
2.496363086812927463e+02 6.040352235196980502e+01 1.353647012856805816e+02
2.496718934300542685e+02 6.052066377683416221e+01 1.353427031729181351e+02
2.496910311983958479e+02 6.046261647794290894e+01 1.353380145671148966e+02
2.497151303373437088e+02 6.037143194149563641e+01 1.353923684831328274e+02
2.497050011795234639e+02 6.042512974758197686e+01 1.353453939608398287e+02
2.496820299598961981e+02 6.043679965793819520e+01 1.352866315758433586e+02
2.496966265628686017e+02 6.052033940787922006e+01 1.352815448808681253e+02
2.497052518282613960e+02 6.043110845718329927e+01 1.354291327553668225e+02
2.497038806322245819e+02 6.037442498230714705e+01 1.354977589054022076e+02
2.497299112408586836e+02 6.037713051427223121e+01 1.355000221160651108e+02
2.497264537626798813e+02 6.040341177164425801e+01 1.355207743571596950e+02
2.497410503656522849e+02 6.035011942675158991e+01 1.355375457065345586e+02
2.497470364472752919e+02 6.039600288983250920e+01 1.355306012620901015e+02
2.497203349846661808e+02 6.044331652512384778e+01 1.355044010969568262e+02
2.497966648973814472e+02 6.053799539985845968e+01 1.354548389950460034e+02
2.498624970511913261e+02 6.058034029252181796e+01 1.354675336164189616e+02
2.498937249351262153e+02 6.057237850908233412e+01 1.354459335928285100e+02
2.498818633522056984e+02 6.070949074074074048e+01 1.354549495753715576e+02
2.499200504246284424e+02 6.080184005661712376e+01 1.355914130691200796e+02
2.498951182472281118e+02 6.088665516631280639e+01 1.356567660415192336e+02
2.498929803609341889e+02 6.094038983250766961e+01 1.356593831092238815e+02
2.499204042816702156e+02 6.096653839348903148e+01 1.356799584217976076e+02
2.499807369072894687e+02 6.087459453880632054e+01 1.357972325430526155e+02
2.500230375678225982e+02 6.072828939608398002e+01 1.358850038334512931e+02
2.500161815876385845e+02 6.076392574899740850e+01 1.359429626680820888e+02
2.500605169261618244e+02 6.076619633168200352e+01 1.359349566525123976e+02
2.500880809153102007e+02 6.079190257136117026e+01 1.360209660297239793e+02
2.500764036329322835e+02 6.076333598726114360e+01 1.361074472163246014e+02
2.500278146378862800e+02 6.069530697098372229e+01 1.361253907171502817e+02
2.499690891129983470e+02 6.065675866949752049e+01 1.361440935362113578e+02
2.500172652748289579e+02 6.069543229535267415e+01 1.361356599433828762e+02
2.500646600023590338e+02 6.070815640481245623e+01 1.361548419438546773e+02
2.501181587638594124e+02 6.074437514744043654e+01 1.361687234607218784e+02
2.501160577376739695e+02 6.072084365416371554e+01 1.362928683062042978e+02
2.500953497287096070e+02 6.072367451049775866e+01 1.362724920382165692e+02
2.501212034088228222e+02 6.076816466147676010e+01 1.363332006369426779e+02
2.501087889242745916e+02 6.079788128096249267e+01 1.363176677872139635e+02
2.501645877565463536e+02 6.081261058032554701e+01 1.362947260556735216e+02
2.501212550129747569e+02 6.083555968388770907e+01 1.362865799716914239e+02
2.501489664425571959e+02 6.080245930644019836e+01 1.362105596838877091e+02
2.501123864708657720e+02 6.082318205944797995e+01 1.361163673625855211e+02
2.501011220217032189e+02 6.085288393489030767e+01 1.361080443500825652e+02
2.501260836871903734e+02 6.085056912007549101e+01 1.361669762915782087e+02
2.501157186246756226e+02 6.084623437131399015e+01 1.361539867893370968e+02
2.501173330974286273e+02 6.095915162774239349e+01 1.363210146850672402e+02
2.501128582802547839e+02 6.100714348903043316e+01 1.362978075607454684e+02
2.501105508374616591e+02 6.090362556027364604e+01 1.362590307265864453e+02
2.500810996107572635e+02 6.098346455531964949e+01 1.362804390776126411e+02
2.501341634229771103e+02 6.099427931115829438e+01 1.362977707006369315e+02
2.501442999528190683e+02 6.109778249587166954e+01 1.363375058976173761e+02
2.501546281552252822e+02 6.109192173861760011e+01 1.363970792050011767e+02
2.501649194975229875e+02 6.114090145081387107e+01 1.364389817763623398e+02
2.501893356334041130e+02 6.115417108987968930e+01 1.364754143076197295e+02
2.501933312691672597e+02 6.123874292285916709e+01 1.363544836635998934e+02
2.502478989738145856e+02 6.127098077376739838e+01 1.362901332861523827e+02
2.502290413422977053e+02 6.129196891955650273e+01 1.364488897735315049e+02
2.502392810804435044e+02 6.128771526303373207e+01 1.364963434772352002e+02
2.502071022057089067e+02 6.120150684123613871e+01 1.363786270346780043e+02
2.502125206416607739e+02 6.116057737673979489e+01 1.364135409294644887e+02
2.502291371785798617e+02 6.119788717857985461e+01 1.364940655225288992e+02
2.502562072422741153e+02 6.123835220570889248e+01 1.365192999528190683e+02
2.502845526657230550e+02 6.125532259966973214e+01 1.365357690493040934e+02
2.502526981599433782e+02 6.120982985373908747e+01 1.366301382991271396e+02
2.502486361759848990e+02 6.116553137532437034e+01 1.367347251710309024e+02
2.502839997640953129e+02 6.106372375560273724e+01 1.367828497287096070e+02
2.502874424982307175e+02 6.111055820948337214e+01 1.368392530667610174e+02
2.502930820948336930e+02 6.116492686954470059e+01 1.368413393489030341e+02
2.503172328379334886e+02 6.124650566171266775e+01 1.368294851380042587e+02
2.503276200165133218e+02 6.135814018636470735e+01 1.368495444090587512e+02
2.503264110049539966e+02 6.149465528426515704e+01 1.367848180585043565e+02
2.502722413894786371e+02 6.156179228591648922e+01 1.367498673036093351e+02
2.503242878627034713e+02 6.149887208067940492e+01 1.367915118542109099e+02
2.503172623260202840e+02 6.156214614295824816e+01 1.368533557442792983e+02
2.503483206534559997e+02 6.158728473696626793e+01 1.367532879216796289e+02
2.503548301486199534e+02 6.160287656286860170e+01 1.368120650507194966e+02
2.503779709247463927e+02 6.154370871667845933e+01 1.369385099669733563e+02
2.503924643194149553e+02 6.161522469922151402e+01 1.369546473224817191e+02
2.504177650979004568e+02 6.163881516867185439e+01 1.370234282849728800e+02
2.503991581151214803e+02 6.164929818353385116e+01 1.371308533852323706e+02
2.504086311630101420e+02 6.159393430054257834e+01 1.371709129511677361e+02
2.504466929110639342e+02 6.163209188487850554e+01 1.371761175984902081e+02
2.504950681174805425e+02 6.170228090351498196e+01 1.372067041165369119e+02
2.505106009672092569e+02 6.166342297711724285e+01 1.372754039867893425e+02
2.504777880986081584e+02 6.164970364472753062e+01 1.373391056263269547e+02
2.505226984548242513e+02 6.171259436187779812e+01 1.373225406935598016e+02
2.505169925100259434e+02 6.175426102854446953e+01 1.373240888181174739e+02
2.504899150743099767e+02 6.167779104741684648e+01 1.373067866831800075e+02
2.504741905520169780e+02 6.163105980184005972e+01 1.371363824015097919e+02
2.504953482543052701e+02 6.162800041283321661e+01 1.372080163364001066e+02
2.505002137886293951e+02 6.164849463316819822e+01 1.372995031257372034e+02
2.505140731894314570e+02 6.178879157820240664e+01 1.374056970983722579e+02
2.505474537037036953e+02 6.180891719745223156e+01 1.374571685539042107e+02
2.505949295234725298e+02 6.173379629629629761e+01 1.374750973106864933e+02
2.505814387237556105e+02 6.183928992686954729e+01 1.374597340174569524e+02
2.505953644727530047e+02 6.189627565463552372e+01 1.373766513328615133e+02
2.506182693441849381e+02 6.191047416843595386e+01 1.374582891012031212e+02
2.505772071832979577e+02 6.190430378627034713e+01 1.374612895140363378e+02
2.505976497994810188e+02 6.192770995517810917e+01 1.374369839584807664e+02
2.506100495399858517e+02 6.187842061807030092e+01 1.373499203821656067e+02
2.505878744987025186e+02 6.185199192026421144e+01 1.372463508492569133e+02
2.506036358811040259e+02 6.181277276480302163e+01 1.373302002241094613e+02
2.506154458598726080e+02 6.183615681764567285e+01 1.373604255130927072e+02
2.506057885114413750e+02 6.178361641896673717e+01 1.373660651096956826e+02
2.506040929464496401e+02 6.182376444916253888e+01 1.374040162774239207e+02
2.506136839466855406e+02 6.182038069120075363e+01 1.373604992333097528e+02
2.506081180702996107e+02 6.176646909648501804e+01 1.373744544703939710e+02
2.506015643430054354e+02 6.171774003302665790e+01 1.372905756074545991e+02
2.505744869072894687e+02 6.180813576315168945e+01 1.373115711252654023e+02
2.505978119839584792e+02 6.188265953054965962e+01 1.373268385822127868e+02
2.505716191908468886e+02 6.189763210662891879e+01 1.372823779193205951e+02
2.505919807147912195e+02 6.196637620901155685e+01 1.372882386765746503e+02
2.506146865416371838e+02 6.197564284029252235e+01 1.373305319650860952e+02
2.505867097192734150e+02 6.189857572540693553e+01 1.374326344656758749e+02
2.505611582920500098e+02 6.184982454588346457e+01 1.374557604977589165e+02
2.505511397145553190e+02 6.182062396791695846e+01 1.374103267280018770e+02
2.505226468506723165e+02 6.178813546827081638e+01 1.373565035975465776e+02
2.505391822953526741e+02 6.183064254541165639e+01 1.373763195918848794e+02
2.505631782259966940e+02 6.179228591648973890e+01 1.374307029959896340e+02
2.505933519108280336e+02 6.170701374144845630e+01 1.375113897735315049e+02
2.506042625029488136e+02 6.174638033734371589e+01 1.374823882401509820e+02
2.505885011205473063e+02 6.172616625383345479e+01 1.375173463670677165e+02
2.506122169143665985e+02 6.174606334041047262e+01 1.374883816937957022e+02
2.505962638594008070e+02 6.195107189195564956e+01 1.375084557088936208e+02
2.505712211016749222e+02 6.203351321066288904e+01 1.375224846661948561e+02
2.505569120075489593e+02 6.202260261854210910e+01 1.373941672564284033e+02
2.505489575961311743e+02 6.211648531493276693e+01 1.373211178933710812e+02
2.505345674097664528e+02 6.213917639773531221e+01 1.373166209601320986e+02
