2.508254758590947517e+02 5.857595122811832056e+01 1.340683159194715017e+02
2.507873287201301764e+02 5.852084109279334001e+01 1.340287181698782604e+02
2.507888577421441596e+02 5.852046210443089791e+01 1.340142251321558433e+02
2.508006847927652530e+02 5.856602565359156642e+01 1.340630427538078493e+02
2.507432615215729186e+02 5.860955704101569097e+01 1.340396761609785869e+02
2.504866014545312112e+02 5.869554165931560163e+01 1.339202882925267488e+02
2.501350897483648055e+02 5.885412215186978813e+01 1.338215618241102050e+02
2.500176752331105092e+02 5.891863511915263274e+01 1.337496259123491313e+02
2.498435039434392593e+02 5.894639274956057307e+01 1.336945745855631458e+02
2.497443266095570493e+02 5.893178209476015894e+01 1.335693581374682140e+02
2.497310816197178553e+02 5.896381314566875176e+01 1.334840726873541996e+02
2.497121256673135576e+02 5.884443834578114263e+01 1.334193244859153538e+02
2.497144518717450978e+02 5.892058233522173794e+01 1.333379530707858862e+02
2.497194571318422049e+02 5.898504956252980946e+01 1.333260214716510177e+02
2.496752657819248782e+02 5.898597743058958542e+01 1.332857506910003451e+02
2.496571919576055905e+02 5.900446944896398804e+01 1.332990479550964267e+02
2.496507556897261395e+02 5.899517769980201365e+01 1.333111625141303875e+02
2.496368572716758365e+02 5.894288384006691217e+01 1.333848234763687799e+02
2.496262259946811071e+02 5.890719359117610310e+01 1.334756761348414500e+02
2.496624128490123553e+02 5.885623272499167058e+01 1.334664366599363632e+02
2.496661177869693233e+02 5.883633583596338212e+01 1.334716836884715576e+02
2.496282646906997513e+02 5.883365678029782941e+01 1.334437038924718593e+02
2.496551401930227030e+02 5.890606316037088419e+01 1.333598559844222677e+02
2.496093283411418042e+02 5.890660550578610355e+01 1.332842347375505483e+02
2.495628826638961186e+02 5.882380308287429926e+01 1.331556335313220814e+02
2.495271793464411019e+02 5.872407033501264095e+01 1.331228118322780460e+02
2.494400185573611850e+02 5.874437234953181530e+01 1.330278491103574936e+02
2.494744672926508997e+02 5.875510817504034833e+01 1.330770326518077127e+02
2.495195146335247784e+02 5.874939721247525171e+01 1.331512424937434389e+02
2.495605760623109006e+02 5.870016139676814504e+01 1.331362332477342250e+02
2.495537738746332650e+02 5.867399159691320421e+01 1.331704924888427115e+02
2.495478472807585035e+02 5.867959147668241116e+01 1.331508308339704172e+02
2.495272773606727696e+02 5.878094472650762015e+01 1.331443553603983219e+02
2.495093538248420373e+02 5.885356020360823237e+01 1.331637295068577203e+02
2.495033945595567104e+02 5.878998163866727111e+01 1.331777520762681490e+02
2.495287606427120011e+02 5.877043760087298097e+01 1.331734721214853607e+02
2.495487555459719431e+02 5.877556047804807804e+01 1.331771574565960350e+02
2.495732329667601164e+02 5.865404243362802816e+01 1.331031959173805319e+02
2.495808323368553090e+02 5.865419272211658352e+01 1.331234456576428329e+02
2.495804990884676329e+02 5.860018034618626359e+01 1.330693940760198473e+02
2.495934565698939593e+02 5.858517763445919257e+01 1.331773273479309125e+02
2.495857983912597433e+02 5.860846581590313775e+01 1.331156567933663837e+02
2.496040943811708246e+02 5.867125373270865651e+01 1.332170492488842797e+02
2.496022843850260529e+02 5.875682015695345939e+01 1.331222498840164974e+02
2.495896536177052951e+02 5.879059586118570735e+01 1.331494717032913115e+02
2.496034866929344673e+02 5.882763217219140017e+01 1.331840511242232310e+02
2.495871117819640688e+02 5.879156946922026350e+01 1.332079077882108606e+02
2.496011082142460396e+02 5.876326295911499642e+01 1.331780461189631524e+02
2.496279837165689912e+02 5.870881278628323230e+01 1.331474068701442093e+02
2.495668947131123332e+02 5.864194094315828210e+01 1.330079522213291909e+02
2.495424761008631833e+02 5.850907938499337035e+01 1.329366043949581524e+02
2.495338508484765327e+02 5.854821973483883113e+01 1.328799521690549454e+02
2.495336482857310898e+02 5.868087873025829992e+01 1.329681257718620770e+02
2.495622161671207948e+02 5.877231293983886218e+01 1.330099386430909760e+02
2.495514346016374816e+02 5.877160723737086556e+01 1.331399708571017868e+02
2.495899149889897330e+02 5.881459627937976364e+01 1.331290520716941330e+02
2.495951685518070633e+02 5.877132626324009124e+01 1.331870568939943382e+02
2.495646207829376806e+02 5.886830154405086546e+01 1.331575872816733010e+02
2.495681035553028835e+02 5.884154365880592508e+01 1.331268696214690408e+02
2.495839687922686494e+02 5.884287011807447954e+01 1.331524382673697460e+02
2.495976515790092662e+02 5.879695371767980561e+01 1.331076457634981978e+02
2.496009317886290546e+02 5.882546279053051563e+01 1.331079463404753085e+02
2.496232921020132096e+02 5.874336607008670796e+01 1.331815027541998973e+02
2.496194238070034430e+02 5.875705539110945352e+01 1.331606387914191885e+02
2.496441429962297320e+02 5.873039552009618802e+01 1.331882788047491033e+02
2.496561072667751375e+02 5.872972248903874259e+01 1.332976692215709704e+02
2.496730637288534354e+02 5.870224583276158370e+01 1.332474663321114292e+02
2.496545847790432617e+02 5.875176262259946469e+01 1.332217081920294959e+02
2.496273694940505266e+02 5.880170414077457508e+01 1.331948849639634318e+02
2.496373865485268482e+02 5.885561850247322724e+01 1.331959892576402069e+02
2.496694764079744289e+02 5.890092721463156522e+01 1.332416508210325503e+02
2.496376021798365059e+02 5.891743934552630435e+01 1.332329144858500172e+02
2.496452472899065071e+02 5.888683276811793377e+01 1.331467403733688855e+02
2.496438881592273731e+02 5.880142970092590815e+01 1.332673501525754887e+02
2.495919994249831859e+02 5.883118682165984126e+01 1.331967668372114417e+02
2.495874254275053943e+02 5.867990512222374377e+01 1.331079920804500887e+02
2.495542900829200335e+02 5.862391285881376746e+01 1.330702566012585066e+02
2.495279111860375565e+02 5.859014368886361979e+01 1.330044171747071005e+02
2.495307797358843231e+02 5.858171446494031187e+01 1.330632649193996428e+02
2.495523886068257013e+02 5.866336031991845346e+01 1.331241317572644789e+02
2.495710962565097759e+02 5.867777494625553203e+01 1.331053391619129798e+02
2.495720633302622105e+02 5.866286371447800718e+01 1.331451982827906591e+02
2.495973052620573753e+02 5.869100033324838961e+01 1.331935389018485409e+02
2.495798848659491966e+02 5.868809911199105755e+01 1.331727206790425839e+02
2.495849293317389765e+02 5.872431863773286409e+01 1.331902521579466736e+02
2.495718411646704453e+02 5.865983834186057067e+01 1.331511640823580933e+02
2.495464097386940523e+02 5.866584334712067061e+01 1.332195584132149406e+02
2.495884839812074176e+02 5.863232901417286058e+01 1.331927482537131198e+02
2.495433255575376279e+02 5.861628081730800943e+01 1.330598278870091917e+02
2.495555119936748270e+02 5.865501604166258431e+01 1.329908127993518008e+02
2.495974032762890431e+02 5.867879429426486126e+01 1.330707074667241727e+02
2.495804794856213107e+02 5.867801018041152616e+01 1.330541365272904386e+02
2.495842170949888725e+02 5.872483484601963966e+01 1.331189435372682794e+02
2.495746182345676516e+02 5.873485843477806156e+01 1.331334235064264533e+02
2.495644574258849104e+02 5.870228503845424939e+01 1.331294245257744819e+02
2.495715340534112272e+02 5.870413424029168681e+01 1.331721129908062551e+02
2.495614385875495884e+02 5.869548938505871405e+01 1.332545952338946336e+02
2.495607198165173486e+02 5.868945170838805581e+01 1.332187024222583887e+02
2.496043622867373699e+02 5.866248472611556508e+01 1.332366063552427704e+02
2.495979717588327276e+02 5.864957951894614752e+01 1.331688131783401730e+02
2.495609158449806841e+02 5.859573050006861195e+01 1.330806461098151487e+02
2.495005586811205092e+02 5.848699351145786096e+01 1.329685766373277431e+02
2.494406066427511917e+02 5.856877005207822862e+01 1.329505812243937726e+02
2.494603401747266957e+02 5.861753539947333991e+01 1.328756787485542930e+02
2.494728402564052203e+02 5.866567999006789336e+01 1.328289978371526274e+02
2.494842099072785402e+02 5.871298165827011672e+01 1.328457190650749169e+02
2.494799299524957803e+02 5.871867955227099145e+01 1.329351603186115938e+02
2.494893719901463101e+02 5.874810995889936294e+01 1.329222877828527487e+02
2.495207234757153287e+02 5.871057050817111644e+01 1.329633884173315437e+02
2.495427113350191917e+02 5.870613373061768669e+01 1.330124543417037444e+02
2.495975731676239491e+02 5.879554884702591977e+01 1.330769411718581523e+02
2.496701821104424255e+02 5.890772940230921506e+01 1.332810721450087783e+02
2.497041081031632359e+02 5.903465783231725084e+01 1.334801717209338676e+02
2.497532001646639230e+02 5.915739778749208000e+01 1.336060219943935863e+02
2.498053045302177964e+02 5.913975522579211486e+01 1.337556309176092384e+02
2.498648318402498774e+02 5.923693306934833913e+01 1.338314416586621576e+02
2.498941642326465740e+02 5.928384268062389140e+01 1.339353302099464713e+02
2.499191382588751935e+02 5.933337907330810879e+01 1.340277837675363912e+02
2.499215494089741867e+02 5.930164206509451930e+01 1.339725494808512849e+02
2.499503590588020074e+02 5.935125033488196067e+01 1.339579453603329853e+02
2.499347355902743857e+02 5.937883153967289473e+01 1.340319199681127031e+02
2.498908121459235758e+02 5.936414900776926373e+01 1.339498820562078834e+02
2.498972614823672416e+02 5.936713517469403456e+01 1.338028541744261304e+02
2.498948568665503558e+02 5.946977567809512522e+01 1.337611001117362264e+02
2.498904658289717133e+02 5.950198968890283169e+01 1.337799972556015007e+02
2.498852188004364905e+02 5.946837080744123938e+01 1.336670652578754357e+02
2.498602839799005437e+02 5.939146230699364537e+01 1.336199138781617819e+02
2.497882565881899382e+02 5.927068917073425780e+01 1.335438875057991766e+02
2.497833232051960692e+02 5.925564725331451399e+01 1.334430177928501848e+02
2.497584145217885521e+02 5.915214422467475686e+01 1.334206378766196792e+02
2.497683793020079861e+02 5.917863420435313770e+01 1.334632087245734624e+02
2.497922359659955873e+02 5.922788308862446627e+01 1.335338769856049623e+02
2.498090421395853298e+02 5.920876377916739841e+01 1.335887257496455049e+02
2.497946601846588237e+02 5.918948111265756040e+01 1.336465737491750474e+02
2.497705356151046487e+02 5.919225164827265928e+01 1.336283757734956339e+02
2.498161645070864267e+02 5.919871405328053982e+01 1.336077731819993630e+02
2.498030371343252511e+02 5.913544913388090407e+01 1.337223844902279950e+02
2.498027757630407848e+02 5.911174929266395850e+01 1.337032194407961470e+02
2.498156744359280879e+02 5.911137683858363090e+01 1.337321336391377429e+02
2.498340030972497345e+02 5.906495076418429591e+01 1.337501094492253628e+02
2.498756787485542930e+02 5.908742869464646219e+01 1.337764622089794102e+02
2.498644789890158791e+02 5.909831480864355058e+01 1.337920464718143876e+02
2.498624010873045336e+02 5.915556165421885737e+01 1.337780696423787390e+02
2.498395768398904977e+02 5.917312580453348403e+01 1.337840354419461733e+02
2.498343624827658402e+02 5.931419442102993145e+01 1.338849051548951650e+02
2.498586830807833223e+02 5.934802893380118860e+01 1.338300041165977348e+02
2.498452878024555730e+02 5.933687491423754778e+01 1.337718947457837544e+02
2.498382569149040364e+02 5.917841857304347286e+01 1.336813034585955222e+02
2.498348982938989309e+02 5.904782441077111343e+01 1.337045720371931452e+02
2.498701311430419594e+02 5.911703552689183994e+01 1.336713844183508684e+02
2.498678245414567414e+02 5.907213847450649524e+01 1.336890988571540504e+02
2.498535079293513377e+02 5.905241147681309855e+01 1.336805585504348528e+02
2.498559582851430036e+02 5.898757832970680681e+01 1.336894059684132685e+02
2.498222871294245238e+02 5.896001019348009464e+01 1.336613150896176876e+02
2.497563431543593424e+02 5.883617901319271226e+01 1.334018060755755073e+02
2.497387659354805010e+02 5.885684694751011392e+01 1.333053404687694012e+02
2.497431177673664990e+02 5.887009193734930079e+01 1.333578172884036235e+02
2.498313632472768404e+02 5.907441893896326945e+01 1.335784211867563158e+02
2.498602774456184363e+02 5.923696574075889032e+01 1.337170721188716698e+02
2.499387868451832446e+02 5.942019354543612764e+01 1.338277889949620771e+02
2.499162501061820763e+02 5.954861179176549513e+01 1.339713341043786272e+02
2.499663027071530905e+02 5.955195080992426426e+01 1.340171132848489606e+02
2.499778814550539323e+02 5.963291056528074563e+01 1.340802997928632578e+02
2.500077431243016406e+02 5.961743738524167213e+01 1.342157162553336036e+02
2.500632387822711848e+02 5.965592430687602388e+01 1.342647821797058327e+02
2.500663556348381746e+02 5.967789256333352910e+01 1.342932455125817626e+02
2.500768888976012647e+02 5.966130202105345859e+01 1.342867439018812092e+02
2.500801299015283803e+02 5.971039408255411729e+01 1.343850979162174326e+02
2.500862917295591217e+02 5.965409470788491575e+01 1.343207221688589073e+02
2.501139056057606354e+02 5.963283215389541425e+01 1.343311835545187876e+02
2.500863832095086821e+02 5.969277765798260305e+01 1.343241265298387930e+02
2.501336652748645690e+02 5.975952534974744879e+01 1.343869797894654425e+02
2.501644025379151799e+02 5.968498225942406776e+01 1.344248263514529071e+02
2.501558687654780897e+02 5.965236312312547540e+01 1.344314586477956652e+02
2.501781572017590349e+02 5.961858088461111294e+01 1.344885094649076507e+02
2.501489947006972159e+02 5.963638680336384823e+01 1.344822692254915353e+02
2.501328419553185824e+02 5.960049399172759621e+01 1.344247218029391320e+02
2.501115401956363939e+02 5.957616685942798540e+01 1.343528381654349459e+02
2.500954789302073209e+02 5.947827677912166422e+01 1.343344964355491129e+02
2.500614941289475155e+02 5.951375139670280134e+01 1.343155012774521424e+02
2.500612000862525122e+02 5.951471193617313560e+01 1.341621547448689569e+02
2.500324557792458222e+02 5.949079646364651808e+01 1.340752291899450483e+02
2.499909238821476833e+02 5.950364939655904806e+01 1.341102856134710635e+02
2.499954129339580220e+02 5.950306131116904851e+01 1.341965250687733260e+02
2.499948705885427955e+02 5.952847313429909804e+01 1.341717666738543642e+02
2.500296329693738073e+02 5.953766686922941176e+01 1.342021837570815421e+02
2.500250851090245021e+02 5.952523213037199667e+01 1.342509098987839593e+02
2.499909173478655759e+02 5.953110644998987055e+01 1.341909970661073430e+02
2.500160612654290730e+02 5.954118884728729455e+01 1.341804834061905751e+02
2.500223864505126130e+02 5.957073033671155571e+01 1.341670162507596160e+02
2.499649893164487366e+02 5.954616143597383626e+01 1.341759682172518069e+02
2.499462359267899103e+02 5.949269793974085019e+01 1.340698253386391627e+02
2.499275348113879431e+02 5.939203732381941592e+01 1.340567959801096549e+02
2.499390416821855752e+02 5.930536007161573053e+01 1.340115591450545196e+02
2.499088140931396538e+02 5.925935872555361783e+01 1.339647344794464061e+02
2.499319977260698238e+02 5.924530348473265207e+01 1.339091996157842175e+02
2.499290899705303843e+02 5.930766013891884114e+01 1.339078796907977846e+02
2.499008095975535753e+02 5.925795385489973199e+01 1.339808741562608247e+02
2.499106306235665329e+02 5.923709642640111639e+01 1.339785218147008266e+02
2.498899822920954819e+02 5.927232927554414488e+01 1.339746208482804946e+02
2.498838139297826046e+02 5.923638418965100527e+01 1.339333699253131442e+02
2.498743065493109725e+02 5.927008148249792185e+01 1.339764243101431589e+02
2.498605584197492249e+02 5.934495128692686450e+01 1.338924718535798206e+02
2.498515933846927908e+02 5.931516149478237310e+01 1.338566705218931077e+02
2.498571083187945590e+02 5.934005710962565416e+01 1.337908441639059447e+02
2.498057292585550044e+02 5.922245310019015108e+01 1.336712079927338834e+02
2.497653277922620987e+02 5.914602160233665984e+01 1.336046432608681584e+02
2.497308659884081976e+02 5.911937479988760913e+01 1.335444102483680524e+02
2.497440587039904756e+02 5.905854063343331006e+01 1.335095563875874802e+02
2.497554806291206830e+02 5.912850972627892077e+01 1.335297342507465430e+02
2.497663732773998788e+02 5.909619116695743912e+01 1.336111252687223612e+02
2.497428367932357105e+02 5.912986232267591902e+01 1.336028071275949287e+02
2.497706140264899659e+02 5.910805742327119106e+01 1.335542508772273607e+02
2.497965289893425904e+02 5.912472637693660005e+01 1.335830931984657468e+02
2.498294421683361861e+02 5.911685910127484078e+01 1.335822764132018676e+02
2.498101137618515679e+02 5.908923215650912653e+01 1.335918295336482799e+02
2.498109566842438767e+02 5.903925796692346495e+01 1.335521272355412634e+02
2.497797620214455208e+02 5.903606270297113667e+01 1.335389018485484200e+02
2.497637072902985551e+02 5.907260240853638322e+01 1.336095897124262422e+02
2.497761354948738415e+02 5.905322826207698483e+01 1.335248531420095617e+02
2.497581270133756846e+02 5.909196348643155972e+01 1.334892805101967497e+02
2.497656545063676674e+02 5.908069838407203633e+01 1.334642542097112425e+02
2.497379426159345144e+02 5.893622540659570319e+01 1.335689334091310059e+02
2.497882565881899382e+02 5.882050980469031032e+01 1.336954567136481558e+02
2.497891321819928123e+02 5.881201523794588581e+01 1.337512398800305675e+02
2.497884591509353811e+02 5.875369023582224060e+01 1.337803631753997422e+02
2.498153019818477674e+02 5.871614425081188671e+01 1.338966211227203473e+02
2.498080423944223298e+02 5.892006612693496237e+01 1.336836427315913056e+02
2.497529191905331345e+02 5.897080482752762265e+01 1.335212592868484478e+02
2.496914054587392684e+02 5.890284175929011212e+01 1.333423506426466361e+02
2.496183325818908827e+02 5.885660517907199818e+01 1.332201987728618064e+02
2.496239063245316459e+02 5.882160756408497093e+01 1.331197341854037290e+02
2.495750691000333177e+02 5.877590679499996895e+01 1.330717725547082750e+02
2.495488535602036109e+02 5.876658890870954366e+01 1.331520266075967527e+02
2.495824267016904230e+02 5.877128705754742555e+01 1.331160161788825178e+02
2.495570410156888101e+02 5.877007168107476076e+01 1.330016858447846744e+02
2.495319167009716352e+02 5.873030404014662764e+01 1.329996014087912215e+02
2.495339096570155277e+02 5.874333339867615678e+01 1.330104940570704173e+02
2.495352099791556384e+02 5.872978129757774468e+01 1.330172831761838381e+02
2.494912081234195114e+02 5.872334502969831505e+01 1.329244506302315187e+02
2.494006429733597372e+02 5.872801704140774604e+01 1.328884728729278208e+02
2.493966178555793078e+02 5.870812015237945758e+01 1.328131848744437775e+02
2.493785440312599917e+02 5.860745953645803041e+01 1.327398244891824959e+02
2.494168153215846928e+02 5.860083377439737262e+01 1.327566437313364531e+02
2.493877377661903267e+02 5.854639667012983750e+01 1.326631708257372395e+02
2.494024987094792891e+02 5.854774273224472125e+01 1.326717699409954321e+02
2.493874110520847580e+02 5.851277778866824519e+01 1.326458027038859484e+02
2.493738524167042385e+02 5.851138598657858125e+01 1.326847666281144029e+02
2.493517665431687362e+02 5.855185932997471099e+01 1.326785655943909603e+02
2.493495775586615082e+02 5.856786832114689645e+01 1.326201556465998976e+02
2.493289422957546719e+02 5.852216101777977997e+01 1.325928619502218453e+02
2.492824574128163420e+02 5.851027515861969874e+01 1.325901763602741710e+02
2.492473487150334108e+02 5.861539868922300656e+01 1.324106926992465958e+02
2.492036670391207451e+02 5.843910375786564515e+01 1.323736694568051178e+02
2.491655264344382772e+02 5.833332679905122120e+01 1.323688994308640190e+02
2.491188389887545043e+02 5.831366514417893399e+01 1.322669842327772756e+02
2.491147942681277243e+02 5.831717405367259488e+01 1.322476623605747648e+02
2.491315350988963644e+02 5.833428733852155545e+01 1.323355419206868930e+02
2.491428916812054410e+02 5.834169068015342674e+01 1.322600905651500511e+02
2.490659701121936109e+02 5.830583053992773301e+01 1.322332085285450205e+02
2.490742033076536188e+02 5.824291193747998818e+01 1.321493802233417512e+02
2.490406105633204561e+02 5.829543449708897640e+01 1.321039669626696593e+02
2.490466874456837729e+02 5.831341030717660345e+01 1.320909964126791181e+02
2.490301034376858240e+02 5.815008592580976199e+01 1.320698318729212701e+02
2.490217656937120694e+02 5.805460046132031948e+01 1.320587170590503092e+02
2.490309724972065908e+02 5.813267206398369069e+01 1.320344618038539295e+02
2.490487980188056554e+02 5.807030234123327972e+01 1.320695182273799446e+02
2.490189820895327273e+02 5.804295637059834689e+01 1.320338737184639228e+02
2.489707264161422984e+02 5.806478740713151865e+01 1.319915903789230072e+02
2.489671979038022869e+02 5.807707839178248577e+01 1.318829448702618379e+02
2.489556387587477673e+02 5.805588118061409375e+01 1.318805533230091669e+02
2.489260449950666043e+02 5.805429988434320876e+01 1.318054482844242443e+02
2.488837616555257171e+02 5.798061278497637971e+01 1.318197126222727604e+02
2.489049915381046674e+02 5.785390652056011618e+01 1.317903606270297132e+02
2.489259731179633945e+02 5.772465188612053311e+01 1.318446278399623566e+02
2.489041486157123302e+02 5.779167401773403867e+01 1.317688955102947546e+02
2.488286188487901711e+02 5.767710844948020110e+01 1.316363868033638482e+02
2.487920530060964950e+02 5.765853801972046000e+01 1.314286881121805663e+02
2.487465090597821415e+02 5.771428851469233479e+01 1.312931148269395294e+02
2.486863936643600539e+02 5.767818660602852532e+01 1.312431341030717533e+02
2.487012526218806840e+02 5.770925058318467649e+01 1.312307451041891397e+02
2.486778141519481835e+02 5.771311887819445019e+01 1.312331627885702403e+02
2.486821071752951866e+02 5.773401551238573148e+01 1.313375414110128929e+02
2.486989460202954660e+02 5.776543887505798835e+01 1.313903710818810850e+02
2.486822182580910692e+02 5.769632577316892963e+01 1.312491652454603184e+02
2.487092309803383330e+02 5.768336175746051708e+01 1.313099275348113792e+02
2.486919935441292751e+02 5.768579251040584666e+01 1.312658211305614770e+02
2.486892295427962836e+02 5.764494017864727482e+01 1.313312162259293245e+02
2.486853547135044096e+02 5.759526003175660946e+01 1.313409327034285354e+02
2.486949666424898169e+02 5.756865896928233894e+01 1.313756885499774683e+02
2.486803363848430877e+02 5.755025189657538220e+01 1.313379922764785306e+02
2.486810551558752991e+02 5.756111840772613419e+01 1.312852671541241136e+02
2.486489391592992604e+02 5.765399669365325508e+01 1.312330713086206799e+02
2.486269120943027531e+02 5.769911591163037201e+01 1.311826789249799106e+02
2.486549506988414748e+02 5.776653663445265607e+01 1.311863054515515614e+02
2.486656081129646623e+02 5.784217748417070482e+01 1.311537124523814271e+02
2.486627264945536808e+02 5.774662014257803833e+01 1.311029672175066594e+02
2.486579956743052549e+02 5.771338024947888812e+01 1.311921928397336501e+02
2.486692542423826637e+02 5.766734623200621712e+01 1.313086794869281562e+02
2.486468873947163729e+02 5.764834453962715344e+01 1.313320199426289889e+02
2.486759780186749822e+02 5.760749220786858160e+01 1.314733041904351296e+02
2.486764484869869705e+02 5.758983657760440167e+01 1.314593469638458032e+02
2.486518273119923776e+02 5.762188069707721638e+01 1.313041185580146362e+02
2.485962728454838384e+02 5.760358470716614931e+01 1.310657871522945186e+02
2.485522252497729312e+02 5.755523755382614581e+01 1.310108665111507662e+02
2.485025777742928312e+02 5.749100556067407553e+01 1.309425179202686991e+02
2.485119087291474784e+02 5.752551310450277100e+01 1.309612255699527452e+02
2.485291134939459994e+02 5.755050019929560534e+01 1.309863041446951399e+02
2.485289893425858736e+02 5.750975241605080868e+01 1.309539202425525559e+02
2.485395226053489637e+02 5.755736772979436466e+01 1.309245355758989433e+02
2.485642744659857897e+02 5.756976979724122856e+01 1.309556387587477673e+02
2.485570083442782447e+02 5.756400002613712985e+01 1.309733270604225197e+02
2.485804402799286379e+02 5.746518207777102560e+01 1.309835924176190360e+02
2.485402283078169603e+02 5.743322943824776416e+01 1.309650219878593020e+02
2.485613013676252478e+02 5.745596873999438259e+01 1.310195832434869487e+02
2.485796430975110809e+02 5.742053332810591115e+01 1.310380164533223422e+02
2.485751801828292002e+02 5.739107678434908877e+01 1.310624023941609551e+02
2.485370853181215125e+02 5.749310959951385058e+01 1.310333313730486964e+02
2.485232783800207699e+02 5.758717059050307085e+01 1.310272087507105994e+02
2.485564267931703739e+02 5.759171845085239738e+01 1.310266990767059383e+02
2.485352557191304186e+02 5.765080796398303420e+01 1.310156103999634070e+02
2.485275060605466706e+02 5.763231594560863869e+01 1.310310574428740438e+02
2.485644508916028030e+02 5.758391651801174760e+01 1.310891537451237809e+02
2.485630002809741370e+02 5.759054881435451279e+01 1.311289671260267085e+02
2.486068583825038161e+02 5.756260822404746591e+01 1.311871614425081134e+02
2.486080802932585812e+02 5.758277955292442130e+01 1.311774711021373605e+02
2.486102496749194586e+02 5.756026241676958222e+01 1.311723547592443708e+02
2.486034082815491502e+02 5.752597703853265898e+01 1.312045164957951897e+02
2.486111906115434635e+02 5.748155698874143127e+01 1.311259482876913864e+02
2.485810348996007519e+02 5.744450107488940915e+01 1.310605858637340759e+02
2.485540744516103757e+02 5.731055482589405159e+01 1.309362972836989343e+02
2.485252190618077748e+02 5.725364122870640671e+01 1.308412365475467141e+02
2.484815700573056461e+02 5.738897927979142821e+01 1.308015081123112395e+02
2.484879997909029612e+02 5.741098674194159912e+01 1.307014943903187998e+02
2.485324786492332123e+02 5.748466077274419916e+01 1.307783702193558497e+02
2.485213573010801156e+02 5.751930553649723521e+01 1.308543247146152169e+02
2.485320539208959758e+02 5.757691176758865481e+01 1.308162951927286599e+02
2.485460634217421614e+02 5.761650298289978167e+01 1.308755023229372796e+02
2.485484680375590472e+02 5.762408275014865211e+01 1.309117937257823030e+02
2.485409601474134149e+02 5.758679160214062875e+01 1.308927789648390387e+02
2.485320081809211956e+02 5.757515404570077067e+01 1.309188311476159754e+02
2.485431883376132873e+02 5.754461934539561696e+01 1.309592783538836613e+02
2.485681166238671267e+02 5.753126327276054042e+01 1.309623625350400857e+02
2.485286299570697679e+02 5.745796823032037537e+01 1.309636105829233088e+02
2.485377518148968647e+02 5.743750285874842376e+01 1.309285737622436159e+02
2.485201811303001307e+02 5.743837845255131214e+01 1.309395121504975918e+02
2.485012186436137256e+02 5.747314083338233814e+01 1.309555864844908797e+02
2.484997549644208448e+02 5.739307627467508155e+01 1.310004835368762315e+02
2.485335894771920948e+02 5.743899920935186287e+01 1.310594358300825206e+02
2.485345892223550948e+02 5.743362802945654266e+01 1.310216415423519436e+02
2.485421297839112924e+02 5.743032168270833182e+01 1.310991511967537804e+02
2.485617195616803485e+02 5.739035801331687026e+01 1.310771175974751657e+02
2.485692405203902240e+02 5.749718699155117463e+01 1.310350564235260151e+02
2.485837400923947484e+02 5.757932291768764799e+01 1.311041368540045369e+02
2.485439593829023863e+02 5.767045001600899212e+01 1.311159769731898450e+02
2.485819104934036545e+02 5.764325433386260755e+01 1.310931461914936733e+02
2.485168551807055621e+02 5.759437790367161369e+01 1.310205372486751685e+02
2.484599807892105900e+02 5.754257411509484399e+01 1.309408451440482395e+02
2.484450042146119699e+02 5.733873065035709971e+01 1.308846372493285912e+02
2.484657374917504740e+02 5.716712079927339119e+01 1.308644528518874210e+02
2.484974744999640563e+02 5.712398146877593064e+01 1.309197198099830644e+02
2.485137513967027871e+02 5.710215696652487338e+01 1.309486797482994405e+02
2.484789955501538827e+02 5.720486281274708062e+01 1.308419095786041453e+02
2.484467161965250739e+02 5.730549075725795660e+01 1.307521285423976849e+02
2.484757545462267672e+02 5.734799626239063031e+01 1.308631786668757684e+02
2.484852488581342129e+02 5.740185181555028748e+01 1.308350681852338369e+02
2.484845888956409681e+02 5.740937277426015584e+01 1.308303700363959479e+02
2.484785185475597586e+02 5.744293938146485345e+01 1.308037951110501353e+02
2.484667895111703615e+02 5.746941629257901241e+01 1.308581864753428761e+02
2.484834257934251980e+02 5.744371696103607405e+01 1.309002215121635686e+02
2.484774011853187687e+02 5.744237743320329770e+01 1.308716340279275130e+02
2.484793026614131009e+02 5.743962650043452811e+01 1.307894654303804884e+02
2.484733629989741246e+02 5.740595534471605532e+01 1.308194773881167521e+02
2.484704095034599050e+02 5.743217088454576924e+01 1.308667986591653118e+02
2.484468991564241662e+02 5.742155921039734778e+01 1.308223524722456261e+02
2.483866138696672010e+02 5.732143440560902548e+01 1.307188429093237687e+02
2.483721077633805692e+02 5.732101621155391769e+01 1.306902619593698205e+02
2.483696116676141514e+02 5.728008546841001447e+01 1.306590411594430066e+02
2.483661288952489201e+02 5.725489581087173718e+01 1.306748083821771047e+02
2.483453694809819581e+02 5.727179999869314031e+01 1.305900652774782884e+02
2.483886917713785465e+02 5.731361286992204640e+01 1.306655297015793451e+02
2.484238004691614492e+02 5.738743065493109441e+01 1.308478165696325846e+02
2.484374897901842019e+02 5.734042302942387437e+01 1.308383157234430314e+02
2.484350329001104285e+02 5.726154117577872427e+01 1.307180849325988845e+02
2.483674357516711382e+02 5.724135677833754698e+01 1.306340475303680648e+02
2.483574448343232746e+02 5.721303719966805801e+01 1.306173263024457754e+02
2.483361300060768713e+02 5.728735812439965969e+01 1.305625951554832511e+02
2.483328693993034335e+02 5.731666437966792671e+01 1.305695672344957927e+02
2.483364044459255524e+02 5.734980625853540914e+01 1.305289697397395514e+02
2.483596011474199372e+02 5.737826305712923158e+01 1.305234482713556758e+02
2.483642078163082658e+02 5.745394311253993891e+01 1.305643463430890279e+02
2.483325884251726734e+02 5.744282176438685639e+01 1.305892550264965166e+02
2.483286417187775612e+02 5.741028103947359540e+01 1.306508341011114851e+02
2.483651291500859202e+02 5.736648828076503293e+01 1.306512392266023710e+02
2.483852547389880954e+02 5.737193133776357712e+01 1.306552382072543708e+02
2.484013160044171684e+02 5.729312789550375840e+01 1.306147779324224416e+02
2.483885806885826355e+02 5.733374499310632899e+01 1.306381053195590596e+02
2.484193832944543487e+02 5.728719476734688243e+01 1.307403145603408348e+02
2.484199975169727850e+02 5.731172446239193619e+01 1.306691431595867812e+02
2.484107711106319414e+02 5.739278876626219272e+01 1.306309960206222058e+02
2.484588111527127126e+02 5.744842164415606334e+01 1.307192872405073274e+02
2.484386267552715424e+02 5.750862198524558977e+01 1.306720117094335478e+02
2.484091048686935892e+02 5.742566927384523012e+01 1.307004946451557998e+02
2.484465005652154161e+02 5.731043067453394002e+01 1.307960911924411391e+02
2.484397441175125323e+02 5.727814478662301667e+01 1.307952090643561576e+02
2.484361175909408814e+02 5.729897607799318848e+01 1.307863877835061714e+02
2.484401819144139836e+02 5.729018093427165326e+01 1.307965289893425904e+02
2.484126595181620303e+02 5.733812296212076376e+01 1.306791667483451818e+02
2.484411881938590909e+02 5.736255464293415685e+01 1.307535987558726731e+02
2.484289560177471117e+02 5.737787100020256048e+01 1.306267160658394175e+02
2.483292755441423481e+02 5.729620554237808960e+01 1.305124968145374567e+02
2.482491129712034308e+02 5.723028770444135205e+01 1.303036088840099467e+02
2.482364364639078929e+02 5.717673272825881270e+01 1.303532824966185046e+02
2.482333261456230105e+02 5.718872313593266909e+01 1.303946510366638449e+02
2.482422323721404211e+02 5.720928652173628848e+01 1.304114898816641528e+02
2.482306405556753646e+02 5.721042348682362189e+01 1.304325825443187625e+02
2.482376845117911159e+02 5.720572533798574000e+01 1.304919595658622882e+02
2.482888414064388769e+02 5.729858402106652449e+01 1.305988930926103819e+02
2.483019426420716229e+02 5.731628539130548461e+01 1.305649997713001369e+02
2.483227739334417947e+02 5.730215173909918036e+01 1.305758662824508747e+02
2.482553662791837326e+02 5.734493168408052810e+01 1.305746835773887824e+02
2.482672717411901431e+02 5.736344330530126001e+01 1.305810806395755321e+02
2.483075751932513811e+02 5.733937101000398684e+01 1.306324793026614088e+02
2.483025633988721950e+02 5.732599533452257390e+01 1.306277027424382027e+02
2.483172393964937044e+02 5.727806637523768529e+01 1.306474428086958142e+02
2.483539228562653989e+02 5.727051274511725865e+01 1.306658302785564558e+02
2.483403184809100992e+02 5.732223812230868987e+01 1.307168891589725490e+02
2.483890576911767596e+02 5.731434470951848681e+01 1.306705872359333114e+02
2.483860976613804326e+02 5.729412110638464384e+01 1.306247231097955535e+02
2.483612739236403684e+02 5.730500722038173222e+01 1.306121511510137907e+02
2.483738720195505607e+02 5.731199236795849572e+01 1.305663262305686771e+02
2.483409784434033156e+02 5.731064630584361197e+01 1.304886728219604208e+02
2.483180692503218268e+02 5.729419298348786782e+01 1.305430903233816196e+02
2.483087840354419598e+02 5.733033409784434298e+01 1.305349682107175227e+02
2.482827971954861255e+02 5.738231431203810473e+01 1.305656335966648953e+02
2.482951535229582021e+02 5.739280836910852912e+01 1.305891831493932784e+02
2.482504002247792982e+02 5.736862499101535917e+01 1.305188808081600200e+02
2.482662523931808209e+02 5.721582733812949328e+01 1.304517606623148254e+02
2.482211201066394892e+02 5.713028051673102681e+01 1.303883519887087630e+02
2.482321369062787824e+02 5.703074379733270405e+01 1.304698410209162489e+02
2.482648213853985055e+02 5.707561471258959784e+01 1.304552238318337061e+02
2.482555492390828533e+02 5.706521213546873383e+01 1.305439593829023863e+02
2.483130313188141542e+02 5.722564836414247225e+01 1.304935212592868368e+02
2.483386718418180976e+02 5.725481086520429130e+01 1.305544665085370468e+02
2.483850064362678722e+02 5.729719221897686054e+01 1.306188291873313290e+02
2.484221930357621204e+02 5.736388763648481870e+01 1.307731754650775429e+02
2.484379602584961901e+02 5.747159220852201145e+01 1.307731950679238651e+02
2.484335692209175477e+02 5.739712752958396180e+01 1.308558145309365557e+02
2.484431288756460674e+02 5.739408908840230339e+01 1.309528290174399956e+02
2.485199262932978002e+02 5.746414312691535997e+01 1.310482752762367795e+02
2.485825704558968710e+02 5.751736485471023741e+01 1.311445840602722228e+02
2.486411568293049470e+02 5.750732166310548621e+01 1.311931272420755477e+02
2.486483249367808241e+02 5.759516201752494169e+01 1.311341945517155807e+02
2.486009905971680496e+02 5.771094949653356565e+01 1.310561098804879805e+02
2.486021275622553617e+02 5.775074327459013546e+01 1.311135592888087444e+02
2.485899607289645132e+02 5.775597723456112220e+01 1.310638007305327335e+02
2.485737622436110996e+02 5.777051601225831234e+01 1.310846385561850127e+02
2.485182600513594480e+02 5.773351237266317781e+01 1.311153300792608434e+02
2.485314266298133248e+02 5.769643685596481930e+01 1.311338743718921194e+02
2.485851972373055219e+02 5.777784094250485225e+01 1.311837178758355833e+02
2.485834721868282031e+02 5.770035089094936609e+01 1.311699240062990555e+02
2.486389743790798548e+02 5.771948326897065584e+01 1.312268898777435879e+02
2.486550552473552500e+02 5.773441410359450998e+01 1.312418860551885587e+02
2.486404249897084924e+02 5.767563823600519868e+01 1.311884421618019019e+02
2.485955410058873838e+02 5.759134599677206268e+01 1.310117551735178552e+02
2.485674762642202325e+02 5.756766575840145350e+01 1.310155189200138466e+02
2.485482981462241696e+02 5.755181358999993790e+01 1.310067564477028839e+02
2.485338443141944254e+02 5.778059187527362184e+01 1.309523454805637641e+02
2.484820993341566577e+02 5.789084481733414123e+01 1.309332065682603741e+02
2.484962852606198283e+02 5.784033481661537479e+01 1.309789596116022778e+02
2.485006109553773967e+02 5.787433268643940210e+01 1.309454060729617879e+02
2.484778455165023274e+02 5.788493782630571616e+01 1.309503525245199000e+02
2.484850724325171996e+02 5.783120642450617055e+01 1.310172178333627357e+02
2.484699390351479167e+02 5.770056652225903093e+01 1.309659171845085268e+02
2.484561843713040332e+02 5.764571122393638092e+01 1.309356699926162548e+02
2.484617319768163668e+02 5.764802435980371342e+01 1.309301158528218423e+02
2.484424362417423140e+02 5.763520409830174174e+01 1.308855259116957086e+02
2.484594907180522512e+02 5.759866439273649519e+01 1.308652173628944126e+02
2.484494540607296074e+02 5.752182776939211806e+01 1.309309849123426091e+02
2.484946059501172897e+02 5.750649834355948542e+01 1.310280974130777167e+02
2.485189004110063422e+02 5.746247688497702910e+01 1.310162376910460864e+02
2.485422474009892824e+02 5.742246747561079445e+01 1.310855337528342375e+02
2.485109873953697956e+02 5.761944994413188681e+01 1.310588477446925424e+02
2.485109873953697956e+02 5.761955449264566198e+01 1.309784368690333736e+02
2.484988924391821570e+02 5.766185743503289984e+01 1.309685701030456357e+02
2.484550735433451507e+02 5.766837211429766086e+01 1.309251497984174080e+02
2.484796620469292066e+02 5.764837721103771173e+01 1.309601343448402133e+02
2.484817138115120940e+02 5.764414299622971782e+01 1.309908716078907958e+02
2.484962199177987259e+02 5.766425551656767112e+01 1.310661988120675119e+02
2.484901103640248436e+02 5.770548030240657766e+01 1.309825534667633633e+02
2.484020217068851650e+02 5.763373388482674642e+01 1.308789850953025109e+02
2.483697227504100340e+02 5.757919223204542902e+01 1.307737896875959791e+02
2.484105620136043626e+02 5.744708211632328698e+01 1.308247178823698675e+02
2.484164820731970167e+02 5.742267657263834479e+01 1.308978038277824680e+02
2.483950430935905160e+02 5.747226523957945687e+01 1.308683146126150803e+02
2.484481537385894967e+02 5.747514685799044543e+01 1.308482870379445728e+02
2.484650971321035797e+02 5.758903286090473728e+01 1.309117806572180882e+02
2.484635093015505731e+02 5.762845418488097948e+01 1.309541293395801063e+02
2.484889276589627514e+02 5.769666555583870604e+01 1.309230718967060625e+02
2.484807598063238743e+02 5.767621978711309083e+01 1.309543776423003294e+02
2.484803742836793106e+02 5.769522801377426902e+01 1.308785342298368448e+02
2.484579094217813804e+02 5.770327171505302744e+01 1.309240716418690624e+02
2.484349610230072187e+02 5.766869229412110798e+01 1.309088990388071068e+02
2.484479969158188339e+02 5.761816269055600515e+01 1.308941511640823592e+02
2.484525447761681676e+02 5.757764360718509522e+01 1.308545338116427956e+02
2.484474872418141729e+02 5.758843170695051583e+01 1.309063833401943384e+02
2.484551911604231691e+02 5.754390710864550584e+01 1.308644463176053137e+02
2.484982716823816133e+02 5.759461313782761493e+01 1.309028025535974393e+02
2.485280745430903266e+02 5.752714014074843618e+01 1.309829781951005998e+02
2.485505067335777198e+02 5.749566450381928462e+01 1.310079456870470835e+02
2.485644051516280228e+02 5.757929024627708969e+01 1.310334032501519346e+02
2.485456582962512755e+02 5.751992629329778595e+01 1.310536399218499923e+02
2.484973242114755010e+02 5.764798515411104063e+01 1.309971314501532333e+02
2.484686583158541282e+02 5.766348447127856502e+01 1.309612713099275254e+02
2.484978012140696251e+02 5.771334104378622243e+01 1.309393553277269291e+02
2.485060213409653613e+02 5.768512601363051573e+01 1.309444259306451386e+02
2.484198864341769024e+02 5.764234606864916799e+01 1.308268937983128524e+02
2.483698991760270189e+02 5.753479831938263800e+01 1.307441632525042507e+02
2.483574775057338400e+02 5.751869784826089926e+01 1.307688759074484324e+02
2.484049359967067119e+02 5.754990557962349129e+01 1.308319970726416273e+02
2.484332163696835494e+02 5.753882997144518896e+01 1.309234704879148410e+02
2.484130450408065940e+02 5.749850038225550009e+01 1.308633681610569965e+02
2.484506040943811627e+02 5.747438234698344672e+01 1.308987774358170100e+02
2.484763164944883442e+02 5.746507099497513593e+01 1.309466018465881234e+02
2.484334712066858799e+02 5.744308966995340882e+01 1.308536712864041078e+02
2.484356601911931079e+02 5.739263194349152997e+01 1.308061409183279977e+02
2.484233496036957831e+02 5.741987336561268762e+01 1.308078986402158819e+02
2.484056939734315961e+02 5.740501440809205747e+01 1.307983716568979276e+02
2.484274008586046705e+02 5.742503544848045038e+01 1.307091787060814454e+02
2.484295898431118985e+02 5.743307261547710141e+01 1.306562640895458003e+02
2.484234933579022311e+02 5.740779801227138535e+01 1.306815909670084181e+02
2.484227941897163419e+02 5.749437725024340295e+01 1.306617528865191105e+02
2.484157829050111275e+02 5.737285267154123858e+01 1.307173073530276497e+02
2.483820725436000032e+02 5.739237710648919233e+01 1.307607211233737701e+02
2.483879926031926573e+02 5.740574624768849787e+01 1.307814609347944099e+02
2.484095491998771479e+02 5.737677324080789987e+01 1.307409222485771636e+02
2.484137834146851560e+02 5.741763864113069360e+01 1.307829768882441783e+02
2.484070727069570523e+02 5.738789458896098239e+01 1.308319055926920669e+02
2.484561778370219258e+02 5.743160240200210609e+01 1.308389952887825984e+02
2.484793026614131009e+02 5.756698619306190068e+01 1.309081149249537646e+02
2.484394174034069636e+02 5.746980181522356901e+01 1.308305399277308538e+02
2.483401420552930858e+02 5.737655107521612052e+01 1.306584726768993505e+02
2.483105678944582735e+02 5.723184286358379325e+01 1.304950110756081756e+02
2.482823397957383520e+02 5.725281137487829852e+01 1.305248139363168889e+02
2.483259038545730277e+02 5.726154117577872427e+01 1.305844196577343155e+02
2.483207875116800381e+02 5.727212017851658743e+01 1.305320865923065412e+02
2.483218852710747058e+02 5.728755415286299524e+01 1.305049170472885862e+02
2.483377831794509802e+02 5.722785695149602248e+01 1.305914701481321742e+02
2.483753226301792267e+02 5.726514156522193844e+01 1.306179339906821042e+02
2.483803801645332214e+02 5.727721038428113332e+01 1.305909278027169478e+02
2.483614242121289237e+02 5.718043113193368754e+01 1.305352361162840964e+02
2.483694875162540256e+02 5.722811178849836011e+01 1.304747221296532302e+02
2.483603917955553868e+02 5.722411280784636745e+01 1.305509379961970353e+02
2.483260149373689103e+02 5.724613987284286765e+01 1.305512320388920386e+02
2.484021327896810476e+02 5.717713785374969859e+01 1.305863864766497500e+02
2.484204941224132313e+02 5.715127516515398298e+01 1.305407118446931918e+02
2.484140643888159161e+02 5.722408013643580915e+01 1.305777089500062118e+02
2.484127771352400487e+02 5.730306653859473442e+01 1.307173204215918929e+02
2.484142800201256023e+02 5.733390835015910625e+01 1.306412875149471802e+02
2.484376531472369720e+02 5.734043609798809626e+01 1.306494226961754919e+02
2.484268454446252292e+02 5.736288789132181876e+01 1.306574598631721358e+02
2.484565633596664895e+02 5.730430805219584300e+01 1.306667189409235448e+02
2.484189520318350333e+02 5.729583962257986229e+01 1.306389482419513968e+02
2.484455269571808458e+02 5.724304262312220715e+01 1.306487627336822754e+02
2.484937107534680649e+02 5.730089062265174249e+01 1.307321336391377429e+02
2.485092166049176967e+02 5.726500434529760497e+01 1.307900404472062803e+02
2.484956122295623970e+02 5.723678278085978377e+01 1.307371977077738450e+02
2.483662203751984805e+02 5.727205483569547795e+01 1.306526310286920420e+02
2.483348231496546532e+02 5.722439378197714177e+01 1.305077790628532455e+02
2.483182260730924895e+02 5.721987205875626614e+01 1.304577133933180448e+02
2.482756094851639261e+02 5.723011127882435289e+01 1.305325243892079925e+02
2.483107769914858238e+02 5.725030221054763757e+01 1.305869810963218640e+02
2.483905997817549860e+02 5.727153209312658788e+01 1.306133207875116682e+02
2.484148354341050435e+02 5.725730696097073036e+01 1.305771012617698830e+02
2.483982448918249588e+02 5.724022634753232808e+01 1.306010428714249372e+02
2.484311123308437743e+02 5.728358784362156086e+01 1.306085965015453496e+02
2.484799364867778877e+02 5.724172923241788169e+01 1.306590280908787918e+02
2.484610066715020480e+02 5.720711060579329654e+01 1.306730637288534354e+02
2.484210103307000281e+02 5.724829618593953029e+01 1.306407647723782759e+02
2.484283091238181100e+02 5.723652140957533874e+01 1.306776442606133060e+02
2.484114049359966998e+02 5.730050510000718589e+01 1.307554806291206830e+02
2.484425538588203040e+02 5.729065140258365574e+01 1.307872764458732604e+02
2.484568770052078150e+02 5.725059625324264090e+01 1.306769254895810946e+02
2.484398355974620927e+02 5.733956050418520789e+01 1.306859231960480656e+02
2.484864511660426558e+02 5.733916191297642939e+01 1.307129424525774368e+02
2.484900384869216339e+02 5.727349891204202947e+01 1.307398832977214909e+02
2.485110723410372486e+02 5.733239239670933785e+01 1.308135442599598832e+02
2.485235658884336658e+02 5.741211063846470353e+01 1.308247962937551847e+02
2.485127189801292502e+02 5.758074739118787022e+01 1.309003195263952364e+02
2.485227098974771138e+02 5.762051503211599623e+01 1.309255418553440506e+02
2.485321584694097510e+02 5.763165598311541515e+01 1.309062853259626706e+02
2.485396336881448462e+02 5.761134090003201891e+01 1.310268755023229232e+02
2.485339553969903079e+02 5.756931239749344797e+01 1.309390678193140332e+02
2.485895360006273052e+02 5.760425773822358764e+01 1.310379968504760200e+02
2.485904965400976323e+02 5.757461170028555131e+01 1.310332202902528138e+02
2.485742849861800039e+02 5.753252438920797829e+01 1.309005155548585719e+02
2.484991407419023801e+02 5.742964865165088639e+01 1.307667457314801993e+02
2.484960957664386285e+02 5.741486157123347311e+01 1.306920654212324848e+02
