2.230774931066176521e+02 4.070496323529411598e+01 1.034813304227941160e+02
2.232720301011029278e+02 4.084176815257352899e+01 1.037040153952205941e+02
2.232762522977941160e+02 4.082571231617647101e+01 1.037058823529411740e+02
2.235878331801470722e+02 4.104650160845588402e+01 1.040793600643382320e+02
2.238581686580882320e+02 4.125583065257352899e+01 1.042951803768382320e+02
2.238331227022058840e+02 4.133748851102941302e+01 1.042794692095588260e+02
2.236939912683823479e+02 4.155101102941176805e+01 1.042811925551470580e+02
2.236761259191176521e+02 4.157008272058823195e+01 1.043821231617647101e+02
2.237164522058823479e+02 4.145407284007352899e+01 1.044082318474264639e+02
2.236062442555146959e+02 4.126723345588235503e+01 1.042367876838235361e+02
2.237389131433823479e+02 4.134498506433823195e+01 1.042952952665441160e+02
2.240460707720588118e+02 4.156364889705882604e+01 1.046387867647058840e+02
2.243025333180146959e+02 4.166736557904411598e+01 1.049507984834558840e+02
2.242755629595588118e+02 4.219939108455882604e+01 1.049894875919117680e+02
2.241900850183823479e+02 4.214642693014705799e+01 1.049435891544117680e+02
2.243352768841911882e+02 4.242555147058823195e+01 1.050463005514705941e+02
2.244672851562500000e+02 4.237718290441176805e+01 1.052591337316176521e+02
2.243762637867646959e+02 4.228420840992647101e+01 1.051654698988970580e+02
2.242857594209558840e+02 4.227142693014705799e+01 1.051108111213235361e+02
2.241288775275735361e+02 4.205379710477941302e+01 1.051758674172794059e+02
2.241370346966911882e+02 4.206499885110294201e+01 1.051830480238970580e+02
2.240658605238970722e+02 4.181623391544117396e+01 1.053068129595588260e+02
2.241463982077205799e+02 4.189352596507352899e+01 1.054059340533088260e+02
2.240884650735294201e+02 4.189254940257352899e+01 1.051192267922794059e+02
2.240732134650735361e+02 4.188648897058823195e+01 1.049417509191176521e+02
2.242647633272058840e+02 4.200361902573529704e+01 1.050284926470588260e+02
2.246399643841911882e+02 4.201967486213235503e+01 1.053335535386029420e+02
2.250245863970588118e+02 4.232625804227941302e+01 1.055450654871323479e+02
2.252335707720588118e+02 4.278383501838235503e+01 1.060307329963235361e+02
2.255035903033088118e+02 4.300568704044117396e+01 1.063272633272058840e+02
2.257721162683823479e+02 4.320987477022058698e+01 1.065637925091911740e+02
2.259314395680146959e+02 4.335701976102941302e+01 1.069630055147058840e+02
2.258584271599264639e+02 4.330109719669117396e+01 1.070445484834558840e+02
2.256089154411764639e+02 4.311296530330882604e+01 1.066355985753676521e+02
2.255297564338235361e+02 4.300620404411764497e+01 1.066024241727941160e+02
2.257086109834558840e+02 4.324011948529411598e+01 1.065194738051470580e+02
2.259140912224264639e+02 4.333757467830882604e+01 1.066577148437500000e+02
2.258484317555146959e+02 4.310331456801470296e+01 1.066927562040441160e+02
2.257441119025735361e+02 4.300807100183823195e+01 1.065638499540441160e+02
2.256808938419117680e+02 4.310894416360294201e+01 1.064675723805147101e+02
2.259727711397058840e+02 4.327188648897058698e+01 1.068681066176470580e+02
2.262515510110294201e+02 4.350649126838235503e+01 1.069935661764705941e+02
2.263657226562500000e+02 4.362287454044117396e+01 1.071893956801470580e+02
2.264776252297794201e+02 4.356554457720588402e+01 1.072275965073529420e+02
2.264895737591911882e+02 4.334199793198529704e+01 1.071906881893382320e+02
2.263617876838235361e+02 4.315984030330882604e+01 1.070994657628676521e+02
2.260905043658088118e+02 4.307341452205882604e+01 1.068652343750000000e+02
2.260111443014705799e+02 4.306927849264705799e+01 1.067407513786764639e+02
2.258454159007353041e+02 4.309946576286764497e+01 1.067198127297794059e+02
2.256586052389705799e+02 4.326034007352941302e+01 1.063894761029411740e+02
2.254655330882353041e+02 4.292977366727941302e+01 1.061788545496323479e+02
2.253841624540441160e+02 4.302056525735294201e+01 1.059901769301470580e+02
2.252852424172794201e+02 4.294416360294117396e+01 1.060099954044117680e+02
2.252261603860294201e+02 4.279483570772058698e+01 1.060281767003676521e+02
2.250290958180146959e+02 4.278708065257352899e+01 1.058163775275735361e+02
2.247818818933823479e+02 4.266949103860294201e+01 1.056422047334558840e+02
2.246371495863970722e+02 4.261555032169117396e+01 1.054285098805147101e+02
2.244646139705882320e+02 4.244781135110294201e+01 1.052188936121323479e+02
2.242647058823529278e+02 4.210526769301470296e+01 1.050544864430147101e+02
2.241209501378676521e+02 4.205793313419117396e+01 1.049107594209558840e+02
2.239585248161764639e+02 4.186035156250000000e+01 1.049050436580882320e+02
2.238467658547794201e+02 4.184458295036764497e+01 1.047510627297794059e+02
2.237736385569853041e+02 4.184573184742647101e+01 1.045018669577205941e+02
2.237432502297794201e+02 4.176734834558823195e+01 1.044869600183823479e+02
2.235828354779411882e+02 4.169505399816176805e+01 1.045359892003676521e+02
2.236900562959558840e+02 4.183355353860294201e+01 1.046470875459558840e+02
2.238223805147058840e+02 4.172397748161764497e+01 1.047748736213235361e+02
2.238691406250000000e+02 4.188855698529411598e+01 1.046908318014705941e+02
2.238370576746323479e+02 4.208912568933823195e+01 1.044916417738970580e+02
2.237863338694853041e+02 4.215926585477941302e+01 1.044576344209558840e+02
2.239507410386029278e+02 4.208079618566176805e+01 1.045726964613970580e+02
2.239354319852941160e+02 4.226008157169117396e+01 1.044347713694852899e+02
2.240306181066176521e+02 4.214883961397058698e+01 1.046102941176470580e+02
2.240014073988970722e+02 4.212873391544117396e+01 1.048041704963235361e+02
2.239768497242646959e+02 4.186095473345588402e+01 1.047646771599264639e+02
2.240451803768382320e+02 4.196722771139705799e+01 1.047730066636029420e+02
2.241180778952205799e+02 4.216825597426470296e+01 1.049839728860294059e+02
2.241814682904411882e+02 4.222156479779411598e+01 1.049221622242647101e+02
2.242316463694853041e+02 4.218965418198529704e+01 1.050471335018382320e+02
2.241578297334558840e+02 4.241070197610294201e+01 1.048469381893382320e+02
2.240215705422794201e+02 4.214257812500000000e+01 1.047413258272058840e+02
2.240370519301470722e+02 4.216110409007352899e+01 1.047275677849264639e+02
2.237908145680146959e+02 4.228578814338235503e+01 1.046215533088235361e+02
2.236284754136029278e+02 4.215949563419117396e+01 1.042978228400735361e+02
2.235204216452205799e+02 4.217796415441176805e+01 1.041401654411764639e+02
2.234754997702205799e+02 4.224615119485294201e+01 1.041841681985294059e+02
2.234736040900735361e+02 4.219160730698529704e+01 1.041328412224264639e+02
2.235186121323529278e+02 4.227444278492647101e+01 1.041886776194852899e+02
2.236219554227941160e+02 4.223650045955882604e+01 1.042115119485294059e+02
2.238500689338235361e+02 4.222980813419117396e+01 1.043461914062500000e+02
2.238644875919117680e+02 4.217193244485294201e+01 1.043313419117647101e+02
2.238531996783088118e+02 4.187149586397058698e+01 1.045177504595588260e+02
2.238606675091911882e+02 4.201499310661764497e+01 1.046131663602941160e+02
2.237772575827205799e+02 4.202447150735294201e+01 1.043003791360294059e+02
2.236284179687500000e+02 4.198250804227941302e+01 1.041557617187500000e+02
2.235253619025735361e+02 4.192486213235294201e+01 1.040370519301470580e+02
2.233269761029411882e+02 4.192285156250000000e+01 1.037655675551470580e+02
2.232699046415441160e+02 4.195780675551470296e+01 1.035140452665441160e+02
2.233162051930146959e+02 4.178104894301470296e+01 1.038253389246323479e+02
2.233725011488970722e+02 4.185819738051470296e+01 1.039704446231617680e+02
2.235733570772058840e+02 4.183915441176470296e+01 1.040502068014705941e+02
2.237304113051470722e+02 4.191555606617647101e+01 1.043469094669117680e+02
2.237767693014705799e+02 4.195901309742647101e+01 1.044088062959558840e+02
2.238326918658088118e+02 4.197753906250000000e+01 1.043383501838235361e+02
2.236999655330882320e+02 4.195579618566176805e+01 1.042481904871323479e+02
2.235803653492646959e+02 4.191908892463235503e+01 1.043479721966911740e+02
2.234336799172794201e+02 4.178814338235294201e+01 1.041296530330882320e+02
2.233357364430146959e+02 4.159219898897058698e+01 1.038703469669117680e+02
2.232163947610294201e+02 4.142391429227941302e+01 1.039881376378676521e+02
2.231040613511029278e+02 4.133542049632352899e+01 1.038184742647058840e+02
2.228284983915441160e+02 4.133498965992647101e+01 1.033237304687500000e+02
2.225901022518382320e+02 4.123041130514705799e+01 1.031023092830882320e+02
2.225500057444853041e+02 4.114703010110294201e+01 1.031006721047794059e+02
2.225375976562500000e+02 4.135842715992647101e+01 1.030327148437500000e+02
2.224115062040441160e+02 4.126654411764705799e+01 1.031309742647058840e+02
2.222298081341911882e+02 4.109848920036764497e+01 1.031552447150735361e+02
2.220812844669117680e+02 4.106077665441176805e+01 1.029892578125000000e+02
2.220773782169117680e+02 4.099954044117647101e+01 1.029632352941176521e+02
2.220072954963235361e+02 4.097682100183823195e+01 1.028241900275735361e+02
2.218851677389705799e+02 4.119373276654411598e+01 1.024395392922794059e+02
2.217016314338235361e+02 4.101223575367647101e+01 1.024399126838235361e+02
2.215479664522058840e+02 4.097911879595588402e+01 1.021940774356617680e+02
2.213225528492646959e+02 4.090257352941176805e+01 1.020583639705882320e+02
2.211843405330882320e+02 4.077073759191176805e+01 1.019219324448529420e+02
2.212495404411764639e+02 4.079808134191176805e+01 1.020544577205882320e+02
2.211852596507353041e+02 4.094525505514705799e+01 1.020984604779411740e+02
2.210966509650735361e+02 4.084102136948529704e+01 1.020000287224264639e+02
2.212041590073529278e+02 4.082128906250000000e+01 1.019809857536764639e+02
2.213150850183823479e+02 4.074856387867647101e+01 1.020384880514705941e+02
2.212646771599264639e+02 4.063261144301470296e+01 1.020536247702205941e+02
2.210092198988970722e+02 4.050163717830882604e+01 1.017223403033088260e+02
2.207952090992646959e+02 4.032686121323529704e+01 1.015269416360294059e+02
2.206774471507353041e+02 4.003438074448529704e+01 1.014643554687500000e+02
2.204576631433823479e+02 4.017058249080882604e+01 1.009125976562500000e+02
2.201632295496323479e+02 4.009757008272058698e+01 1.007020622702205941e+02
2.200052849264705799e+02 3.974971277573529704e+01 1.005010914522058840e+02
2.198057789522058840e+02 3.972911879595588402e+01 1.001822437959558840e+02
2.196828469669117680e+02 3.983048023897058698e+01 1.001932444852941160e+02
2.195968232996323479e+02 3.971079388786764497e+01 1.003415383731617680e+02
2.195154813878676521e+02 3.985592830882352899e+01 1.001968635110294059e+02
2.196507640165441160e+02 3.971245978860294201e+01 1.005667221966911740e+02
2.197766544117646959e+02 3.979337086397058698e+01 1.004940831801470580e+02
2.198379767922794201e+02 3.980724379595588402e+01 1.005888959099264639e+02
2.199184570312500000e+02 3.986399931066176805e+01 1.004564855238970580e+02
2.202093577665441160e+02 3.992078354779411598e+01 1.005506663602941160e+02
2.203262293198529278e+02 4.002694163602941302e+01 1.005014361213235361e+02
2.204172794117646959e+02 4.004072840073529704e+01 1.006334443933823479e+02
2.204256950827205799e+02 4.014030905330882604e+01 1.005904469209558840e+02
2.205776654411764639e+02 4.022673483455882604e+01 1.008916015625000000e+02
2.207448012408088118e+02 4.038732192095588402e+01 1.008709501378676521e+02
2.206796013327205799e+02 4.041541245404411598e+01 1.009601045496323479e+02
2.205419634650735361e+02 4.042029526654411598e+01 1.009611960018382320e+02
2.206817842371323479e+02 4.035707720588235503e+01 1.010496897977941160e+02
2.207959271599264639e+02 4.040119485294117396e+01 1.011391314338235361e+02
2.207345473345588118e+02 4.022650505514705799e+01 1.013995863970588260e+02
2.207465245863970722e+02 4.032235179227941302e+01 1.013299919577205941e+02
2.207927102481617680e+02 4.038169232536764497e+01 1.013477998621323479e+02
2.208864602481617680e+02 4.045711741727941302e+01 1.015033030790441160e+02
2.210321691176470722e+02 4.060202205882352899e+01 1.015824333639705941e+02
2.211640337775735361e+02 4.064863855698529704e+01 1.016692038143382320e+02
2.212875114889705799e+02 4.054946001838235503e+01 1.018950482536764639e+02
2.215411879595588118e+02 4.081043198529411598e+01 1.019049862132352899e+02
2.215461282169117680e+02 4.080583639705882604e+01 1.021753791360294059e+02
2.215464154411764639e+02 4.076229319852941302e+01 1.021946806066176521e+02
2.217448586856617680e+02 4.100025850183823195e+01 1.021772460937500000e+02
2.218750287224264639e+02 4.120470473345588402e+01 1.021562787224264639e+02
2.218475988051470722e+02 4.110667509191176805e+01 1.022691291360294059e+02
2.219242589613970722e+02 4.105264820772058698e+01 1.024813017003676521e+02
2.219155560661764639e+02 4.118072150735294201e+01 1.025438878676470580e+02
2.219488166360294201e+02 4.123178998161764497e+01 1.025706571691176521e+02
2.219090935202205799e+02 4.132298368566176805e+01 1.024224781709558840e+02
2.219784294577205799e+02 4.136603860294117396e+01 1.025228630514705941e+02
2.220520450367646959e+02 4.150218290441176805e+01 1.025376263786764639e+02
2.222151596966911882e+02 4.125413602941176805e+01 1.028140510110294059e+02
2.222464958639705799e+02 4.115883501838235503e+01 1.028559857536764639e+02
2.222381376378676521e+02 4.107958984375000000e+01 1.028242474724264639e+02
2.222492244944853041e+02 4.086586626838235503e+01 1.027620634191176521e+02
2.223936408547794201e+02 4.096205767463235503e+01 1.029142061121323479e+02
2.224508272058823479e+02 4.109576056985294201e+01 1.030747357536764639e+02
2.224265280330882320e+02 4.117020909926470296e+01 1.031306870404411740e+02
2.222787798713235361e+02 4.112402343750000000e+01 1.032163373161764639e+02
2.222470415900735361e+02 4.116368910845588402e+01 1.030898150275735361e+02
2.219602481617646959e+02 4.115972541360294201e+01 1.028428021599264639e+02
2.217990866268382320e+02 4.106086282169117396e+01 1.028307387408088260e+02
2.216729090073529278e+02 4.119864430147058698e+01 1.026567670036764639e+02
2.213967715992646959e+02 4.111454503676470296e+01 1.023515625000000000e+02
2.211349954044117680e+02 4.086112706801470296e+01 1.021202033547794059e+02
2.207095013786764639e+02 4.073428883272058698e+01 1.017036132812500000e+02
2.205853056066176521e+02 4.062143841911764497e+01 1.015368221507352899e+02
2.206664751838235361e+02 4.067239200367647101e+01 1.014112477022058840e+02
2.206310891544117680e+02 4.077969898897058698e+01 1.013776424632352899e+02
2.205456399356617680e+02 4.058332375919117396e+01 1.013292451746323479e+02
2.205236098345588118e+02 4.049684053308823195e+01 1.013408777573529420e+02
2.206455078125000000e+02 4.048046875000000000e+01 1.011750919117647101e+02
2.208091107536764639e+02 4.031514246323529704e+01 1.012662568933823479e+02
2.207822265625000000e+02 4.036081112132352899e+01 1.013408203125000000e+02
2.208265165441176521e+02 4.017371323529411598e+01 1.012734949448529420e+02
2.207820542279411882e+02 4.035058593750000000e+01 1.013679917279411740e+02
2.207760512408088118e+02 4.024451401654411598e+01 1.013433191636029420e+02
2.206833926930146959e+02 4.029230813419117396e+01 1.013048885569852899e+02
2.205790441176470722e+02 4.029181985294117396e+01 1.011020795036764639e+02
2.205233800551470722e+02 4.026786534926470296e+01 1.011130514705882320e+02
2.204804687500000000e+02 4.024770220588235503e+01 1.010323988970588260e+02
2.205291819852941160e+02 4.032798138786764497e+01 1.011073357077205941e+02
2.204494485294117680e+02 4.036649816176470296e+01 1.008517348345588260e+02
2.203603802849264639e+02 4.038347311580882604e+01 1.007959271599264639e+02
2.202226275275735361e+02 4.033461626838235503e+01 1.007374770220588260e+02
2.202039579503676521e+02 4.040840418198529704e+01 1.006127355238970580e+02
2.202691578584558840e+02 4.047032973345588402e+01 1.007465245863970580e+02
2.203502412683823479e+02 4.035104549632352899e+01 1.007378216911764639e+02
2.203212603400735361e+02 4.046228745404411598e+01 1.007776596966911740e+02
2.203025907628676521e+02 4.044562844669117396e+01 1.007339441636029420e+02
2.203919175091911882e+02 4.044539866727941302e+01 1.007290039062500000e+02
2.203769818474264639e+02 4.044022863051470296e+01 1.009838867187500000e+02
2.203369427849264639e+02 4.032441980698529704e+01 1.009444221047794059e+02
2.202239200367646959e+02 4.046774471507352899e+01 1.009649873621323479e+02
2.203463637408088118e+02 4.034986787683823195e+01 1.008264878216911740e+02
2.202206456801470722e+02 4.017555147058823195e+01 1.008206571691176521e+02
2.199765337775735361e+02 4.039151539522058698e+01 1.007992589613970580e+02
2.198682789522058840e+02 4.026263786764705799e+01 1.005755399816176521e+02
2.198315142463235361e+02 4.020467601102941302e+01 1.005084443933823479e+02
2.197899241727941160e+02 4.025396369485294201e+01 1.004585248161764639e+02
2.197546530330882320e+02 4.020065487132352899e+01 1.005248736213235361e+02
2.198893612132353041e+02 4.007640165441176805e+01 1.004561695772058840e+02
2.202372185202205799e+02 4.020217715992647101e+01 1.007528435202205941e+02
2.207576401654411882e+02 4.040826056985294201e+01 1.012643037683823479e+02
2.210779526654411882e+02 4.066828469669117396e+01 1.014810144761029420e+02
2.210207088694853041e+02 4.065125229779411598e+01 1.013675896139705941e+02
2.207013154871323479e+02 4.078242761948529704e+01 1.013522231158088260e+02
2.204978170955882320e+02 4.075091911764705799e+01 1.012334558823529420e+02
2.205304457720588118e+02 4.070875459558823195e+01 1.013270909926470580e+02
2.204806698069853041e+02 4.070668658088235503e+01 1.012548828125000000e+02
2.202890912224264639e+02 4.060394646139705799e+01 1.012943761488970580e+02
2.201259765625000000e+02 4.039240579044117396e+01 1.010219439338235361e+02
2.200491727941176521e+02 4.029980468750000000e+01 1.007920496323529420e+02
2.201821863511029278e+02 4.027875114889705799e+01 1.009051298253676521e+02
2.201926700367646959e+02 4.038442095588235503e+01 1.009763901654411740e+02
2.201683708639705799e+02 4.033019301470588402e+01 1.010821461397058840e+02
2.202591624540441160e+02 4.033142807904411598e+01 1.010352424172794059e+02
2.202844381893382320e+02 4.041052964154411598e+01 1.009767061121323479e+02
2.203517922794117680e+02 4.039872472426470296e+01 1.011396484375000000e+02
2.202222254136029278e+02 4.036112706801470296e+01 1.010376551011029420e+02
2.200680147058823479e+02 4.026125919117647101e+01 1.007917624080882320e+02
2.198814051011029278e+02 4.024732881433823195e+01 1.005107709099264639e+02
2.198194508272058840e+02 4.017974494485294201e+01 1.005185546875000000e+02
2.198070140165441160e+02 4.015932329963235503e+01 1.002992589613970580e+02
2.196503044577205799e+02 4.015064912683823195e+01 1.003233283547794059e+02
2.196156652113970722e+02 4.008504710477941302e+01 1.001076803768382320e+02
2.195229779411764639e+02 4.039688648897058698e+01 1.000321116727941160e+02
2.195862821691176521e+02 4.035523897058823195e+01 1.003242187500000000e+02
2.197135799632353041e+02 4.041949103860294201e+01 1.004345415900735361e+02
2.196391314338235361e+02 4.031054687500000000e+01 1.004563993566176521e+02
2.196188246783088118e+02 4.031936465992647101e+01 1.002223977481617680e+02
2.196456514246323479e+02 4.015501493566176805e+01 1.003572782628676521e+02
2.199728285845588118e+02 4.013183593750000000e+01 1.006042049632352899e+02
2.200257927389705799e+02 4.020996093750000000e+01 1.005938648897058840e+02
2.200180664062500000e+02 4.040719784007352899e+01 1.007296357996323479e+02
2.202606847426470722e+02 4.034056181066176805e+01 1.008007525275735361e+02
2.204932215073529278e+02 4.056801470588235503e+01 1.012191521139705941e+02
2.205621266084558840e+02 4.065507238051470296e+01 1.013763499540441160e+02
2.205338350183823479e+02 4.062649356617647101e+01 1.014180261948529420e+02
2.204967256433823479e+02 4.069508272058823195e+01 1.014240004595588260e+02
2.206045783547794201e+02 4.077659696691176805e+01 1.013595473345588260e+02
2.205729549632353041e+02 4.082531020220588402e+01 1.013942440257352899e+02
2.204670840992646959e+02 4.069272748161764497e+01 1.013500114889705941e+02
2.204862994025735361e+02 4.058249080882352899e+01 1.013981502757352899e+02
2.204743795955882320e+02 4.054187729779411598e+01 1.013868336397058840e+02
2.206337316176470722e+02 4.070697380514705799e+01 1.014658777573529420e+02
2.207197265625000000e+02 4.063091681985294201e+01 1.014906939338235361e+02
2.208186465992646959e+02 4.049350873161764497e+01 1.015409007352941160e+02
2.207971335018382320e+02 4.046202895220588402e+01 1.013912568933823479e+02
2.208308249080882320e+02 4.049365234375000000e+01 1.012520967371323479e+02
2.209514016544117680e+02 4.057588465073529704e+01 1.012279986213235361e+02
2.209169921875000000e+02 4.069447954963235503e+01 1.014446518841911740e+02
2.208030215992646959e+02 4.074715647977941302e+01 1.016986730238970580e+02
2.206769875919117680e+02 4.084352022058823195e+01 1.017070312500000000e+02
2.208405618106617680e+02 4.100899011948529704e+01 1.017477309283088260e+02
2.209156422334558840e+02 4.090518727022058698e+01 1.019254078584558840e+02
2.209097541360294201e+02 4.089450252757352899e+01 1.017570369944852899e+02
2.209590705422794201e+02 4.086259191176470296e+01 1.017488511029411740e+02
2.208986385569853041e+02 4.083860868566176805e+01 1.015392635569852899e+02
2.208616153492646959e+02 4.074043543198529704e+01 1.013557846966911740e+02
2.209422104779411882e+02 4.070053998161764497e+01 1.015455537683823479e+02
2.207527286305146959e+02 4.067899816176470296e+01 1.013924057904411740e+02
2.205773782169117680e+02 4.074184283088235503e+01 1.012137522977941160e+02
2.203709788602941160e+02 4.087209903492647101e+01 1.010752240349264639e+02
2.201634306066176521e+02 4.077254710477941302e+01 1.008376895680147101e+02
2.201614487591911882e+02 4.064318129595588402e+01 1.007431927849264639e+02
2.201236787683823479e+02 4.062316176470588402e+01 1.007748161764705941e+02
2.201426642922794201e+02 4.065558938419117396e+01 1.006879882812500000e+02
2.202167968750000000e+02 4.064073988970588402e+01 1.008914292279411740e+02
2.202506031709558840e+02 4.080514705882352899e+01 1.007832605698529420e+02
2.202111385569853041e+02 4.077254710477941302e+01 1.008131031709558840e+02
2.201144301470588118e+02 4.068347886029411598e+01 1.007923943014705941e+02
2.200917107077205799e+02 4.058521943933823195e+01 1.008239028033088260e+02
2.200353285845588118e+02 4.062979664522058698e+01 1.007776022518382320e+02
2.201012465533088118e+02 4.053636259191176805e+01 1.008712660845588260e+02
2.200886086856617680e+02 4.051766429227941302e+01 1.008835880055147101e+02
2.199619715073529278e+02 4.052266199448529704e+01 1.006103802849264639e+02
2.201147173713235361e+02 4.046932444852941302e+01 1.007076056985294059e+02
2.199379308363970722e+02 4.033384076286764497e+01 1.006179055606617680e+02
2.199427274816176521e+02 4.046734260110294201e+01 1.007228573069852899e+02
2.199811580882353041e+02 4.051677389705882604e+01 1.007284007352941160e+02
2.201285615808823479e+02 4.043411075367647101e+01 1.006286190257352899e+02
2.200335190716911882e+02 4.031419462316176805e+01 1.007622070312500000e+02
2.200153952205882320e+02 4.025514131433823195e+01 1.007485351562500000e+02
2.199968979779411882e+02 4.037321920955882604e+01 1.007235179227941160e+02
2.199788602941176521e+02 4.039746093750000000e+01 1.008093405330882320e+02
2.200858226102941160e+02 4.042267922794117396e+01 1.007262178308823479e+02
2.200319106158088118e+02 4.031634880514705799e+01 1.008221507352941160e+02
2.198808306525735361e+02 4.017799287683823195e+01 1.006925264246323479e+02
2.197781479779411882e+02 4.005557789522058698e+01 1.004870461856617680e+02
2.197302964154411882e+02 3.995260799632352899e+01 1.003587431066176521e+02
2.198662109375000000e+02 4.003211167279411598e+01 1.004967830882352899e+02
2.197596507352941160e+02 4.016997931985294201e+01 1.004763901654411740e+02
2.198311695772058840e+02 4.017882582720588402e+01 1.002590188419117680e+02
2.198415383731617680e+02 4.023739085477941302e+01 1.005552906709558840e+02
2.198587143841911882e+02 4.027105353860294201e+01 1.007155618106617680e+02
2.199048426011029278e+02 4.043350758272058698e+01 1.005804515165441160e+02
2.198373448988970722e+02 4.036310891544117396e+01 1.005791015625000000e+02
2.200125804227941160e+02 4.050468175551470296e+01 1.007981675091911740e+02
2.201415441176470722e+02 4.067974494485294201e+01 1.009227366727941160e+02
2.200744772518382320e+02 4.059446806066176805e+01 1.007819680606617680e+02
2.202295209099264639e+02 4.034716796875000000e+01 1.008186178768382320e+02
2.202687844669117680e+02 4.028871783088235503e+01 1.007961856617647101e+02
2.200473632812500000e+02 4.018445542279411598e+01 1.006737706801470580e+02
2.200318818933823479e+02 4.014091222426470296e+01 1.005441176470588260e+02
2.199168772977941160e+02 4.007192095588235503e+01 1.003667853860294059e+02
2.198017003676470722e+02 4.009087775735294201e+01 1.005172334558823479e+02
2.196899988511029278e+02 4.039145795036764497e+01 1.003216624540441160e+02
2.195590533088235361e+02 4.037365004595588402e+01 1.003465935202205941e+02
2.194751838235294201e+02 4.036035156250000000e+01 1.002336282169117680e+02
2.195452090992646959e+02 4.038243910845588402e+01 1.002678366268382320e+02
2.196459099264705799e+02 4.045108570772058698e+01 1.002005687040441160e+02
2.195105411305146959e+02 4.042236328125000000e+01 1.001184800091911740e+02
2.195531077665441160e+02 4.029601332720588402e+01 1.002624080882352899e+02
2.194046702665441160e+02 4.009116498161764497e+01 1.000172909007352899e+02
2.192572380514705799e+02 4.003205422794117396e+01 9.983025045955882604e+01
2.191137982536764639e+02 3.970088465073529704e+01 9.971892233455882604e+01
2.191048368566176521e+02 3.967193244485294201e+01 9.957576976102940591e+01
2.189156135110294201e+02 3.954291130514705799e+01 9.940711167279411598e+01
2.187088694852941160e+02 3.926953125000000000e+01 9.935449218750000000e+01
2.185512695312500000e+02 3.920507812500000000e+01 9.901235064338234793e+01
2.183424287683823479e+02 3.917063993566176805e+01 9.888421989889705799e+01
2.181534352022058840e+02 3.903170955882352899e+01 9.887155330882353610e+01
2.182159639246323479e+02 3.906123621323529704e+01 9.882232306985294201e+01
2.181810661764705799e+02 3.923917164522058698e+01 9.875485409007353610e+01
2.180872874540441160e+02 3.924827665441176805e+01 9.891354549632353610e+01
2.181690314797794201e+02 3.897274241727941302e+01 9.890248736213234793e+01
2.182810776654411882e+02 3.884713924632352899e+01 9.883800551470588402e+01
2.181556755514705799e+02 3.864929917279411598e+01 9.864481847426471006e+01
2.181444163602941160e+02 3.868451286764705799e+01 9.865280330882353610e+01
2.179525505514705799e+02 3.872443704044117396e+01 9.867738970588234793e+01
2.178324333639705799e+02 3.881744025735294201e+01 9.862230009191176805e+01
2.178636259191176521e+02 3.879351447610294201e+01 9.869051585477940591e+01
2.177387982536764639e+02 3.887838924632352899e+01 9.850965073529411598e+01
2.178145105698529278e+02 3.879894301470588402e+01 9.844347426470588402e+01
2.177613740808823479e+02 3.875982306985294201e+01 9.847219669117646390e+01
2.176731387867646959e+02 3.893347886029411598e+01 9.847598805147059409e+01
2.177947495404411882e+02 3.891923253676470296e+01 9.849603630514705799e+01
2.177402918198529278e+02 3.878636259191176805e+01 9.865389476102940591e+01
2.176137408088235361e+02 3.885144761029411598e+01 9.847742417279411598e+01
2.173609547334558840e+02 3.888266888786764497e+01 9.793546070772059409e+01
2.174502240349264639e+02 3.881821576286764497e+01 9.818178423713234793e+01
2.173987247242646959e+02 3.879877068014705799e+01 9.813332950367646390e+01
2.174090073529411882e+02 3.875574448529411598e+01 9.790199908088234793e+01
2.173280962775735361e+02 3.860997817095588402e+01 9.796584903492646390e+01
2.170931755514705799e+02 3.851568244485294201e+01 9.762132352941176805e+01
2.171089154411764639e+02 3.863999310661764497e+01 9.780692784926471006e+01
2.173708352481617680e+02 3.877829159007352899e+01 9.811991613051471006e+01
2.176680836397058840e+02 3.904538143382352899e+01 9.856514246323528994e+01
2.179125402113970722e+02 3.918701171875000000e+01 9.896182789522059409e+01
2.184117934283088118e+02 3.918362247242647101e+01 9.916880170036765207e+01
2.185906192555146959e+02 3.911503331801470296e+01 9.926484949448528994e+01
2.186613625919117680e+02 3.907450597426470296e+01 9.923121553308823195e+01
2.188252814797794201e+02 3.934940831801470296e+01 9.927478745404411598e+01
2.188910558363970722e+02 3.937836052389705799e+01 9.957338579963234793e+01
2.189198069852941160e+02 3.945703125000000000e+01 9.944588694852940591e+01
2.189319565716911882e+02 3.933952780330882604e+01 9.945763442095588402e+01
2.187041015625000000e+02 3.937775735294117396e+01 9.921151194852940591e+01
2.185320255055146959e+02 3.936816406250000000e+01 9.906077665441176805e+01
2.183033088235294201e+02 3.921915211397058698e+01 9.879440487132353610e+01
2.182292336856617680e+02 3.898874080882352899e+01 9.885512408088234793e+01
2.181285041360294201e+02 3.909245749080882604e+01 9.894890280330882604e+01
2.181164694393382320e+02 3.921050666360294201e+01 9.873968864889705799e+01
2.180151079963235361e+02 3.928843060661764497e+01 9.862522977941176805e+01
2.179475241268382320e+02 3.909952320772058698e+01 9.844447954963234793e+01
2.178909122242646959e+02 3.917325367647058698e+01 9.846260340073528994e+01
2.178021024816176521e+02 3.916572840073529704e+01 9.820013786764705799e+01
2.177725471047794201e+02 3.928360523897058698e+01 9.851654411764705799e+01
2.178068704044117680e+02 3.925051700367647101e+01 9.830336626838234793e+01
2.177805319393382320e+02 3.919683478860294201e+01 9.838364545036765207e+01
2.175499195772058840e+02 3.921053538602941302e+01 9.818727022058823195e+01
2.176187097886029278e+02 3.896808938419117396e+01 9.829609949448528994e+01
2.174810431985294201e+02 3.881416590073529704e+01 9.819186580882353610e+01
2.173802562040441160e+02 3.850680721507352899e+01 9.798382927389705799e+01
2.173082490808823479e+02 3.841515395220588402e+01 9.791992187500000000e+01
2.172704216452205799e+02 3.835049977022058698e+01 9.762973920036765207e+01
2.172281709558823479e+02 3.849715647977941302e+01 9.777294921875000000e+01
2.171150045955882320e+02 3.849118221507352899e+01 9.780161420036765207e+01
2.170978285845588118e+02 3.851048368566176805e+01 9.760377412683823195e+01
2.170935489430146959e+02 3.856410845588235503e+01 9.765257352941176805e+01
2.171145163143382320e+02 3.876180491727941302e+01 9.776381548713234793e+01
2.170893554687500000e+02 3.868706916360294201e+01 9.769580078125000000e+01
2.170102251838235361e+02 3.874833409926470296e+01 9.775109145220588402e+01
2.170784409466911882e+02 3.862491383272058698e+01 9.758745978860294201e+01
2.170770048253676521e+02 3.861296530330882604e+01 9.749933938419117396e+01
2.168714671415441160e+02 3.849956916360294201e+01 9.719522633272059409e+01
2.166435259650735361e+02 3.837347771139705799e+01 9.720028147977940591e+01
2.166846277573529278e+02 3.817652803308823195e+01 9.726930147058823195e+01
2.166513384650735361e+02 3.817813648897058698e+01 9.721283318014705799e+01
2.166234489889705799e+02 3.810888671875000000e+01 9.739708754595588402e+01
2.167366440716911882e+02 3.822954963235294201e+01 9.739418658088234793e+01
2.166948529411764639e+02 3.830767463235294201e+01 9.740102251838234793e+01
2.166804342830882320e+02 3.860469324448529704e+01 9.743816061580882604e+01
2.167424747242646959e+02 3.858203125000000000e+01 9.741854319852940591e+01
2.166667624080882320e+02 3.875017233455882604e+01 9.738631663602940591e+01
2.164927619485294201e+02 3.870680147058823195e+01 9.713172104779411598e+01
2.164978458180146959e+02 3.856344784007352899e+01 9.715650850183823195e+01
2.165022977941176521e+02 3.854641544117647101e+01 9.723494944852940591e+01
2.166731387867646959e+02 3.850410730698529704e+01 9.744867302389705799e+01
2.166819852941176521e+02 3.858697150735294201e+01 9.749902343750000000e+01
2.167537339154411882e+02 3.857553998161764497e+01 9.741285615808823195e+01
2.167981387867646959e+02 3.881020220588235503e+01 9.733731617647059409e+01
2.167289464613970722e+02 3.869715073529411598e+01 9.730037913602940591e+01
2.166894531250000000e+02 3.861787683823529704e+01 9.744094669117646390e+01
2.165946691176470722e+02 3.844353170955882604e+01 9.716727941176471006e+01
2.166721335018382320e+02 3.846050666360294201e+01 9.713025620404411598e+01
2.166560776654411882e+02 3.851941636029411598e+01 9.739470358455882604e+01
2.167137810202205799e+02 3.859550206801470296e+01 9.738864315257353610e+01
2.165733283547794201e+02 3.843126723345588402e+01 9.737479894301471006e+01
2.165681008731617680e+02 3.852599379595588402e+01 9.715851907169117396e+01
2.166381548713235361e+02 3.848937270220588402e+01 9.740843290441176805e+01
2.166485236672794201e+02 3.842724609375000000e+01 9.733516199448528994e+01
2.167772575827205799e+02 3.835107421875000000e+01 9.761463120404411598e+01
2.168455595128676521e+02 3.849112477022058698e+01 9.743655215992646390e+01
2.168549804687500000e+02 3.860144761029411598e+01 9.763505284926471006e+01
2.170583926930146959e+02 3.867184627757352899e+01 9.772578699448528994e+01
2.172316176470588118e+02 3.872167968750000000e+01 9.772570082720588402e+01
2.172386259191176521e+02 3.869450827205882604e+01 9.788602941176471006e+01
2.173345013786764639e+02 3.870548023897058698e+01 9.794944852941176805e+01
2.172616900275735361e+02 3.863531135110294201e+01 9.791587201286765207e+01
2.173601505055146959e+02 3.875499770220588402e+01 9.784105009191176805e+01
2.175984030330882320e+02 3.870458984375000000e+01 9.817759076286765207e+01
2.177934283088235361e+02 3.874503102022058698e+01 9.843367991727940591e+01
2.178235006893382320e+02 3.868054917279411598e+01 9.853808593750000000e+01
2.179768497242646959e+02 3.876450482536764497e+01 9.860388901654411598e+01
2.181531192555146959e+02 3.874709903492647101e+01 9.873233570772059409e+01
2.180416475183823479e+02 3.913769531250000000e+01 9.876522288602940591e+01
2.179754423253676521e+02 3.917075482536764497e+01 9.860584214154411598e+01
2.178720415900735361e+02 3.930549172794117396e+01 9.852016314338234793e+01
2.179324161305146959e+02 3.939628331801470296e+01 9.862767118566176805e+01
2.180434283088235361e+02 3.944476677389705799e+01 9.878369140625000000e+01
2.180724666819853041e+02 3.943551815257352899e+01 9.881792853860294201e+01
2.180140165441176521e+02 3.925910500919117396e+01 9.854460592830882604e+01
2.179944278492646959e+02 3.919312959558823195e+01 9.866802619485294201e+01
2.177613453584558840e+02 3.901571116727941302e+01 9.846722771139705799e+01
2.175930319393382320e+02 3.912698184742647101e+01 9.836221852022059409e+01
2.174283088235294201e+02 3.908455882352941302e+01 9.806387867647059409e+01
2.173623908547794201e+02 3.882137522977941302e+01 9.811658432904411598e+01
2.173480296415441160e+02 3.887175436580882604e+01 9.801232192095588402e+01
2.171462833180146959e+02 3.877564912683823195e+01 9.797998046875000000e+01
2.169465188419117680e+02 3.874488740808823195e+01 9.766004136029411598e+01
2.167091279871323479e+02 3.840673828125000000e+01 9.730339499080882604e+01
2.163484892003676521e+02 3.820131548713235503e+01 9.702702780330882604e+01
2.161536075367646959e+02 3.813447840073529704e+01 9.688017003676471006e+01
2.158793370863970722e+02 3.767379940257352899e+01 9.666753791360294201e+01
2.156487534466911882e+02 3.763083065257352899e+01 9.628277228860294201e+01
2.153766659007353041e+02 3.724609375000000000e+01 9.619967830882353610e+01
2.151733398437500000e+02 3.716788258272058698e+01 9.609751263786765207e+01
2.149230813419117680e+02 3.699057904411764497e+01 9.574190027573528994e+01
2.146897690716911882e+02 3.683688534007352899e+01 9.546418313419117396e+01
2.145845875459558840e+02 3.686819278492647101e+01 9.534791475183823195e+01
2.145088177849264639e+02 3.688990693933823195e+01 9.528690831801471006e+01
2.145147633272058840e+02 3.696415441176470296e+01 9.507875689338234793e+01
2.145355296415441160e+02 3.694677734375000000e+01 9.513243910845588402e+01
2.145969956341911882e+02 3.687123736213235503e+01 9.513801125919117396e+01
2.146822437959558840e+02 3.700186695772058698e+01 9.539588120404411598e+01
2.148592313878676521e+02 3.703145105698529704e+01 9.550198184742646390e+01
2.148465647977941160e+02 3.724350873161764497e+01 9.527964154411765207e+01
2.147962143841911882e+02 3.732103056066176805e+01 9.529552504595588402e+01
2.149411764705882320e+02 3.742176011029411598e+01 9.547610294117646390e+01
2.149945427389705799e+02 3.727263327205882604e+01 9.577877987132353610e+01
2.152541934742646959e+02 3.719761029411764497e+01 9.586494715073528994e+01
2.154694106158088118e+02 3.735791015625000000e+01 9.629161879595588402e+01
2.155988625919117680e+02 3.737310431985294201e+01 9.662287454044117396e+01
2.156921530330882320e+02 3.747012867647058698e+01 9.669956341911765207e+01
2.157558306525735361e+02 3.753920611213235503e+01 9.671159811580882604e+01
2.158580824908088118e+02 3.762910730698529704e+01 9.679500804227940591e+01
2.159598173253676521e+02 3.768804572610294201e+01 9.676393037683823195e+01
2.160058019301470722e+02 3.777039292279411598e+01 9.674505974264705799e+01
2.159757869944853041e+02 3.765512982536764497e+01 9.667563763786765207e+01
2.160053998161764639e+02 3.768997012867647101e+01 9.672466681985294201e+01
2.160236960018382320e+02 3.778570197610294201e+01 9.672216796875000000e+01
2.160345818014705799e+02 3.777809053308823195e+01 9.686368336397059409e+01
2.160085305606617680e+02 3.773785041360294201e+01 9.688416245404411598e+01
2.160156250000000000e+02 3.778125000000000000e+01 9.683915441176471006e+01
2.159973000919117680e+02 3.770829503676470296e+01 9.688189338235294201e+01
2.158831858915441160e+02 3.777392578125000000e+01 9.655839269301471006e+01
2.157660845588235361e+02 3.766825597426470296e+01 9.639769071691176805e+01
2.155367359834558840e+02 3.750962201286764497e+01 9.630029296875000000e+01
2.153023322610294201e+02 3.748276654411764497e+01 9.590153952205882604e+01
2.151926700367646959e+02 3.730141314338235503e+01 9.577102481617646390e+01
2.151026252297794201e+02 3.724313534007352899e+01 9.571504480698528994e+01
2.149900620404411882e+02 3.720559512867647101e+01 9.542187500000000000e+01
2.149591279871323479e+02 3.687140969669117396e+01 9.540978285845588402e+01
2.148493508731617680e+02 3.682746438419117396e+01 9.527829159007353610e+01
2.147603975183823479e+02 3.679342830882352899e+01 9.521978400735294201e+01
2.148145680147058840e+02 3.680888097426470296e+01 9.521415441176471006e+01
2.148588867187500000e+02 3.684153837316176805e+01 9.516816980698528994e+01
2.147300666360294201e+02 3.696484375000000000e+01 9.538114659926471006e+01
2.146252010569853041e+02 3.690053423713235503e+01 9.535107421875000000e+01
2.146752929687500000e+02 3.698848230698529704e+01 9.533958524816176805e+01
2.146883616727941160e+02 3.705284926470588402e+01 9.540975413602940591e+01
2.146822150735294201e+02 3.713890165441176805e+01 9.521174172794117396e+01
2.147457203584558840e+02 3.703828699448529704e+01 9.507189223345588402e+01
2.148100298713235361e+02 3.709127987132352899e+01 9.509817325367646390e+01
2.148144531250000000e+02 3.708007812500000000e+01 9.518445542279411598e+01
2.148548943014705799e+02 3.711506204044117396e+01 9.535299862132353610e+01
2.148389533547794201e+02 3.720516429227941302e+01 9.514346852022059409e+01
2.149062212775735361e+02 3.716167853860294201e+01 9.520947265625000000e+01
2.149633214613970722e+02 3.711738855698529704e+01 9.537008846507353610e+01
2.151000402113970722e+02 3.710854204963235503e+01 9.551301125919117396e+01
2.150723517922794201e+02 3.739484719669117396e+01 9.547975068933823195e+01
2.151434110753676521e+02 3.744241153492647101e+01 9.564881089154411598e+01
2.150886086856617680e+02 3.744057329963235503e+01 9.561727366727940591e+01
2.152893210018382320e+02 3.761296530330882604e+01 9.574233111213234793e+01
2.154569450827205799e+02 3.773486328125000000e+01 9.609297449448528994e+01
2.156395335477941160e+02 3.754136029411764497e+01 9.640711167279411598e+01
2.157504021139705799e+02 3.752768841911764497e+01 9.615647977941176805e+01
2.157777458639705799e+02 3.742164522058823195e+01 9.613206571691176805e+01
2.157105928308823479e+02 3.740159696691176805e+01 9.628119255514705799e+01
2.157307559742646959e+02 3.744502527573529704e+01 9.618945312500000000e+01
2.157917911305146959e+02 3.736945657169117396e+01 9.619040096507353610e+01
2.157456054687500000e+02 3.746401079963235503e+01 9.627880859375000000e+01
2.157983685661764639e+02 3.746972656250000000e+01 9.629245174632353610e+01
2.158773552389705799e+02 3.748638556985294201e+01 9.638131893382353610e+01
2.158326631433823479e+02 3.761845128676470296e+01 9.648219209558823195e+01
2.159323586856617680e+02 3.757160500919117396e+01 9.656827320772059409e+01
2.159992244944853041e+02 3.760446346507352899e+01 9.655391199448528994e+01
2.160037051930146959e+02 3.756402228860294201e+01 9.634176815257353610e+01
2.159597598805146959e+02 3.759986787683823195e+01 9.653788488051471006e+01
2.159604779411764639e+02 3.771392463235294201e+01 9.656267233455882604e+01
2.159686351102941160e+02 3.780646829044117396e+01 9.658932674632353610e+01
2.158677619485294201e+02 3.786339613970588402e+01 9.657680376838234793e+01
2.157831744025735361e+02 3.776283892463235503e+01 9.673124425551471006e+01
2.158425723805146959e+02 3.785107421875000000e+01 9.670016659007353610e+01
2.158504136029411882e+02 3.786385569852941302e+01 9.672702205882353610e+01
2.159163602941176521e+02 3.779968979779411598e+01 9.665240119485294201e+01
2.160290958180146959e+02 3.777915326286764497e+01 9.636991613051471006e+01
2.160441463694853041e+02 3.767247817095588402e+01 9.631827320772059409e+01
2.159494772518382320e+02 3.762330537683823195e+01 9.637996897977940591e+01
2.160278894761029278e+02 3.765679572610294201e+01 9.645051125919117396e+01
2.157863338694853041e+02 3.786181640625000000e+01 9.624158432904411598e+01
2.156781939338235361e+02 3.771346507352941302e+01 9.615234375000000000e+01
2.154399126838235361e+02 3.781488396139705799e+01 9.602599379595588402e+01
2.152599092371323479e+02 3.755552045036764497e+01 9.578018727022059409e+01
2.152211914062500000e+02 3.764467486213235503e+01 9.574457146139705799e+01
2.152233455882353041e+02 3.740975413602941302e+01 9.584943704044117396e+01
2.151012752757353041e+02 3.722041590073529704e+01 9.556284466911765207e+01
2.149233398437500000e+02 3.705580767463235503e+01 9.541064453125000000e+01
2.147441693474264639e+02 3.697756778492647101e+01 9.516305721507353610e+01
2.145620978860294201e+02 3.694427849264705799e+01 9.493905101102940591e+01
2.144918428308823479e+02 3.678785615808823195e+01 9.487522977941176805e+01
2.143949620863970722e+02 3.672406364889705799e+01 9.491380399816176805e+01
2.144088637408088118e+02 3.672877412683823195e+01 9.480012063419117396e+01
2.143918026194853041e+02 3.674732881433823195e+01 9.504719094669117396e+01
2.146644646139705799e+02 3.694720818014705799e+01 9.516136259191176805e+01
2.148325769761029278e+02 3.706769875919117396e+01 9.542282284007353610e+01
2.149457146139705799e+02 3.728636259191176805e+01 9.546082261029411598e+01
2.151222139246323479e+02 3.755862247242647101e+01 9.556677964154411598e+01
2.153073586856617680e+02 3.770608340992647101e+01 9.599819048713234793e+01
2.154800666360294201e+02 3.771995634191176805e+01 9.595346966911765207e+01
2.155814280790441160e+02 3.758504710477941302e+01 9.594752412683823195e+01
2.157367876838235361e+02 3.743118106617647101e+01 9.615636488970588402e+01
2.157113396139705799e+02 3.737293198529411598e+01 9.599569163602940591e+01
2.156608168658088118e+02 3.738419117647058698e+01 9.582599954044117396e+01
2.156237936580882320e+02 3.745120059742647101e+01 9.585360179227940591e+01
2.154406594669117680e+02 3.740544577205882604e+01 9.574724264705882604e+01
2.152536764705882320e+02 3.739806410845588402e+01 9.554081456801471006e+01
2.151970932904411882e+02 3.729118795955882604e+01 9.549431295955882604e+01
2.151951976102941160e+02 3.737097886029411598e+01 9.563803998161765207e+01
2.152959558823529278e+02 3.740010340073529704e+01 9.564941406250000000e+01
2.153375459558823479e+02 3.734084903492647101e+01 9.568235868566176805e+01
2.155688189338235361e+02 3.737339154411764497e+01 9.585541130514705799e+01
2.155377412683823479e+02 3.733093979779411598e+01 9.609759880514705799e+01
2.156940199908088118e+02 3.746205767463235503e+01 9.616805491727940591e+01
2.158169806985294201e+02 3.742520680147058698e+01 9.614763327205882604e+01
2.156667336856617680e+02 3.753328929227941302e+01 9.620786420036765207e+01
2.157523839613970722e+02 3.752530445772058698e+01 9.601663028492646390e+01
2.158180434283088118e+02 3.770424517463235503e+01 9.622699333639705799e+01
2.158517635569853041e+02 3.765938074448529704e+01 9.620591107536765207e+01
2.159334788602941160e+02 3.766997931985294201e+01 9.628952205882353610e+01
2.158660673253676521e+02 3.763453584558823195e+01 9.626292509191176805e+01
2.159463465073529278e+02 3.759656479779411598e+01 9.631548713235294201e+01
2.160529067095588118e+02 3.752903837316176805e+01 9.651438993566176805e+01
2.162156767003676521e+02 3.759960937500000000e+01 9.658157169117646390e+01
2.162682387408088118e+02 3.771941061580882604e+01 9.678667853860294201e+01
