2.550000000000000000e+02 7.922238552854720695e+01 1.719283587714339490e+02
2.550000000000000000e+02 7.915488976823063183e+01 1.718305634068211702e+02
2.550000000000000000e+02 7.920806482004898896e+01 1.719101187111362492e+02
2.550000000000000000e+02 7.912146221970981230e+01 1.718052760504993444e+02
2.550000000000000000e+02 7.889474279253815325e+01 1.721308460523836459e+02
2.550000000000000000e+02 7.881074053137365354e+01 1.724339551535707642e+02
2.550000000000000000e+02 7.864450725456943303e+01 1.727041266252119840e+02
2.550000000000000000e+02 7.862882984737139225e+01 1.728466553608441814e+02
2.550000000000000000e+02 7.856792915017901180e+01 1.728035424910495692e+02
2.550000000000000000e+02 7.853269267005840959e+01 1.728260787638967315e+02
2.550000000000000000e+02 7.883776144714528300e+01 1.728316186169210482e+02
2.550000000000000000e+02 7.878198605615224892e+01 1.729441869229319764e+02
2.550000000000000000e+02 7.919585453175051271e+01 1.727752402487280960e+02
2.550000000000000000e+02 7.946278500094214792e+01 1.727391746749576100e+02
2.550000000000000000e+02 7.967925381571510002e+01 1.725091388731863447e+02
2.550000000000000000e+02 7.955993970228000478e+01 1.723184096476352067e+02
2.550000000000000000e+02 7.958835500282646080e+01 1.722536649707932952e+02
2.550000000000000000e+02 7.921043904277370018e+01 1.725327303561334134e+02
2.550000000000000000e+02 7.920376860749952641e+01 1.724916525343885496e+02
2.550000000000000000e+02 7.892379875635953113e+01 1.725989447899001448e+02
2.550000000000000000e+02 7.886975692481628641e+01 1.727054456378368172e+02
2.550000000000000000e+02 7.892315809308460928e+01 1.726532504239683306e+02
2.550000000000000000e+02 7.863033729037120168e+01 1.726295835688713112e+02
2.550000000000000000e+02 7.846274731486715837e+01 1.726128886376483820e+02
2.550000000000000000e+02 7.822996042962125784e+01 1.725661955907292224e+02
2.550000000000000000e+02 7.824789900131901277e+01 1.724586018466176824e+02
2.550000000000000000e+02 7.806195590729225842e+01 1.724452986621443245e+02
2.550000000000000000e+02 7.813815715093272729e+01 1.723259845487092434e+02
2.550000000000000000e+02 7.842524967024684202e+01 1.720872809496891023e+02
2.550000000000000000e+02 7.853619747503297788e+01 1.716592048238175892e+02
2.550000000000000000e+02 7.854207650273224317e+01 1.716817034105897903e+02
2.550000000000000000e+02 7.848298473713963119e+01 1.712525720746184277e+02
2.550000000000000000e+02 7.805385340116826853e+01 1.714924439419634439e+02
2.550000000000000000e+02 7.810491803278688394e+01 1.712229885057471392e+02
2.550000000000000000e+02 7.813016770303373448e+01 1.714205389108724376e+02
2.550000000000000000e+02 7.791294516676087767e+01 1.713003203316374652e+02
2.550000000000000000e+02 7.785897870736762627e+01 1.711621631807047379e+02
2.550000000000000000e+02 7.791957791596004768e+01 1.708005276050499219e+02
2.550000000000000000e+02 7.820229885057470653e+01 1.702224232146222107e+02
2.550000000000000000e+02 7.816400979837949592e+01 1.702393065762200877e+02
2.550000000000000000e+02 7.796400979837949308e+01 1.699959675899754927e+02
2.550000000000000000e+02 7.806286037309213555e+01 1.698957603165630417e+02
2.550000000000000000e+02 7.776698699830411954e+01 1.700740531373657518e+02
2.550000000000000000e+02 7.768211795741473225e+01 1.701974373469003297e+02
2.550000000000000000e+02 7.752055775390992665e+01 1.700007537214999047e+02
2.550000000000000000e+02 7.754652345958167814e+01 1.701403052572074728e+02
2.550000000000000000e+02 7.732605992085923674e+01 1.701128321085358834e+02
2.550000000000000000e+02 7.739864330130016867e+01 1.700384774825701868e+02
2.550000000000000000e+02 7.686500847936687819e+01 1.701896740154512884e+02
2.550000000000000000e+02 7.632357263990955687e+01 1.701652157527793463e+02
2.550000000000000000e+02 7.651822121726021919e+01 1.701851893725268496e+02
2.550000000000000000e+02 7.626779724891652279e+01 1.700940267571132551e+02
2.550000000000000000e+02 7.641872997927265487e+01 1.694813265498398209e+02
2.550000000000000000e+02 7.636962502355379456e+01 1.694767288486904135e+02
2.550000000000000000e+02 7.636035424910495806e+01 1.692789523271151211e+02
2.550000000000000000e+02 7.625788581119276444e+01 1.691026945543621594e+02
2.550000000000000000e+02 7.618145845110231562e+01 1.689655172413793025e+02
2.550000000000000000e+02 7.606557377049180957e+01 1.687628038439796399e+02
2.550000000000000000e+02 7.657689843602788926e+01 1.687173167514603449e+02
2.550000000000000000e+02 7.682502355379686776e+01 1.687896740154512827e+02
2.550000000000000000e+02 7.688859996231391847e+01 1.683660825325042367e+02
2.550000000000000000e+02 7.732052006783493425e+01 1.684746184284906860e+02
2.550000000000000000e+02 7.702694554362163615e+01 1.684130393819483800e+02
2.550000000000000000e+02 7.680422084039946640e+01 1.684386659129451687e+02
2.550000000000000000e+02 7.665743357829282445e+01 1.687450537026568611e+02
2.550000000000000000e+02 7.654840776333145413e+01 1.685952515545506003e+02
2.550000000000000000e+02 7.651840964763519537e+01 1.685609572263048790e+02
2.550000000000000000e+02 7.620493687582438724e+01 1.687411343508573509e+02
2.550000000000000000e+02 7.609285848878839431e+01 1.687238741285095216e+02
2.550000000000000000e+02 7.607348784624080906e+01 1.688207650273224090e+02
2.550000000000000000e+02 7.571335971358583095e+01 1.687612210288298513e+02
2.550000000000000000e+02 7.567329941586584141e+01 1.688412662521198513e+02
2.550000000000000000e+02 7.574139815338232040e+01 1.686529489353683857e+02
2.550000000000000000e+02 7.565306199359336858e+01 1.684449594874693901e+02
2.550000000000000000e+02 7.578549086112681721e+01 1.683799133220275053e+02
2.549999623139250104e+02 7.563350292067080716e+01 1.684736385905407872e+02
2.550000000000000000e+02 7.563452044469568136e+01 1.681681175805539965e+02
2.550000000000000000e+02 7.568388920293951116e+01 1.680082909364989519e+02
2.550000000000000000e+02 7.573438854343319804e+01 1.677848125117768916e+02
2.550000000000000000e+02 7.563572639909553175e+01 1.676029395138496341e+02
2.550000000000000000e+02 7.571042019973619119e+01 1.675785189372526816e+02
2.549999623139250104e+02 7.546689278311663429e+01 1.674983983418127025e+02
2.550000000000000000e+02 7.504405502166949304e+01 1.674769926512153688e+02
2.550000000000000000e+02 7.483188241944601771e+01 1.671234972677595749e+02
2.550000000000000000e+02 7.470137554173733463e+01 1.669344639155831942e+02
2.550000000000000000e+02 7.436382136800452258e+01 1.668094968908987994e+02
2.550000000000000000e+02 7.435775390993028111e+01 1.667888072357264093e+02
2.549998115696250238e+02 7.465298662144337527e+01 1.667784812511776806e+02
2.549998869417750029e+02 7.505566233276803700e+01 1.667841718485019840e+02
2.549999623139250104e+02 7.519148294705107105e+01 1.670235537968720507e+02
2.549999246278500209e+02 7.544141699641981802e+01 1.668855473902393101e+02
2.549999623139250104e+02 7.511871113623516294e+01 1.667499152063312522e+02
2.549999246278500209e+02 7.444307518371961407e+01 1.666247974373468992e+02
2.550000000000000000e+02 7.411155078198605395e+01 1.665175805539853116e+02
2.550000000000000000e+02 7.410205389108723750e+01 1.665433955153570764e+02
2.550000000000000000e+02 7.392858488788392890e+01 1.663846240814019097e+02
2.550000000000000000e+02 7.393940079140757859e+01 1.663933672508008215e+02
2.550000000000000000e+02 7.381375541737328660e+01 1.661699641982287403e+02
2.549998492557000134e+02 7.384978330506878308e+01 1.661556434897305508e+02
2.550000000000000000e+02 7.376035424910494953e+01 1.660886753344639146e+02
2.550000000000000000e+02 7.379404560015073855e+01 1.658763519879404669e+02
2.550000000000000000e+02 7.359234972677595010e+01 1.658702468437912216e+02
2.550000000000000000e+02 7.372549462973431389e+01 1.657653664970793272e+02
2.549999623139250104e+02 7.350194083286226032e+01 1.656179385716977492e+02
2.550000000000000000e+02 7.347017147164122264e+01 1.654609006971923861e+02
2.549998115696250238e+02 7.346572451479178767e+01 1.651829282080271355e+02
2.549999246278500209e+02 7.336220086677973029e+01 1.651755794234030645e+02
2.549997361974750447e+02 7.334776710005652944e+01 1.651132089692858358e+02
2.550000000000000000e+02 7.326610137554173718e+01 1.651247785943093902e+02
2.549995477671000685e+02 7.319675899755040405e+01 1.650529489353683914e+02
2.550000000000000000e+02 7.319087996985113875e+01 1.649684567552289423e+02
2.549992462785000953e+02 7.303678160919540119e+01 1.649221405690597351e+02
2.549995100810250506e+02 7.274603354060674576e+01 1.650322969662709625e+02
2.549999623139250104e+02 7.267375164876578708e+01 1.650324477105709491e+02
2.549992085924251057e+02 7.255948746938005911e+01 1.652380629357452335e+02
2.549987563595251459e+02 7.262679479932164384e+01 1.651870359902016219e+02
2.549995854531750581e+02 7.231580930846052979e+01 1.651658564160542539e+02
2.549999623139250104e+02 7.240113058224986275e+01 1.651345769738081799e+02
2.549997361974750447e+02 7.243550028264556317e+01 1.649368758243828950e+02
2.549987186734501563e+02 7.236393442622950545e+01 1.646831354814396207e+02
2.549998492557000134e+02 7.241970981722253953e+01 1.643969474279253689e+02
2.549994347088750715e+02 7.236574335782928813e+01 1.644264933107216962e+02
2.549989447899001220e+02 7.227736951196533255e+01 1.641612964009798361e+02
2.549999623139250104e+02 7.247111362351611774e+01 1.638686640286414047e+02
2.549979272658752620e+02 7.246836254004145417e+01 1.640960241190879856e+02
2.549989447899001220e+02 7.251822121726021919e+01 1.640223478424722146e+02
2.549990578481251191e+02 7.248931599773884216e+01 1.638234030525720755e+02
2.549991332202750982e+02 7.232511776898435585e+01 1.639283587714339490e+02
2.549984171848502115e+02 7.225528547201808749e+01 1.641635575654795502e+02
2.549980780101752487e+02 7.225875259091765201e+01 1.641611456566798495e+02
2.549989071038251325e+02 7.239777652157528109e+01 1.640896551724137851e+02
2.549989447899001220e+02 7.230009421518748525e+01 1.638945920482381666e+02
2.549966836254004079e+02 7.211995477671000288e+01 1.639731298285283572e+02
2.549989071038251325e+02 7.197290371207839144e+01 1.635438100621820183e+02
2.549983418127002039e+02 7.175398530243074902e+01 1.634851328434143625e+02
2.549983418127002039e+02 7.164104013566986850e+01 1.634793668739400800e+02
2.549969097418503736e+02 7.161955907292255574e+01 1.632852082155643529e+02
2.549975504051253097e+02 7.180244959487468748e+01 1.630989259468626358e+02
2.549985679291501697e+02 7.199641982287545261e+01 1.628145091388731771e+02
2.549971735443753573e+02 7.213205200678349627e+01 1.629031091011871126e+02
2.549935556811757920e+02 7.222773695119653325e+01 1.627474279253815723e+02
2.549955153570755613e+02 7.218175993970227466e+01 1.627033352176370897e+02
2.549947616355756566e+02 7.209421518748821711e+01 1.623463350292066991e+02
2.549927642736008977e+02 7.203749764462031635e+01 1.623193894855850772e+02
2.549960052760505107e+02 7.196205012247973798e+01 1.623652157527793349e+02
2.549901262483512312e+02 7.196208780855474174e+01 1.623187488223101695e+02
2.549950631241756298e+02 7.188498209911438153e+01 1.625102694554362301e+02
2.549955907292255404e+02 7.174309402675712022e+01 1.625723384209534572e+02
2.549921989824759692e+02 7.160278876954964744e+01 1.626984737139626986e+02
2.549903146787262074e+02 7.149745618993782159e+01 1.629244017335594492e+02
2.549926512153759290e+02 7.142604107782175049e+01 1.630726210665159215e+02
2.549966082532504288e+02 7.144714527981911090e+01 1.630898059167137717e+02
2.549971735443753573e+02 7.140602977199924339e+01 1.627097418503862798e+02
2.549914452609760644e+02 7.121439608064819993e+01 1.624914264179385839e+02
2.549920482381759825e+02 7.128581119276427103e+01 1.624257395892217914e+02
2.549975504051253097e+02 7.131874882231015533e+01 1.622176747691727883e+02
2.549930280761258814e+02 7.134701337855662473e+01 1.619305068777086944e+02
2.549936310533257995e+02 7.134120972300735275e+01 1.620912003014886125e+02
2.549919351799510139e+02 7.137218767665348196e+01 1.622457885811192853e+02
2.549922366685509587e+02 7.124838892029394799e+01 1.622636140945920431e+02
2.549958922178255136e+02 7.127137742604108439e+01 1.621233842095345778e+02
2.549934803090258129e+02 7.101213491614848294e+01 1.621173167514603222e+02
2.549933672508008158e+02 7.106862634256641797e+01 1.620080648200489861e+02
2.549949500659506327e+02 7.093917467495759865e+01 1.619386847559826776e+02
2.549876389674015513e+02 7.110857358206142464e+01 1.617590352364801163e+02
2.549877520256265200e+02 7.109922743546259483e+01 1.618408140192198914e+02
2.549958545317505241e+02 7.105253438854343528e+01 1.615934049368758281e+02
2.549919728660260034e+02 7.155330695308083477e+01 1.617183719615601944e+02
2.549910307141511225e+02 7.160211042019973604e+01 1.617693612210288165e+02
2.549888449218013875e+02 7.189259468626342198e+01 1.616985114000376882e+02
2.549874882231015647e+02 7.212624835123422429e+01 1.615241756171094778e+02
2.549949877520256223e+02 7.195330695308084046e+01 1.616658375730167734e+02
2.549887318635764188e+02 7.171871113623515726e+01 1.616595439984925520e+02
2.549863199547767181e+02 7.164959487469380406e+01 1.618397588091200419e+02
2.549862822687017285e+02 7.162246090069719173e+01 1.617919728660260148e+02
2.549928019596758872e+02 7.152530619935933487e+01 1.620057282833992929e+02
2.549889202939513950e+02 7.163550028264556602e+01 1.620152251742981093e+02
2.549899755040512446e+02 7.156163557565479039e+01 1.619713585830035925e+02
2.549917844356510273e+02 7.162174486527227657e+01 1.618209534576973851e+02
2.549907669116261673e+02 7.165547390239306935e+01 1.619930657622008709e+02
2.549954776710005717e+02 7.163877897117015436e+01 1.617594497833050582e+02
2.549959675899754927e+02 7.169934049368758622e+01 1.618283022423214561e+02
2.549918221217260168e+02 7.167522140569059275e+01 1.616049745618993825e+02
2.549920105521009930e+02 7.147522140569060412e+01 1.616009421518748752e+02
2.549951008102506194e+02 7.145626530996796077e+01 1.616210288298473756e+02
2.549921612964009796e+02 7.141273789334840671e+01 1.614582626719427196e+02
2.549905407951761731e+02 7.142419446014697826e+01 1.615165253438854336e+02
2.549908422837761464e+02 7.103120407009609494e+01 1.612819672131147399e+02
2.549889956661013741e+02 7.095877143395514963e+01 1.613954022988505699e+02
2.549860184661767448e+02 7.100765027322404421e+01 1.612152251742980980e+02
2.549862822687017285e+02 7.100945920482381268e+01 1.612281138119464856e+02
2.549859807801017553e+02 7.105294893536837719e+01 1.610892029395138536e+02
2.549866968155266704e+02 7.138684755982664853e+01 1.609986809873751668e+02
2.549847748257018907e+02 7.155895986433013434e+01 1.609491991709063541e+02
2.549741096664782276e+02 7.143327680422083859e+01 1.609933295647258262e+02
2.549802148106274728e+02 7.139773883550027733e+01 1.609444507254569317e+02
2.549767100056529046e+02 7.154840776333145413e+01 1.609513849632560891e+02
2.549788957980026396e+02 7.131411343508572998e+01 1.610227247032221669e+02
2.549841341624269830e+02 7.113793103448276156e+01 1.610864518560391900e+02
2.549870736762766228e+02 7.091482947051063945e+01 1.611390616167326186e+02
2.549841718485019726e+02 7.102619182212173143e+01 1.610706237045411626e+02
2.549819860561522376e+02 7.081699641982287119e+01 1.609164122856604422e+02
2.549822498586772213e+02 7.101036367062370402e+01 1.608436404748445341e+02
2.549815715093272956e+02 7.126455624646692399e+01 1.607350668927831236e+02
2.549788957980026396e+02 7.126730732994158757e+01 1.606432259280196035e+02
2.549723007348784733e+02 7.139751271905031160e+01 1.602410024495948733e+02
2.549687959299039051e+02 7.146391558319200499e+01 1.603540606745807509e+02
2.549697003957037964e+02 7.106975692481627505e+01 1.602867910307141415e+02
2.549752402487280847e+02 7.074761635575654850e+01 1.604890898812888622e+02
2.549826267194271736e+02 7.053159977388355628e+01 1.603747503297531694e+02
2.549852270586018506e+02 7.047382702091577755e+01 1.603710947804786144e+02
2.549838326738270098e+02 7.027020915771622356e+01 1.601758432259280198e+02
2.549753156208780922e+02 7.027695496514037643e+01 1.602675334463915533e+02
2.549777652157527825e+02 7.027469380064066229e+01 1.599975504051253097e+02
2.549742604107782142e+02 7.011660071603542121e+01 1.599624646693046941e+02
2.549768230638779016e+02 7.016302996042962548e+01 1.599034859619370650e+02
2.549762200866779835e+02 7.008162803843980271e+01 1.598146598831731637e+02
2.549712832108535849e+02 7.030891275673639029e+01 1.597783305068777224e+02
2.549713962690785820e+02 7.046316186169210027e+01 1.598620312794422489e+02
2.549693989071038231e+02 7.059265121537592336e+01 1.598307895232711644e+02
2.549557565479555308e+02 7.074169964198229366e+01 1.595912945166761006e+02
2.549612964009798475e+02 7.066806105144149797e+01 1.595809685321273719e+02
2.549657810439042862e+02 7.060271339739965413e+01 1.597749010740531332e+02
2.549647635198793978e+02 7.040599208592425384e+01 1.597880912003014942e+02
2.549645750895044216e+02 7.046764650461653900e+01 1.597280195967589975e+02
2.549784058790276902e+02 7.032711513095911471e+01 1.596245713208969335e+02
2.549597889579800380e+02 7.040723572639909378e+01 1.595895609572262970e+02
2.549653288110043263e+02 7.016615790465422720e+01 1.595181081590352505e+02
2.549559449783305070e+02 6.967540983606556892e+01 1.593547013378556585e+02
2.549528170341058910e+02 6.954852082155643700e+01 1.593950631241756071e+02
2.549657810439042862e+02 6.962547578669681059e+01 1.589162238552854660e+02
2.549651403806293501e+02 6.953830789523270539e+01 1.589182965894102040e+02
2.549620124364047626e+02 6.943900508762013146e+01 1.590608630111173909e+02
2.549572263048803507e+02 6.985611456566797983e+01 1.588673827020915894e+02
2.549622385528547284e+02 6.990465423026191161e+01 1.588716789146410520e+02
2.549563595251554489e+02 6.985977011494253475e+01 1.587125683060109225e+02
2.549631053325796017e+02 6.982762389297154471e+01 1.585868475598266514e+02
2.549535330695308062e+02 6.929101187111362492e+01 1.585452798191068382e+02
2.549562464669304802e+02 6.896069342377991518e+01 1.584792915017901009e+02
2.549663463350292147e+02 6.898078010175240138e+01 1.584103259845487059e+02
2.549502543810062321e+02 6.900610514414923102e+01 1.582067081213491520e+02
2.549510457885811263e+02 6.880373092142453118e+01 1.582648200489919077e+02
2.549390993028076196e+02 6.932843414358394796e+01 1.581597135858300476e+02
2.549428302242321536e+02 6.946478236291690678e+01 1.579640474844544826e+02
2.549484077633314598e+02 6.964804974561899087e+01 1.577706802336536782e+02
2.549276050499340442e+02 6.952082155643489614e+01 1.578075372149990585e+02
2.549283587714339490e+02 6.972749199170905854e+01 1.577233465234595826e+02
2.549399660825324929e+02 6.944767288486903567e+01 1.577236480120595559e+02
2.549327680422084086e+02 6.920712266817410807e+01 1.576817410966647799e+02
2.549253438854343301e+02 6.905132843414358490e+01 1.576034294328245835e+02
2.549274919917090756e+02 6.914433766723195163e+01 1.575170529489353726e+02
2.549295647258338136e+02 6.914004145468248907e+01 1.573534953834558223e+02
2.549179951008102591e+02 6.907654041831543168e+01 1.574056905973242806e+02
2.549297908422837793e+02 6.919777652157527825e+01 1.575049934049368687e+02
2.549121537591859692e+02 6.913891087243263200e+01 1.574576596947428015e+02
2.549214999057847990e+02 6.918594309402675435e+01 1.574723572639909435e+02
2.549308837384586468e+02 6.920832862257395846e+01 1.574894667420388146e+02
2.549154701337855613e+02 6.904699453551911859e+01 1.571886188053514104e+02
2.549170529489353783e+02 6.888245713208969789e+01 1.571305068777086831e+02
2.549192010552100953e+02 6.873736574335782734e+01 1.572298473713962608e+02
2.549022800075372288e+02 6.845626530996796077e+01 1.569241756171094835e+02
2.548856227623892892e+02 6.826301111739212502e+01 1.568122479743734630e+02
2.548951950254381131e+02 6.837787827397777107e+01 1.565763331449029465e+02
2.548846806105144083e+02 6.820576596947428527e+01 1.565198794045600152e+02
2.548909741850386297e+02 6.808287167891464264e+01 1.564206142830224167e+02
2.548786508385151706e+02 6.810329753156209165e+01 1.563694365931788184e+02
2.548705106463161769e+02 6.799966082532503719e+01 1.563297154701337774e+02
2.548734124740908271e+02 6.806436781609195918e+01 1.560991143772376120e+02
2.548729225551158777e+02 6.801658187299793212e+01 1.556580365554927425e+02
2.548723572639909491e+02 6.800572828339927867e+01 1.555147540983606689e+02
2.548433766723195788e+02 6.801944601469756435e+01 1.554920670812134915e+02
2.548442434520444806e+02 6.790175240248727562e+01 1.552923685698134477e+02
2.548518560391935068e+02 6.767906538534012384e+01 1.551683436970039622e+02
2.548452609760693406e+02 6.766237045411720885e+01 1.554031656302996112e+02
2.548392312040701029e+02 6.763387978142075951e+01 1.551265875259091729e+02
2.548299604296212522e+02 6.769270774448841621e+01 1.550955718861880541e+02
2.548001130582249800e+02 6.759540229885057272e+01 1.550044469568494492e+02
2.548272093461465886e+02 6.763772376107029061e+01 1.549980403241002591e+02
2.548325230827209396e+02 6.755048049745619210e+01 1.549016016581873032e+02
2.548291313359713683e+02 6.744021104201996764e+01 1.544226870171471546e+02
2.547876012813265447e+02 6.739743734690031829e+01 1.545557565479555251e+02
2.547958922178255250e+02 6.734053137365742714e+01 1.543862445826267162e+02
2.547932165065008405e+02 6.689911437723760912e+01 1.546895044281138212e+02
2.548082532504239737e+02 6.665852647446767776e+01 1.546420953457697465e+02
2.547931411343508614e+02 6.652719050310909665e+01 1.544618428490672670e+02
2.547926135293009224e+02 6.644435651026945777e+01 1.541653288110043434e+02
2.547861692104767428e+02 6.639495006595062421e+01 1.541612210288298570e+02
2.547777652157527655e+02 6.593510457885811604e+01 1.540681364235914828e+02
2.547761070284529978e+02 6.587311098549086807e+01 1.539934803090258129e+02
2.547790465423026092e+02 6.576099491237987138e+01 1.537869983041266266e+02
2.547747880158281646e+02 6.565890333521763012e+01 1.535322027510834744e+02
2.547778029018277834e+02 6.565358959864330757e+01 1.536361032598454983e+02
2.547386093838326815e+02 6.603787450537026871e+01 1.533054456378368116e+02
2.547400037686074938e+02 6.587405313736574897e+01 1.532913887318635773e+02
2.547125306199359329e+02 6.617418503862822377e+01 1.532085547390239242e+02
2.547394007914075758e+02 6.605547390239306083e+01 1.530700960994912521e+02
2.546806482004899124e+02 6.585679291501790544e+01 1.529101940832862283e+02
2.546841906915394702e+02 6.611807047296024109e+01 1.525237233842095463e+02
2.547028829847371298e+02 6.567887695496513345e+01 1.524054644808743149e+02
2.547112869794610788e+02 6.575089504428113685e+01 1.522250612398718772e+02
2.546930846052383686e+02 6.563866591294517150e+01 1.522227247032221555e+02
2.546915017900885516e+02 6.552176370830977703e+01 1.522289429055963694e+02
2.546837761447145283e+02 6.516529112492933962e+01 1.523366497079329065e+02
2.546847559826643987e+02 6.493977765215753095e+01 1.523130959110608558e+02
2.546714904842660587e+02 6.470955342001130361e+01 1.521172036932353535e+02
2.546654607122668210e+02 6.463289994347088907e+01 1.520615036743922985e+02
2.546694931222912999e+02 6.455726399095534873e+01 1.520488034671188871e+02
2.546319201055210044e+02 6.464428113811946730e+01 1.519039005087620069e+02
2.546324477105709434e+02 6.457361974750330091e+01 1.520300358017712483e+02
2.546621443376672289e+02 6.467733182589033447e+01 1.519793103448275815e+02
2.546737893348407624e+02 6.463599020162050124e+01 1.518518560391935068e+02
2.546467684190691614e+02 6.462626719427171906e+01 1.517670623704541129e+02
2.546506877708686716e+02 6.458383267382701831e+01 1.515762577727529674e+02
2.546299227435462456e+02 6.452560768795929391e+01 1.516526474467684125e+02
2.546326738270209091e+02 6.441017524024873353e+01 1.516124364047484505e+02
2.546175993970227864e+02 6.428547201808932243e+01 1.515865460712266781e+02
2.545808931599773928e+02 6.434456378368193441e+01 1.516428113811946616e+02
2.545723384209534572e+02 6.443278688524590336e+01 1.513325042396834306e+02
2.545849632560768896e+02 6.436785377802901564e+01 1.512928584887883972e+02
2.545854531750518106e+02 6.438729979272659421e+01 1.511213868475598190e+02
2.546013566986998171e+02 6.433766723195779491e+01 1.511151686451856051e+02
2.545934803090258072e+02 6.433227812323346484e+01 1.509094780478613131e+02
2.545920105521009873e+02 6.432583380440927101e+01 1.510270209157716295e+02
2.545818729979272632e+02 6.401903146787262244e+01 1.508038439796495140e+02
2.545504051253062130e+02 6.392628603730921100e+01 1.507000942151874767e+02
2.545414358394573071e+02 6.395715093273035734e+01 1.506254381006218068e+02
2.545558696061805222e+02 6.391456566798567707e+01 1.504312417561710902e+02
2.545672884869040900e+02 6.382023742227246998e+01 1.505825513472771888e+02
2.545346523459581647e+02 6.369956661013755195e+01 1.505945355191256851e+02
2.545391746749575930e+02 6.369180327868852487e+01 1.505931788204258623e+02
2.545488976823063751e+02 6.359935933672507957e+01 1.506948558507631333e+02
2.545233465234595940e+02 6.372575843225928338e+01 1.504009044657998970e+02
2.545070661390616067e+02 6.365524778594309652e+01 1.502823063877897027e+02
2.545187488223101582e+02 6.365664217071792308e+01 1.501572263048803393e+02
2.545268890145091518e+02 6.372783116638402134e+01 1.502744676841906823e+02
2.545183719615602058e+02 6.350295835688712742e+01 1.501074806858865713e+02
2.545037874505370326e+02 6.348569813453929100e+01 1.502182777463727064e+02
2.545002072734124852e+02 6.359140757490107632e+01 1.502296589410212846e+02
2.544678349349915152e+02 6.355360844168080092e+01 1.501458827963067506e+02
2.544440550216694987e+02 6.351256830601092673e+01 1.498726964386659120e+02
2.544233276804220907e+02 6.330099868098737659e+01 1.498956095722630550e+02
2.544301488599962227e+02 6.315036743923120355e+01 1.495737328057282696e+02
2.544061051441492509e+02 6.300403241002449306e+01 1.493400037686074882e+02
2.544281514980214922e+02 6.288543433201432009e+01 1.493052195213868458e+02
2.544020727341247436e+02 6.278409647635199065e+01 1.492456001507443091e+02
2.544078763896740156e+02 6.263625400414547073e+01 1.490957603165630303e+02
2.543883926889014617e+02 6.275458827963067421e+01 1.489591859807800915e+02
2.543855662332767906e+02 6.276095722630488183e+01 1.488598454870925138e+02
2.543499528924062645e+02 6.264032410024496045e+01 1.488053891087243130e+02
2.543185603919351934e+02 6.270137554173732752e+01 1.487636706237045416e+02
2.543404183154324585e+02 6.231663840211042071e+01 1.488632749199171030e+02
2.543196532881100325e+02 6.223188241944601629e+01 1.487210476728848789e+02
2.543340870548332475e+02 6.244333898624458357e+01 1.485803655549274538e+02
2.543171283210853630e+02 6.243176936122102916e+01 1.485294139815338212e+02
2.542873940079140880e+02 6.249410212926323993e+01 1.483985679291501754e+02
2.542498586772187537e+02 6.268332391181458263e+01 1.484241567740719745e+02
2.542284906726964380e+02 6.260045223289993999e+01 1.482530243075183591e+02
2.542350480497456147e+02 6.250446579988694396e+01 1.481353683813830742e+02
2.542276992651215437e+02 6.232308272093461454e+01 1.482857735066892815e+02
2.542307141511211626e+02 6.227081213491614875e+01 1.481903146787262244e+02
2.541839457320519955e+02 6.236585641605427099e+01 1.481429809685321288e+02
2.542027510834746522e+02 6.225943094026757052e+01 1.479719238741285210e+02
2.542587525909176520e+02 6.179050310910118782e+01 1.480667043527416524e+02
2.542205765969474385e+02 6.166632749199170860e+01 1.478489542114188851e+02
2.542156774071980294e+02 6.156465046165441635e+01 1.477108347465611473e+02
2.541845110231769240e+02 6.150876201243640651e+01 1.472858488788392606e+02
2.542172225362728568e+02 6.136498963632937631e+01 1.472468814772941528e+02
2.541601281326549895e+02 6.128501978518936966e+01 1.470947804786131599e+02
2.541758809120030094e+02 6.138903335217636936e+01 1.470315432447710577e+02
2.541399660825325100e+02 6.127488223101563847e+01 1.469344262295082046e+02
2.541441492368569754e+02 6.124722065196909426e+01 1.468582626719427253e+02
2.541449406444318697e+02 6.142426983229696447e+01 1.466434897305445588e+02
2.541123798756359520e+02 6.133823252308272345e+01 1.466139815338232495e+02
2.540872055775390947e+02 6.111117392123610159e+01 1.464373845863953250e+02
2.541130959110608671e+02 6.114983983418127167e+01 1.462419446014697542e+02
2.540678726210665275e+02 6.103274919917090813e+01 1.461055210099868020e+02
2.540558507631430132e+02 6.088452986621443586e+01 1.459899378179762550e+02
2.540133785566233371e+02 6.070635010363670858e+01 1.457791219144526167e+02
2.540018466176747722e+02 6.067254569436592959e+01 1.457429809685321231e+02
2.539717731298285344e+02 6.043636706237045075e+01 1.456408140192199028e+02
2.539695119653288202e+02 6.045528547201809033e+01 1.458000000000000114e+02
2.540317316751460339e+02 6.034188807235726415e+01 1.459752779348031027e+02
2.540029018277746502e+02 6.062581496137177339e+01 1.458642547578669735e+02
2.540007914075748943e+02 6.066960618051629694e+01 1.456557377049180388e+02
2.539706802336536668e+02 6.049655172413793025e+01 1.456408140192199028e+02
2.539495006595062989e+02 6.062347842472206594e+01 1.455064254757866991e+02
2.539006971923874119e+02 6.068505747126436489e+01 1.453446014697569240e+02
2.539090635010363712e+02 6.053827020915771584e+01 1.454221217260222261e+02
2.539566986998304117e+02 6.038616921047673003e+01 1.456339551535707528e+02
2.539311852270585916e+02 6.015048049745618641e+01 1.454279253815714981e+02
2.538861126813642386e+02 5.995519125683060224e+01 1.453995100810250563e+02
2.538686263425664151e+02 6.002408140192198971e+01 1.450090069719238670e+02
2.538284153005464532e+02 5.971633691351046025e+01 1.447157339363105280e+02
2.537914075749010863e+02 5.968151498021481416e+01 1.444677595628415361e+02
2.537435839457320412e+02 5.961239871867344675e+01 1.440996796683625405e+02
2.536659883173167600e+02 5.939502543810062463e+01 1.440981345392877415e+02
2.536628226870171545e+02 5.946651592236668904e+01 1.440908611268136497e+02
2.536382513661202154e+02 5.928155266628980513e+01 1.439579423403052658e+02
2.536719804032410082e+02 5.934983983418126741e+01 1.437630676465046236e+02
2.536417561710947837e+02 5.932029395138496142e+01 1.436034294328245835e+02
2.536660260033917496e+02 5.924997173544375073e+01 1.434024872809496856e+02
2.535519879404560015e+02 5.907220651969097247e+01 1.430979461089127653e+02
2.534298473713962778e+02 5.921775014132278159e+01 1.427866591294516638e+02
2.533785943094026720e+02 5.883305068777087143e+01 1.426042585264744673e+02
2.533367250800829140e+02 5.876529112492934104e+01 1.426234030525720868e+02
2.533820614283022508e+02 5.877000188430375260e+01 1.428893536838138232e+02
2.534530619935933657e+02 5.866335029206707929e+01 1.429319389485584963e+02
2.533856039193518086e+02 5.882924439419634410e+01 1.428821933295647284e+02
2.534541925758432228e+02 5.882973431317128643e+01 1.430298096853212826e+02
2.534875070661390737e+02 5.887160354249105154e+01 1.431069530808366324e+02
2.534299981156962360e+02 5.884119087996985087e+01 1.428962125494629731e+02
2.534500471075937469e+02 5.870710382513661330e+01 1.429997738835500343e+02
2.533916713774260359e+02 5.905215752779348293e+01 1.425495383455813112e+02
2.532741285095157480e+02 5.900938383267382648e+01 1.422750706613906289e+02
2.532981722253627197e+02 5.900482381759939443e+01 1.421378933484077720e+02
2.533023553796872136e+02 5.892658752590917715e+01 1.418977576785377721e+02
2.532976069342377912e+02 5.910352364801205738e+01 1.417639344262294969e+02
2.532833992839645703e+02 5.889900131901262625e+01 1.418807989447898876e+02
2.532478613152440232e+02 5.867069907669116446e+01 1.421234972677595749e+02
2.532553231580930913e+02 5.848140192198982135e+01 1.418543810062182047e+02
2.531261729790842310e+02 5.815669869983041451e+01 1.414318824194460262e+02
2.530524213303184524e+02 5.796702468437911904e+01 1.411887695496513970e+02
2.530363293762954697e+02 5.771908799698511672e+01 1.409167137742604154e+02
2.529968343697003945e+02 5.766512153759185821e+01 1.408350857358206270e+02
2.530119841718484963e+02 5.763957037874505573e+01 1.408937252685132933e+02
2.530050876201243568e+02 5.778228754475221507e+01 1.407579800263802383e+02
2.528708875070661293e+02 5.778809120030148705e+01 1.405898624458262702e+02
2.529008479366873985e+02 5.750205389108724319e+01 1.403395138496325671e+02
2.529104201997361940e+02 5.759084228377614778e+01 1.404716035424910388e+02
2.529402675711324662e+02 5.770092330883738185e+01 1.404433766723195731e+02
2.529835688713020545e+02 5.751784435651026683e+01 1.405675899755040632e+02
2.529522140569059729e+02 5.738300358017712455e+01 1.405605049934049475e+02
2.529182965894102040e+02 5.743678160919539977e+01 1.404960994912379988e+02
2.529029206708121364e+02 5.735545505935557031e+01 1.407208592425099027e+02
2.529204070096099599e+02 5.719634445072545503e+01 1.406166195590729160e+02
2.529331072168833714e+02 5.716137177312982942e+01 1.405182589033352087e+02
2.529852270586018506e+02 5.713823252308272060e+01 1.405763708309779645e+02
2.529519879404560072e+02 5.745656679856792692e+01 1.404677595628415361e+02
2.529680422084040003e+02 5.761492368569813749e+01 1.403965328811004269e+02
2.530029771999246293e+02 5.747231957791596102e+01 1.404829470510646274e+02
2.529842472206519801e+02 5.744748445449406660e+01 1.403871490484266076e+02
2.529722630488034554e+02 5.746572451479178767e+01 1.404245336348219269e+02
2.529420011305822413e+02 5.751999246278499811e+01 1.403597135858300362e+02
2.529685321273789214e+02 5.763504804974562035e+01 1.404239683436969983e+02
2.528646316186169258e+02 5.778982475975126931e+01 1.403421518748822336e+02
2.528492933860938479e+02 5.774478990013189872e+01 1.403701526286037335e+02
2.528987752025626605e+02 5.787160354249105154e+01 1.402581119276427444e+02
2.529695873374787993e+02 5.751618616921047789e+01 1.404219332956472499e+02
2.529456189937818067e+02 5.737520256265310081e+01 1.403847371396269068e+02
2.529452798191068439e+02 5.745675522894290310e+01 1.403968720557753898e+02
2.528373845863953306e+02 5.721209723007348913e+01 1.402613906161673185e+02
2.527811192764273471e+02 5.717263990955341768e+01 1.401140003768607585e+02
2.528099491237987593e+02 5.705464480874316990e+01 1.400405502166949248e+02
2.527928019596758986e+02 5.699012624835123120e+01 1.401159223666855098e+02
2.527465234595816810e+02 5.689964198228754810e+01 1.400147729413981494e+02
2.527510081025061197e+02 5.691596005276050363e+01 1.398342189560957252e+02
2.527394761635575549e+02 5.701190879969851011e+01 1.398597701149425347e+02
2.527072922555115895e+02 5.721869229319766248e+01 1.398456378368192929e+02
2.526812134916148409e+02 5.722913133597135982e+01 1.396761635575654736e+02
2.526157904654230322e+02 5.740618051629923002e+01 1.393013378556623252e+02
2.525954399849255765e+02 5.705283587714339433e+01 1.392599585453175166e+02
2.525355944978330456e+02 5.714105897870737039e+01 1.391802148106274615e+02
2.524928584887883858e+02 5.709802148106274444e+01 1.391355568117580503e+02
2.525800263802524910e+02 5.694788015828151373e+01 1.389345392877331733e+02
2.525117015262860320e+02 5.687574901074053457e+01 1.388725080082909358e+02
2.524957603165630360e+02 5.697882042585264628e+01 1.390454494064443054e+02
2.524884115319389366e+02 5.697414735255323137e+01 1.389044281138119459e+02
2.525403806293574576e+02 5.647801017524025013e+01 1.389159223666855212e+02
2.525540983606557290e+02 5.645860184661767533e+01 1.388269832296966229e+02
2.525002072734124852e+02 5.649044657998869212e+01 1.388295081967213207e+02
2.524561899378179817e+02 5.649613717731298124e+01 1.386049368758243929e+02
2.524896551724137908e+02 5.646783493499152229e+01 1.385077444884115323e+02
2.525345392877331960e+02 5.654912379875636219e+01 1.386153382325230723e+02
2.524386659129451687e+02 5.670627473148671527e+01 1.386174109666478103e+02
2.523851893725268383e+02 5.670913887318635460e+01 1.385244017335594435e+02
2.523620878085547474e+02 5.695918598078009865e+01 1.384996419822875566e+02
2.523525155455059235e+02 5.692342189560957166e+01 1.383471641228566114e+02
2.522911626154136115e+02 5.663342754852082095e+01 1.383209723007348657e+02
2.522852459016393425e+02 5.650913887318635886e+01 1.382509515733936212e+02
2.522306764650461730e+02 5.627401545129075089e+01 1.380900697192387554e+02
2.520586395326926663e+02 5.623896740154513196e+01 1.379668739400791537e+02
2.521136612021857957e+02 5.627544752214056700e+01 1.378397211230450239e+02
2.520779724891652620e+02 5.614298096853212883e+01 1.378001130582249800e+02
2.521042396834369583e+02 5.620810250612398562e+01 1.378159035236480179e+02
2.519845110231769354e+02 5.615722630488034639e+01 1.376401356698699772e+02
2.520225739589221803e+02 5.628272093461465886e+01 1.374132654983983457e+02
2.520059920859242482e+02 5.625196909741850249e+01 1.375755417373280522e+02
2.519742604107782142e+02 5.577101940832861970e+01 1.372601846617674823e+02
2.519959299039005032e+02 5.582155643489730323e+01 1.372357263990955403e+02
2.519214245336348199e+02 5.580817787827398035e+01 1.373146787262106727e+02
2.520245713208969391e+02 5.561221028829847057e+01 1.372020727341247550e+02
2.519502920670812216e+02 5.564439419634445017e+01 1.371605426794799314e+02
2.519604296212549457e+02 5.567507066139061322e+01 1.370763519879404555e+02
2.519354437535330646e+02 5.563237233842095009e+01 1.369475032975315685e+02
2.520044846429244387e+02 5.548321085358959692e+01 1.368192198982476100e+02
2.519017147164122719e+02 5.536615790465423004e+01 1.368290936498963504e+02
2.519333710194083267e+02 5.549937817976258003e+01 1.366339928396457424e+02
2.518290936498963504e+02 5.551245524778594387e+01 1.365166007160354127e+02
2.518579234972677625e+02 5.554011682683248807e+01 1.366004145468249362e+02
2.517441115507819802e+02 5.557441115507819518e+01 1.365341624269832437e+02
2.517690220463538822e+02 5.565758432259280397e+01 1.366224232146221880e+02
2.517368758243828779e+02 5.543915583192010388e+01 1.365241002449594987e+02
2.517073299415865790e+02 5.517738835500282590e+01 1.365193894855850658e+02
2.516887507066139165e+02 5.513830789523271392e+01 1.364301865460712406e+02
2.516783116638402191e+02 5.516841906915394844e+01 1.362367439231204003e+02
2.516831731675146102e+02 5.501416996419823136e+01 1.362359148294705165e+02
2.515613717731298209e+02 5.490567175428679292e+01 1.359816091954022852e+02
2.515205200678349229e+02 5.497350668927830952e+01 1.357553420011305718e+02
2.514843037497644502e+02 5.491543244771057175e+01 1.355962690785754603e+02
2.513594874693800705e+02 5.475500282645562322e+01 1.356726210665159158e+02
2.512898059167137603e+02 5.498379498775202734e+01 1.354104013566987135e+02
2.512844921801394378e+02 5.483648012059543930e+01 1.354645939325419306e+02
2.512983983418127139e+02 5.467552289429055890e+01 1.355597512719050428e+02
2.512851328434143454e+02 5.450457885811192682e+01 1.356484266063689574e+02
2.513210853589598628e+02 5.439984925570001906e+01 1.356642170717919669e+02
2.513121914452609644e+02 5.448603730921424670e+01 1.356058790276992738e+02
2.513182965894102097e+02 5.425909176559261482e+01 1.356954965140380693e+02
2.512892783116638498e+02 5.468132654983983088e+01 1.355404560015074367e+02
2.512074995289240746e+02 5.469794610891275966e+01 1.352122479743734687e+02
2.511062747314867067e+02 5.464292443941963739e+01 1.351855662332768020e+02
2.511254569436593158e+02 5.476427360090446683e+01 1.352157904654230265e+02
2.511085735820614389e+02 5.446561145656679770e+01 1.350102882984737107e+02
2.511382325230827348e+02 5.450111173921236229e+01 1.351562841530054584e+02
2.511450160165818772e+02 5.444239683436970267e+01 1.350940267571132551e+02
2.511133220275108329e+02 5.482509892594686107e+01 1.349136988882607966e+02
2.511633691351045741e+02 5.465283587714339575e+01 1.348954211418880789e+02
2.510885999623139355e+02 5.462340305257207262e+01 1.348055398530242996e+02
2.511919351799510025e+02 5.450228000753721602e+01 1.349620124364047626e+02
2.513674015451290700e+02 5.431874882231015533e+01 1.349478424722065313e+02
2.512323723384209586e+02 5.444891652534388271e+01 1.349378179762577759e+02
2.512032410024496016e+02 5.448027133973996428e+01 1.348884492180139318e+02
2.511981156962502268e+02 5.438786508385151564e+01 1.347811946485773547e+02
2.511501036367062341e+02 5.440983606557377072e+01 1.347589975504051267e+02
2.511011117392123708e+02 5.445758432259280113e+01 1.347044657998869468e+02
2.510635387224420469e+02 5.431871113623515868e+01 1.346250235537968649e+02
2.509675522894290509e+02 5.428419069153947873e+01 1.346189184096476481e+02
2.509692858488788261e+02 5.420896928584888030e+01 1.346110043338986202e+02
2.509880912003014828e+02 5.408437912191445207e+01 1.344442057659694854e+02
2.510107028452986526e+02 5.380218579234972509e+01 1.344187676653476444e+02
2.510018466176747722e+02 5.402434520444695920e+01 1.344217448652722737e+02
2.509963067646504555e+02 5.401416996419823136e+01 1.343146410401356832e+02
2.510154512907480751e+02 5.393996608253250713e+01 1.342653099679668287e+02
2.510133408705483191e+02 5.394139815338232324e+01 1.343122668174109720e+02
2.510087808554739013e+02 5.383301300169587478e+01 1.342723195779159653e+02
2.510745053702656833e+02 5.380949689089881360e+01 1.343082720934614542e+02
2.510299227435462512e+02 5.372440173355944637e+01 1.341577539099302783e+02
2.509934049368758338e+02 5.387514603354060938e+01 1.340919540229885172e+02
2.509755040512530684e+02 5.388132654983983372e+01 1.342271716600716047e+02
2.509869983041266153e+02 5.396423591482947302e+01 1.343094780478613188e+02
2.509752779348031027e+02 5.405456943659317659e+01 1.344064443188241853e+02
2.509042019973619801e+02 5.401692104767288782e+01 1.346460146975692567e+02
2.509873374788015781e+02 5.402129263237233658e+01 1.346629734313171411e+02
2.510219709817222622e+02 5.392745430563406472e+01 1.345891840964763446e+02
2.509664217071791938e+02 5.402600339174674815e+01 1.345215375918598113e+02
2.509974373469003126e+02 5.413077068023365257e+01 1.345101563972112331e+02
2.510089315997738879e+02 5.414950065950631597e+01 1.345063501036367200e+02
2.509736197475033066e+02 5.428113811946485612e+01 1.345479178443565047e+02
2.510409270774448771e+02 5.418368192952704021e+01 1.344529489353683687e+02
2.509204070096099599e+02 5.420881854154890078e+01 1.344275108347465562e+02
2.509516487657810444e+02 5.408697946108912902e+01 1.343833050687770765e+02
2.508725833804409149e+02 5.387819860561522489e+01 1.344027887695496588e+02
2.508247974373468878e+02 5.381616732617298027e+01 1.341613717731298152e+02
2.509752402487280847e+02 5.320320331637459788e+01 1.340509515733936325e+02
2.510063689466742005e+02 5.298221217260222460e+01 1.341799133220275166e+02
2.510131524401733429e+02 5.318647069907669334e+01 1.341281326549839719e+02
2.510577350668927750e+02 5.323297531562087670e+01 1.341996608253250542e+02
2.510538157150932648e+02 5.333212737893348532e+01 1.340406632749199218e+02
2.510030902581496264e+02 5.363583945732052172e+01 1.340953457697380884e+02
2.508458262671942691e+02 5.401104201997362253e+01 1.339840964763519935e+02
2.508576973808177968e+02 5.397557942340305459e+01 1.341111362351610978e+02
2.507753909930280827e+02 5.410476728848690442e+01 1.339331449029583609e+02
2.508442434520444806e+02 5.402924439419634695e+01 1.339655926135293100e+02
2.508167703033728912e+02 5.410687770868663904e+01 1.339432824571320850e+02
2.508493687582438270e+02 5.401710947804786400e+01 1.340328999434708805e+02
2.508193706425475682e+02 5.380836630864895653e+01 1.340431882419445913e+02
2.507841341624269944e+02 5.395722630488034355e+01 1.339441492368569868e+02
2.507587337478801714e+02 5.403629169022046597e+01 1.336743923120407089e+02
2.507142264933107185e+02 5.381326549839834428e+01 1.337711701526285992e+02
2.507059732428867562e+02 5.374087054833238852e+01 1.335086866402864132e+02
2.506825325042396742e+02 5.384646693046919097e+01 1.334970793291878692e+02
2.506847936687393883e+02 5.392176370830978271e+01 1.336284529866214541e+02
2.506325607687959405e+02 5.366270962879216455e+01 1.336339551535707528e+02
2.506754098360655689e+02 5.373065762200867113e+01 1.336452986621443415e+02
2.506512530619936001e+02 5.358096853212737898e+01 1.334427736951196550e+02
2.506377614471452659e+02 5.368893913698888554e+01 1.334816280384397942e+02
2.506585641605426815e+02 5.363086489542114066e+01 1.337506689278311569e+02
2.505143772376107165e+02 5.372421330318447019e+01 1.334374599585453041e+02
2.505909176559261482e+02 5.333525532315809414e+01 1.334506123987186754e+02
2.505326549839834058e+02 5.329707932918786639e+01 1.332653099679668287e+02
2.505368004522329102e+02 5.311441492368570039e+01 1.333516487657810501e+02
2.505786696815526682e+02 5.315485208215564228e+01 1.333943470887507203e+02
2.505648388920293996e+02 5.297463727152817370e+01 1.334462031279442158e+02
2.505727529677783991e+02 5.299378179762577901e+01 1.333289240625588832e+02
2.505898624458262702e+02 5.299574147352553410e+01 1.335037120783870250e+02
2.505967966836253993e+02 5.298454870925193205e+01 1.334355379687205527e+02
2.505787073676276577e+02 5.300260033917467695e+01 1.332962125494629788e+02
2.505065385340116961e+02 5.292628603730921100e+01 1.333974750329753078e+02
2.504661013755417400e+02 5.300802713397399657e+01 1.333113623516110806e+02
2.504419822875447608e+02 5.299197286602600343e+01 1.334376107028452907e+02
2.504559261352929980e+02 5.294863387978141844e+01 1.331975504051252983e+02
2.504428867533446521e+02 5.290386282268701734e+01 1.333241756171094892e+02
2.504562653099679608e+02 5.285811192764273869e+01 1.331921236103259787e+02
2.503692104767288527e+02 5.294335782928207834e+01 1.332543056340682028e+02
2.503542114188807375e+02 5.297403429432824851e+01 1.331811946485773603e+02
2.503488599962313970e+02 5.290314678726210929e+01 1.332226870171471660e+02
2.504061051441492509e+02 5.276529112492934104e+01 1.332077633314490299e+02
2.503276804220840290e+02 5.280983606557376930e+01 1.332902204635387307e+02
2.502889014509138974e+02 5.301963444507254763e+01 1.332068965517241281e+02
2.502057659694742711e+02 5.313676276615790783e+01 1.329499528924062588e+02
2.502482381759939756e+02 5.312345958168456406e+01 1.327795741473525482e+02
2.501329564725833734e+02 5.324390427736950926e+01 1.328392688901450924e+02
2.500218956095722547e+02 5.312489165253438728e+01 1.326025249670246922e+02
2.499664970793292014e+02 5.255010363670623974e+01 1.322885999623139242e+02
2.500829470510646217e+02 5.241081590352364827e+01 1.324449218013943721e+02
2.501633314490295845e+02 5.230201620501225079e+01 1.324705106463161997e+02
2.500696438665912922e+02 5.220561522517429864e+01 1.323830789523271108e+02
2.500331260599208463e+02 5.230427736951196493e+01 1.322831354814396150e+02
2.499944224609006937e+02 5.241680798944789643e+01 1.323373280572828321e+02
2.499899378179762550e+02 5.238635764085170621e+01 1.324086677972489099e+02
2.500161296400979722e+02 5.258243828905219175e+01 1.321626154136046694e+02
2.500603730921424415e+02 5.262396834369700116e+01 1.322954211418880845e+02
2.499070661390616124e+02 5.266919163369134793e+01 1.323988317316751591e+02
2.499729413981533810e+02 5.262690785754663381e+01 1.323147164122856623e+02
2.499443753533069525e+02 5.283817599397022491e+01 1.320676841906915513e+02
2.499181081590352278e+02 5.286365178066704118e+01 1.321405313736574385e+02
2.499276427360090338e+02 5.277806670435273872e+01 1.321124929338609491e+02
2.499141888072357176e+02 5.293137365743357492e+01 1.322543056340682028e+02
2.499131712832108576e+02 5.283700772564537118e+01 1.322412662521198286e+02
2.500017712455247647e+02 5.236333144902958026e+01 1.322485773506689384e+02
2.500528358771433943e+02 5.240689655172413808e+01 1.322887507066139108e+02
2.500102129263237316e+02 5.231950254381006005e+01 1.321855285472018124e+02
2.498704729602411874e+02 5.219415865837572710e+01 1.320428867533446464e+02
2.498132654983983514e+02 5.221891840964763531e+01 1.316067834934991652e+02
2.498273600904465752e+02 5.194007914075748999e+01 1.316678726210665218e+02
2.497734313171283134e+02 5.195688713020538785e+01 1.316236291690220526e+02
2.498206519690974119e+02 5.199125683060109537e+01 1.313855285472018011e+02
2.497508573582061331e+02 5.176740154512907566e+01 1.312803843979649514e+02
2.495568494441303926e+02 5.176046730732993950e+01 1.310717542867910197e+02
2.495307706802336440e+02 5.197512719050310892e+01 1.310029395138496398e+02
2.494671565856416180e+02 5.196156020350480276e+01 1.309164122856604422e+02
2.493401168268324852e+02 5.211972866026003715e+01 1.309735443753532991e+02
2.492305634068211759e+02 5.195556811758055460e+01 1.311748633879781494e+02
2.493242133031844787e+02 5.166470699076690920e+01 1.309247785943094016e+02
2.492615036743923156e+02 5.158213680045223271e+01 1.306098360655737736e+02
2.492292067081213531e+02 5.144134162426983181e+01 1.307580177124552563e+02
2.492499340493687612e+02 5.151219144526097438e+01 1.306855850763143110e+02
2.492505370265686793e+02 5.126719427171659760e+01 1.304991520633126072e+02
2.490636517806670440e+02 5.163745995854531401e+01 1.303765969474279132e+02
2.489505558696061769e+02 5.175070661390616067e+01 1.303079706048615094e+02
2.488638402110420316e+02 5.186274731486715694e+01 1.302858111927642710e+02
2.488588656491426434e+02 5.189621254946297313e+01 1.301996608253250542e+02
2.488141699641982427e+02 5.190273224043716027e+01 1.300750329753156223e+02
2.489003957037874386e+02 5.153001695873374643e+01 1.302198982475975129e+02
2.490096476351988031e+02 5.130314678726210786e+01 1.302976823063877987e+02
2.489880535142264932e+02 5.108407763331449303e+01 1.304522328999434819e+02
2.490166195590729217e+02 5.115816845675522728e+01 1.303565479555304307e+02
2.490854720180893196e+02 5.104435651026945209e+01 1.303526286037309205e+02
2.489739966082532590e+02 5.130514414923685962e+01 1.301786319954776729e+02
2.490278876954965028e+02 5.156205012247974651e+01 1.301769738081778769e+02
2.489868852459016466e+02 5.159860561522517486e+01 1.303028452986621346e+02
2.488246843791219192e+02 5.191494252873562942e+01 1.298847559826644158e+02
2.489112869794610958e+02 5.191893725268513293e+01 1.299285848878839147e+02
2.488417938571697618e+02 5.155138496325607633e+01 1.299682683248539661e+02
2.488377991332202726e+02 5.130175240248728130e+01 1.300058790276992511e+02
2.488253250423968268e+02 5.119306576220086669e+01 1.300307518371961635e+02
2.488300358017712597e+02 5.114060674580742472e+01 1.301404936875824490e+02
2.487635575654795446e+02 5.119724891652534637e+01 1.300423968343696970e+02
2.487710570944036306e+02 5.119592990390050602e+01 1.299201808931599658e+02
2.488542302619182180e+02 5.116412285660448589e+01 1.298870925193141090e+02
2.488452609760693406e+02 5.112504239683436680e+01 1.298428867533446294e+02
2.488271716600715990e+02 5.102344073864706786e+01 1.299991332202750982e+02
2.488490295835688642e+02 5.105355191256830949e+01 1.299455813077067887e+02
2.487417373280572690e+02 5.081684567552289167e+01 1.299504428113812082e+02
2.487501036367062284e+02 5.098025249670246950e+01 1.298921047672884868e+02
2.487172790653853269e+02 5.084454494064443253e+01 1.298934237799133200e+02
2.487236480120595559e+02 5.070141322781232418e+01 1.296085924250989194e+02
2.487624646693047055e+02 5.083512342189560940e+01 1.296385528547201886e+02
2.486938383267382733e+02 5.077893348407763341e+01 1.296782739777652296e+02
2.486852459016393482e+02 5.083395515357075567e+01 1.296101375541737468e+02
2.485938948558507491e+02 5.077870736762766057e+01 1.297562087808554736e+02
2.485493499152063350e+02 5.067710570944036164e+01 1.295689843602788756e+02
2.485690974185038726e+02 5.071226681741096343e+01 1.295753156208780865e+02
2.485543244771057232e+02 5.079061616732617068e+01 1.294843791219144578e+02
2.485098172225362703e+02 5.086938006406632695e+01 1.292317316751460226e+02
2.483556434897305394e+02 5.086964386659129644e+01 1.291382325230827348e+02
2.482731486715658491e+02 5.078756359525155517e+01 1.292604107782174481e+02
2.483706802336536725e+02 5.077735066892783067e+01 1.292309779536461178e+02
2.483794987752025634e+02 5.076299227435462313e+01 1.292098360655737679e+02
2.484559638213680159e+02 5.068660260033917808e+01 1.291664593932542004e+02
2.483796872055775395e+02 5.057011494252873263e+01 1.291239118145845168e+02
2.483185980780101829e+02 5.049153947616355964e+01 1.290057659694742824e+02
2.482691162615413702e+02 5.035255323158093432e+01 1.287631430186546027e+02
2.481172790653853326e+02 5.035869606180516200e+01 1.287209346146598818e+02
2.480498586772187650e+02 5.054098360655737565e+01 1.286238175993970287e+02
2.480074995289240576e+02 5.045159223666855297e+01 1.284843414358394682e+02
2.480982475975127102e+02 5.062016205012248093e+01 1.285039758809120087e+02
2.480694554362163160e+02 5.046625211984171955e+01 1.286048238175993959e+02
2.480972300734878502e+02 5.051531938948558320e+01 1.285058601846617705e+02
2.479484831354814389e+02 5.061865460712267151e+01 1.284769549651403793e+02
2.479743357829282218e+02 5.051260599208592339e+01 1.286441303938194949e+02
2.479181081590352278e+02 5.064371584699453877e+01 1.284928961748633753e+02
2.479186734501601563e+02 5.049233088373846101e+01 1.286212172602223518e+02
2.479214622197098095e+02 5.046078763896740327e+01 1.285053325796118315e+02
2.478584887883926910e+02 5.033110985490861111e+01 1.283384963256076787e+02
2.478060674580742386e+02 5.033815715093273013e+01 1.282407386470699180e+02
2.479114377237610825e+02 5.046097606934237945e+01 1.280248351234218944e+02
2.478140945920482352e+02 5.040584134162426722e+01 1.280983606557377072e+02
2.478272847182965961e+02 5.032534388543432868e+01 1.282285283587714275e+02
2.478295458827963103e+02 5.024865272281891748e+01 1.280854720180893196e+02
2.477878650838515284e+02 5.018895798002638031e+01 1.281678160919540232e+02
2.477739212361032628e+02 5.031060863011117590e+01 1.284490295835688585e+02
2.476560768795930016e+02 5.019370642547578854e+01 1.281095534200113093e+02
2.476540041454682637e+02 5.003998492557000333e+01 1.282102129263237202e+02
2.476670812134916275e+02 5.019886941775013867e+01 1.282274731486715780e+02
2.476630864895421098e+02 5.012598454870925480e+01 1.282789900131901391e+02
2.476332391181458377e+02 5.000440927077444542e+01 1.284867156585641510e+02
2.476232523082721002e+02 5.020798944789900276e+01 1.282255888449217878e+02
2.475168645185603964e+02 5.007778405879027872e+01 1.281623892971547036e+02
2.475744488411531847e+02 4.982935745242132697e+01 1.280951950254381018e+02
2.475074806858865770e+02 4.971660071603542264e+01 1.279896740154512855e+02
2.473856416054267982e+02 4.958281514980215121e+01 1.278405879027699257e+02
2.473849255700018830e+02 4.962521198417184820e+01 1.277307706802336469e+02
2.473824006029772136e+02 4.949960429621255287e+01 1.274969662709628722e+02
2.474330506877708729e+02 4.963003580177124263e+01 1.275252685132843453e+02
2.474562276238929712e+02 4.980987375164876596e+01 1.273246278500094206e+02
2.473230450348596321e+02 4.975206331260599057e+01 1.273754663651780703e+02
2.473658941021292605e+02 4.968419069153947731e+01 1.273501790088562302e+02
2.472849067269643797e+02 4.977497644620312656e+01 1.272975315620878121e+02
2.472152251742980980e+02 4.982777463727153133e+01 1.272036932353495331e+02
2.472084039947239376e+02 4.979295270397587814e+01 1.270826455624646627e+02
2.472036932353495331e+02 4.970190314678725940e+01 1.270004145468249419e+02
2.472613529300923290e+02 4.971317128321085477e+01 1.271362351611079760e+02
2.471053325796118258e+02 5.006365178066704402e+01 1.267066892783116572e+02
2.470184284906727044e+02 5.026093838326737995e+01 1.267853024307518410e+02
2.470778971170152545e+02 5.034942528735631839e+01 1.267655549274543034e+02
2.471187111362351629e+02 5.039728660260033877e+01 1.268483135481439632e+02
2.470774825701903126e+02 5.038055398530243423e+01 1.266876201243640452e+02
2.469792726587525920e+02 5.028728094968909090e+01 1.270607876389673976e+02
2.469957791596005166e+02 4.990887507066138795e+01 1.272376483889202916e+02
2.471032221594120983e+02 4.986033540606745618e+01 1.273819860561522574e+02
2.469610325984548638e+02 4.984654230261918428e+01 1.275830789523271136e+02
2.470650084793668668e+02 4.981119276427359921e+01 1.275606934237799095e+02
2.471421518748822450e+02 4.970186546071226985e+01 1.275481439608064846e+02
2.473005087620124414e+02 4.948599962313925005e+01 1.274749199170906309e+02
2.473265121537591824e+02 4.935884680610514152e+01 1.273822121726022232e+02
2.471961937064254755e+02 4.935387224420576757e+01 1.272798567929150124e+02
2.471175805539853059e+02 4.932737893348407709e+01 1.270659883173167515e+02
2.468945543621631771e+02 4.946368946674203926e+01 1.268664405502166943e+02
2.468272470322216066e+02 4.958145845110231420e+01 1.267750518183531199e+02
2.468048238175993845e+02 4.964511023176935822e+01 1.266547578669681542e+02
2.468353495383455822e+02 4.969862445826267106e+01 1.265705671754286783e+02
2.468470699076691233e+02 4.965901639344262009e+01 1.267166760881854088e+02
2.468901827774637354e+02 4.953943847748256957e+01 1.267052572074618411e+02
2.468535142264933029e+02 4.933152440173356013e+01 1.268732994158658443e+02
2.468797814207650276e+02 4.940599208592425384e+01 1.268076879592990451e+02
2.469684944413039318e+02 4.933058224985867923e+01 1.267920482381759939e+02
2.469057471264367791e+02 4.933989071038251240e+01 1.266448841153193854e+02
2.468457132089692720e+02 4.927314867156585620e+01 1.266957980026380284e+02
2.467315244017335658e+02 4.936246466930469268e+01 1.267146410401356746e+02
2.467018654607122699e+02 4.924563783681929863e+01 1.265660825325042396e+02
2.467256076879592968e+02 4.945833804409270584e+01 1.266826455624646712e+02
2.467410966647823614e+02 4.957493876012813416e+01 1.267857546636517867e+02
2.469529300923308881e+02 4.966945543621631742e+01 1.268226870171471603e+02
2.469857546636517895e+02 4.956400979837950160e+01 1.269032975315620888e+02
2.469789711701526187e+02 4.959762577727529731e+01 1.270464292443941901e+02
2.471348030902581456e+02 4.971113623516110636e+01 1.269319389485585106e+02
2.471801394384774824e+02 4.969267005841341955e+01 1.269955907292255546e+02
2.472966270962879207e+02 4.969707932918786497e+01 1.271359713585830065e+02
2.473786696815526795e+02 4.944002261164499856e+01 1.270001130582249829e+02
2.473499905784812540e+02 4.943896740154512770e+01 1.270272093461466056e+02
2.474231015639721249e+02 4.957471264367816133e+01 1.270651592236668534e+02
2.474365554927454411e+02 4.960859242509892653e+01 1.271567363859054041e+02
2.471980403241002477e+02 4.954878462408139939e+01 1.270231015639721193e+02
2.472119464857734954e+02 4.966037309214244999e+01 1.269633691351045854e+02
2.471051441492368497e+02 4.961175805539853201e+01 1.269119653288110072e+02
2.471158846806105203e+02 4.959381948370076998e+01 1.268919540229885001e+02
2.470672696438665810e+02 4.958797814207650134e+01 1.269322404371584696e+02
2.471846240814019211e+02 4.926052383644243804e+01 1.270146598831731666e+02
2.471946108912756870e+02 4.940618051629923002e+01 1.269651780667043539e+02
2.472407009609949000e+02 4.928584887883926768e+01 1.269834934991520612e+02
2.472336913510457919e+02 4.925479555304315227e+01 1.271026568682871698e+02
2.473058224985867639e+02 4.916777840587902659e+01 1.272166195590729245e+02
2.472726210665159101e+02 4.937230073487846482e+01 1.268563029960429560e+02
2.472581496137177339e+02 4.956269078575466125e+01 1.268110043338986230e+02
2.472611268136423632e+02 4.955338232523082809e+01 1.269007348784624014e+02
2.473509327303561349e+02 4.939133220275108016e+01 1.269342754852082180e+02
2.474171471641228663e+02 4.936186169210476749e+01 1.268962879216129664e+02
2.472745430563406899e+02 4.936755228942905660e+01 1.271665347654041796e+02
2.473162992274354508e+02 4.950167703033729083e+01 1.273403052572074614e+02
2.473055963821367982e+02 4.958654607122668523e+01 1.274348219332956518e+02
2.472471075937441185e+02 4.960998680987375309e+01 1.274710005652911207e+02
2.473336725080082772e+02 4.955402298850574994e+01 1.275264744676841957e+02
2.472483135481439547e+02 4.955251554550593340e+01 1.274603354060674576e+02
2.473218013943847780e+02 4.946255888449218219e+01 1.274906726964386650e+02
2.473132089692858528e+02 4.944235914829470602e+01 1.274370077256453726e+02
2.472238929715470022e+02 4.961726022234784494e+01 1.273874505370265666e+02
2.472469568494441319e+02 4.949022046353871929e+01 1.274435651026945493e+02
2.471996608253250542e+02 4.957648388920294025e+01 1.274774448841153145e+02
2.472068965517241281e+02 4.972602223478424577e+01 1.273560203504804917e+02
2.471302807612587173e+02 4.974882231015639888e+01 1.272525720746184277e+02
2.468953457697380713e+02 4.964967024684379027e+01 1.270306387789711664e+02
2.468682117957414732e+02 4.955210099868098439e+01 1.269784435651026939e+02
2.468459016393442482e+02 4.949150179008856298e+01 1.265765592613529265e+02
2.467235349538345588e+02 4.944220840399472650e+01 1.266836630864895454e+02
2.468094968908987994e+02 4.931437723761069947e+01 1.267109101187111406e+02
2.467228189184096436e+02 4.928241944601469982e+01 1.266064820048991919e+02
2.466214056905973280e+02 4.940195967589975368e+01 1.266340682117957357e+02
2.466099491237987422e+02 4.936529112492933535e+01 1.264930092330883724e+02
2.466426229508196855e+02 4.929304691916336623e+01 1.262531373657433562e+02
2.465969474279253859e+02 4.950299604296212408e+01 1.261483323911814551e+02
2.465249293386093825e+02 4.942483512342189300e+01 1.261541360467307271e+02
2.465378556623327597e+02 4.934818164688147846e+01 1.261455436216318020e+02
2.464956849444130285e+02 4.914237799133220364e+01 1.261041266252119897e+02
2.465432070849821002e+02 4.885615225174298359e+01 1.261570001884303736e+02
2.465261352930092471e+02 4.893698888260787783e+01 1.262584134162427034e+02
2.465609949123798685e+02 4.898383267382702400e+01 1.261380440927077444e+02
2.465083851516864399e+02 4.879287733182589193e+01 1.263482193329564751e+02
2.464697192387412770e+02 4.907680422084040117e+01 1.262867156585641624e+02
2.463895609572263083e+02 4.916363293762954356e+01 1.261477294139815370e+02
2.464093461465988355e+02 4.925928019596759100e+01 1.260766534765404145e+02
2.462509138873186316e+02 4.954373469003203212e+01 1.260771057094403602e+02
2.462505747126436688e+02 4.947544752214056984e+01 1.262629734313171213e+02
2.464033540606745873e+02 4.933499152063312465e+01 1.260843791219144521e+02
2.464151121160731179e+02 4.926794799321650942e+01 1.261054079517618192e+02
2.464064066327491958e+02 4.920199736197474749e+01 1.258647446768419087e+02
2.464036555492745322e+02 4.910763143018654375e+01 1.259156962502355412e+02
2.463779536461277644e+02 4.896559261352930292e+01 1.258182023742227216e+02
2.463729413981533867e+02 4.871411343508573566e+01 1.257885434332014256e+02
2.464034294328245664e+02 4.879736197475033066e+01 1.258310910118711092e+02
2.462645562464669240e+02 4.879811569625023537e+01 1.257460712266817353e+02
2.465009609949123899e+02 4.889617486338797647e+01 1.257462973431317153e+02
2.465630299604296169e+02 4.895741473525531973e+01 1.259989824759751258e+02
2.465176182400603011e+02 4.918070472960241091e+01 1.260557753909930341e+02
2.465671000565291138e+02 4.936042962125494427e+01 1.260408140192198942e+02
2.465957414735255213e+02 4.947265875259091672e+01 1.262297719992462817e+02
2.465051441492368554e+02 4.930488034671189013e+01 1.261014509138873194e+02
2.464808366308648999e+02 4.927605049934049219e+01 1.261675899755040575e+02
2.466492933860938308e+02 4.924507254569436299e+01 1.262723195779159653e+02
2.467060863011117533e+02 4.916789146410401656e+01 1.263611833427548561e+02
2.466795553043150449e+02 4.892613529300923148e+01 1.263445637836819344e+02
2.468414169964198095e+02 4.890955342001130646e+01 1.266413793103448313e+02
2.467941963444507394e+02 4.895345769738081998e+01 1.264522328999434677e+02
2.466428867533446407e+02 4.910401356698699971e+01 1.265091388731863589e+02
2.466946297343131675e+02 4.923527416619558750e+01 1.264790653853401210e+02
2.467084605238364361e+02 4.940565291124929104e+01 1.264679856792915018e+02
2.467014885999623175e+02 4.946708121349161758e+01 1.265150932730356175e+02
2.465964198228754469e+02 4.937923497267759387e+01 1.264625965705671717e+02
2.466543810062182160e+02 4.949790842283776016e+01 1.266788392688901439e+02
2.466908234407386544e+02 4.956864518560391986e+01 1.265803655549274538e+02
2.465271151309591176e+02 4.944209534576973653e+01 1.265668739400791338e+02
2.464418315432447741e+02 4.954448841153193683e+01 1.264085547390239270e+02
2.463242886753344578e+02 4.942117957414735230e+01 1.260628980591671393e+02
2.463644997173544482e+02 4.940923308837384553e+01 1.261409459204823804e+02
2.463531185227058700e+02 4.921695873374788022e+01 1.261005841341624318e+02
2.464644431882419440e+02 4.922178255134727465e+01 1.261646881477294073e+02
2.465111362351611035e+02 4.915500282645562180e+01 1.262972677595628426e+02
2.466575089504428036e+02 4.928159035236480179e+01 1.264442057659694711e+02
2.468820425852647418e+02 4.934607122668174384e+01 1.265005464480874338e+02
2.468540041454682523e+02 4.921624269832297216e+01 1.266846806105144196e+02
2.470065196909741871e+02 4.933020538910872688e+01 1.265259468626342567e+02
2.470987375164876596e+02 4.936807989447898848e+01 1.265792349726775967e+02
2.471495760316562951e+02 4.940346711889956310e+01 1.267015262860373070e+02
2.470951196532881227e+02 4.957301677030337572e+01 1.268503485961937116e+02
2.472018089315997713e+02 4.943565102694554270e+01 1.267962690785754631e+02
2.471889956661013628e+02 4.953201432070849819e+01 1.270145845110231733e+02
2.471875635952515609e+02 4.964115319389485848e+01 1.271420388166572479e+02
2.471940832862257480e+02 4.970725456943659282e+01 1.268558507631430246e+02
2.471730544563783667e+02 4.985946862634256860e+01 1.269440738647069935e+02
2.471181458451102344e+02 4.992428867533446635e+01 1.268791784435651095e+02
2.469601281326549724e+02 4.998017712455247619e+01 1.268784624081401944e+02
2.468894290559638307e+02 4.991140003768607158e+01 1.266659506312417562e+02
2.468311286979460988e+02 4.977045411720369117e+01 1.265974373469003211e+02
2.467972866026003373e+02 4.926587525909176435e+01 1.265092142453363522e+02
2.467732052006783476e+02 4.899717354437535022e+01 1.264987375164876511e+02
2.467807424156773948e+02 4.886312417561710930e+01 1.262920293951384991e+02
2.467962313925004594e+02 4.875986433013001431e+01 1.262538157150932676e+02
2.468675711324665656e+02 4.885566233276804127e+01 1.264983229696627092e+02
2.468644808743169392e+02 4.903998492557000333e+01 1.266049368758243787e+02
2.470260033917467410e+02 4.898714904842660900e+01 1.267302807612587117e+02
2.470179008856227654e+02 4.928102506123987325e+01 1.267881665724514733e+02
2.470327115130959044e+02 4.935213868475598531e+01 1.267711701526285992e+02
2.471435085735820678e+02 4.935055586960618257e+01 1.267876012813265447e+02
2.470555492745430683e+02 4.926964386659129502e+01 1.269140380629357452e+02
2.471326549839834286e+02 4.927141511211607394e+01 1.268021104201997389e+02
2.469973242886753440e+02 4.910917655926134984e+01 1.267950254381006232e+02
2.470804597701149419e+02 4.910107405313736706e+01 1.267764462031279464e+02
2.470496325607687993e+02 4.910993028076126166e+01 1.268019596758997523e+02
2.471477294139815228e+02 4.902935745242132981e+01 1.268173355944978340e+02
2.470249104955718735e+02 4.911618616921047931e+01 1.270640286414169964e+02
2.470850574712643777e+02 4.925652911249293453e+01 1.269764462031279493e+02
2.471849632560768839e+02 4.898907103825136744e+01 1.272243452044469620e+02
2.472587902769926416e+02 4.898564160542679247e+01 1.273046165441869277e+02
2.471750895044281151e+02 4.932059543998492757e+01 1.270518937252685134e+02
2.471096664782362780e+02 4.939291501790088290e+01 1.270385151686451906e+02
2.470283022423214732e+02 4.951671377426040976e+01 1.269933295647258404e+02
2.470703975880911969e+02 4.959562841530054556e+01 1.270151874882231056e+02
2.471423026191822032e+02 4.942562653099679437e+01 1.272334275485208224e+02
2.470626342566421840e+02 4.951479178443565132e+01 1.267655926135293072e+02
2.468683625400414599e+02 4.958586772187676672e+01 1.266469568494441233e+02
2.467491614848313475e+02 4.951780667043527728e+01 1.264197098172225395e+02
2.465882796306764533e+02 4.924100244959487327e+01 1.264293574524213284e+02
2.467433201432070859e+02 4.924786131524401611e+01 1.263459958545317505e+02
2.467138873186357557e+02 4.927145279819107060e+01 1.265136612021857871e+02
2.467837949877520316e+02 4.932206519690974034e+01 1.265059355568117638e+02
2.468441680798944731e+02 4.931106086301111446e+01 1.265690220463538793e+02
2.468264556246466839e+02 4.938503862822687296e+01 1.266824194460146913e+02
2.467729037120783744e+02 4.940938383267382505e+01 1.267586583757301639e+02
2.467406444318824299e+02 4.910314678726210502e+01 1.266665912945166781e+02
2.469294516676088165e+02 4.940060297719992377e+01 1.265283964575089470e+02
2.467741850386282181e+02 4.899355568117580617e+01 1.264452986621443387e+02
2.468250989259468611e+02 4.897392123610325854e+01 1.263892217825513455e+02
2.468375353306953173e+02 4.898111927642735708e+01 1.264648954211418896e+02
2.467458074241567658e+02 4.913201432070849961e+01 1.265416242698322975e+02
2.466772564537403412e+02 4.931479178443564848e+01 1.267087243263614056e+02
2.465931411343508444e+02 4.945992085924250858e+01 1.266811758055398514e+02
2.465818729979272632e+02 4.958628226870171574e+01 1.266684379121914503e+02
2.464851328434143625e+02 4.962264933107216791e+01 1.267687582438288985e+02
2.464085924250989308e+02 4.979265121537591909e+01 1.263518371961560263e+02
2.464867533446391690e+02 4.984405502166949020e+01 1.263921612964009853e+02
2.465398907103825081e+02 4.972952703975880695e+01 1.264151874882230970e+02
2.465448275862069067e+02 4.986847559826644272e+01 1.264807235726399028e+02
2.464769172790653897e+02 4.994132278123233704e+01 1.263127190503109034e+02
2.464967401545129064e+02 4.991905031091011580e+01 1.263234218956095702e+02
2.465831166384021174e+02 4.985234595816845626e+01 1.263644997173544340e+02
2.465237987563595254e+02 4.943964575089504621e+01 1.263701149425287298e+02
2.463778029018277778e+02 4.953661202185792689e+01 1.263273412474090804e+02
2.463661579046542442e+02 4.929425287356321661e+01 1.259878273977765275e+02
2.464679479932165123e+02 4.887902769926512292e+01 1.261023176936122070e+02
2.464458262671942634e+02 4.843817599397022633e+01 1.262161296400979893e+02
2.464906726964386792e+02 4.840218579234972651e+01 1.261369511965328769e+02
2.465840964763519878e+02 4.808377614471452688e+01 1.261256076879593024e+02
2.467007348784624128e+02 4.802551347277181293e+01 1.259811192764273642e+02
2.464661390616167296e+02 4.835579423403052601e+01 1.257313359713585896e+02
2.464756359525155460e+02 4.858160919540230083e+01 1.259187865083851534e+02
2.464183531185227025e+02 4.880060297719992235e+01 1.259459958545317448e+02
2.463853778029018144e+02 4.885423026191821805e+01 1.258850951573393644e+02
2.463512719050310977e+02 4.875078198605615398e+01 1.257585076314301915e+02
2.463419257584322679e+02 4.889707932918786781e+01 1.257649142641793816e+02
2.462650461654418734e+02 4.889851140003768393e+01 1.257404936875824433e+02
2.463106086301111759e+02 4.887345016016581667e+01 1.257406067458074261e+02
2.462662521198417096e+02 4.890314678726210929e+01 1.258189937817976300e+02
2.462678726210665161e+02 4.888434143583945968e+01 1.257473525532315790e+02
2.462559261352930093e+02 4.891253061993593576e+01 1.256160542679479875e+02
2.462243075183719725e+02 4.892104767288486755e+01 1.256924816280384363e+02
2.462484642924439413e+02 4.881986056152251763e+01 1.256201620501224738e+02
2.462174863387978121e+02 4.894757866968155469e+01 1.255392500471076005e+02
2.462542679479932133e+02 4.904333898624458499e+01 1.256771810815903478e+02
2.461862445826267276e+02 4.895519125683060224e+01 1.255550028264556204e+02
2.461819106840022471e+02 4.883738458639532354e+01 1.255903900508761950e+02
2.462332391181458320e+02 4.867623892971546695e+01 1.256016958733747941e+02
2.462122102882984791e+02 4.863146787262106585e+01 1.257219521386847561e+02
2.462586395326926834e+02 4.868147729413981750e+01 1.258036932353495416e+02
2.462884869040889271e+02 4.888980591671377596e+01 1.258564160542679531e+02
2.461619370642547437e+02 4.887752025626531349e+01 1.257374788015828102e+02
2.460520821556434896e+02 4.894392312040700688e+01 1.254974938760128111e+02
2.459975880912002992e+02 4.889082344073865016e+01 1.253809685321273832e+02
2.459192010552100953e+02 4.883768607499528969e+01 1.251695496514038126e+02
2.457934049368758167e+02 4.871079706048615066e+01 1.251728283399284010e+02
2.459667231957791671e+02 4.837931034482758719e+01 1.253458827963067677e+02
2.460018089315997827e+02 4.834120972300734564e+01 1.254076502732240499e+02
2.459274543056340576e+02 4.845528547201809033e+01 1.255074053137365695e+02
2.460910872432636154e+02 4.827736951196532544e+01 1.255146787262106614e+02
2.460643678160919592e+02 4.844774825701902898e+01 1.255654795553043215e+02
2.461330695308083705e+02 4.853461465988317514e+01 1.254813265498398351e+02
2.461768607499528798e+02 4.856491426417938584e+01 1.256692293197663446e+02
2.461166384021104250e+02 4.838760128132655325e+01 1.255546636517806718e+02
2.461331072168833600e+02 4.841812700207273679e+01 1.255524024872809434e+02
2.460255511588468096e+02 4.856872055775391317e+01 1.257201055210099838e+02
2.460486527228189289e+02 4.884578858111927957e+01 1.256007160354249095e+02
2.460607876389674118e+02 4.875831920105520823e+01 1.256492180139438517e+02
2.460117580553985306e+02 4.868950442811381407e+01 1.254662144337667229e+02
2.460183908045977148e+02 4.901100433389862587e+01 1.255013755417373318e+02
2.461081967213114865e+02 4.897410966647823471e+01 1.253829282080271383e+02
2.461220275108347550e+02 4.879894478990013340e+01 1.254622950819672127e+02
2.461698134539287821e+02 4.874207650273223891e+01 1.254484642924439441e+02
2.462312794422460911e+02 4.868973054456378691e+01 1.255947239495006613e+02
2.461762200866779722e+02 4.878556623327680342e+01 1.255070661390616209e+02
2.461279819106840137e+02 4.882875447522140888e+01 1.256626719427171679e+02
2.460963632937629484e+02 4.885204446956849722e+01 1.255617486338797875e+02
2.460417561710947894e+02 4.901959675899755098e+01 1.255489353683813789e+02
2.460897682306387821e+02 4.905159223666855439e+01 1.255641228566044845e+02
2.459755794234030475e+02 4.901737328057282639e+01 1.256088939136988927e+02
2.459464104013567010e+02 4.890940267571132694e+01 1.252325984548709243e+02
2.459258714904842691e+02 4.869685321273789214e+01 1.251218013943847751e+02
2.458214056905973166e+02 4.859344262295081762e+01 1.249385716977576806e+02
2.458405125306199466e+02 4.880504993404937153e+01 1.249961937064254727e+02
2.458179008856227483e+02 4.881428302242321138e+01 1.247897870736762798e+02
2.457759562841530112e+02 4.867951761824006240e+01 1.249913322027510816e+02
2.458204635387224357e+02 4.864337667231957596e+01 1.252012813265498465e+02
2.458175993970228035e+02 4.881224797437347007e+01 1.249409082344073880e+02
2.458926700584134153e+02 4.880599208592425242e+01 1.251404936875824347e+02
2.458742038816657214e+02 4.866120218579234802e+01 1.252516676088185363e+02
2.459413981533823232e+02 4.840444695684944065e+01 1.251647258338044111e+02
2.458156397211230342e+02 4.843712078387036257e+01 1.249919351799510139e+02
2.458786508385151706e+02 4.836694931222913141e+01 1.248892783116638441e+02
2.458826832485396778e+02 4.830254381006218267e+01 1.249310344827586192e+02
2.457263614094592015e+02 4.830597324288675054e+01 1.250077633314490271e+02
2.457210099868098609e+02 4.848878839268890317e+01 1.251741473525532342e+02
2.456301865460712293e+02 4.842826455624646798e+01 1.251103071415112140e+02
2.457009233088373890e+02 4.836419822875447494e+01 1.251258338044092682e+02
2.456829093649896265e+02 4.837584322592802266e+01 1.251447145279819040e+02
2.456370077256453612e+02 4.854682494818164429e+01 1.250182400602977140e+02
2.455938571697757595e+02 4.855703787450536879e+01 1.248414169964198237e+02
2.455816468814772975e+02 4.852662521198417522e+01 1.248946674203881599e+02
2.456028264556246370e+02 4.858662144337667144e+01 1.248827586206896569e+02
2.456465799886941852e+02 4.856547955530431437e+01 1.248623704541171975e+02
2.456447710570944025e+02 4.870879969851139890e+01 1.246319577915960082e+02
2.456220463538722356e+02 4.825554927454305698e+01 1.247857923497267763e+02
2.456123987186734610e+02 4.798326738270208836e+01 1.246624835123421917e+02
2.455213868475598247e+02 4.788260787638967741e+01 1.244193706425475767e+02
2.454313171283210977e+02 4.782159412097229989e+01 1.244947051064631580e+02
2.453300923308837298e+02 4.792526851328434390e+01 1.242630488034671146e+02
2.453308837384586525e+02 4.786037309214245283e+01 1.242008667797248904e+02
2.453082720934614542e+02 4.790307141511211597e+01 1.241522894290559691e+02
2.452659883173167543e+02 4.817241379310344485e+01 1.241274543056340747e+02
2.451764838892029275e+02 4.826478236291690394e+01 1.240174863387978093e+02
2.452364801205954450e+02 4.840244959487469600e+01 1.240772187676653431e+02
2.453126436781609243e+02 4.823011117392123737e+01 1.243785566233276825e+02
2.452645562464669240e+02 4.826704352741661808e+01 1.244576596947427873e+02
2.452024119087996894e+02 4.820380629357452307e+01 1.244097983794987812e+02
2.451259091765592473e+02 4.819299039005087337e+01 1.242757113246655365e+02
2.451849632560768839e+02 4.806267194271716647e+01 1.243224797437346894e+02
2.451453551912568400e+02 4.817392123610326138e+01 1.243126059920859205e+02
2.451055586960617916e+02 4.825716977576785638e+01 1.241162615413604726e+02
2.451657056717542957e+02 4.812410024495948591e+01 1.242050122479743806e+02
2.452833239118145912e+02 4.816238929715470363e+01 1.242611644997173528e+02
2.452922555115884791e+02 4.812240437158470030e+01 1.240849820991143702e+02
2.451902393065762169e+02 4.820346711889956737e+01 1.242336536649707881e+02
2.451844356510269449e+02 4.823843979649519298e+01 1.241845110231769382e+02
2.451905784812511797e+02 4.830284529866214172e+01 1.243766346335029169e+02
2.451832673827020983e+02 4.840674580742415856e+01 1.243820237422272470e+02
2.452045977011494244e+02 4.838556623327680484e+01 1.243892217825513455e+02
2.451354814396080712e+02 4.830469191633691395e+01 1.241006218202374214e+02
2.450246843791219078e+02 4.829677784058790024e+01 1.237543998492557051e+02
2.449994347088750715e+02 4.807620124364047598e+01 1.234711136235161177e+02
2.449943470887507146e+02 4.815971358583003337e+01 1.233098925946862607e+02
2.450011682683248466e+02 4.806120218579234660e+01 1.234534011682683285e+02
2.450381006218202344e+02 4.809451667608818326e+01 1.234389674015451277e+02
2.449675899755040405e+02 4.800700960994912236e+01 1.235602035048049743e+02
2.449780290182777378e+02 4.798714904842660900e+01 1.236374976446203107e+02
2.450371584699453535e+02 4.788290936498963646e+01 1.235727906538534029e+02
2.449755794234030475e+02 4.804563783681929579e+01 1.235762954588279570e+02
2.448941021292632456e+02 4.801040135669870068e+01 1.235838703599020221e+02
2.448312040700961063e+02 4.791467872621066704e+01 1.234644055021669544e+02
2.447833427548520717e+02 4.801522517429809511e+01 1.234357640851705327e+02
2.447883926889014390e+02 4.793009233088373833e+01 1.235054833239118182e+02
2.447338609383832591e+02 4.793288110043339145e+01 1.236004145468249504e+02
2.448817410966647685e+02 4.801164499717354772e+01 1.234810250612398761e+02
2.448901450913887459e+02 4.818688524590164235e+01 1.234465046165441890e+02
2.448024119087997121e+02 4.823704541172036642e+01 1.232023365366497103e+02
2.449547767100056603e+02 4.812956472583380219e+01 1.234659883173167572e+02
2.449495006595062989e+02 4.827827397776521678e+01 1.235273035613340937e+02
2.448594686263425615e+02 4.826417938571697874e+01 1.234068211795741519e+02
2.449367627661578979e+02 4.805796118334275491e+01 1.236917279065385316e+02
2.448677218767665238e+02 4.804096476351988088e+01 1.239562087808554764e+02
2.448766911626154013e+02 4.804058790276992852e+01 1.241264744676841900e+02
2.449612587149048295e+02 4.807955530431505764e+01 1.240076879592990338e+02
2.448815149802148028e+02 4.788630111173921478e+01 1.240190691539476120e+02
2.448492557000188299e+02 4.786685509704164332e+01 1.237542114188807290e+02
2.447193894855850829e+02 4.783983418127002096e+01 1.235816845675522870e+02
2.446756359525155347e+02 4.766919163369134793e+01 1.234638778971170154e+02
2.446224985867721955e+02 4.753898624458262390e+01 1.233528924062558900e+02
2.446467684190691614e+02 4.751204070096099485e+01 1.232922555115884649e+02
2.446359902016205012e+02 4.755839457320519870e+01 1.233151686451856079e+02
2.447010740531373756e+02 4.755063124175617162e+01 1.232670058413416285e+02
2.448137554173732724e+02 4.762898059167137887e+01 1.232780478613152439e+02
2.447686828716789194e+02 4.767213114754098058e+01 1.234227247032221584e+02
2.446372715281703449e+02 4.772862257395892271e+01 1.232518937252685163e+02
2.446140192198982390e+02 4.788713020538910570e+01 1.231949877520256251e+02
2.446278500094215076e+02 4.783606557377049029e+01 1.232442434520444721e+02
2.445396269078575529e+02 4.780448464292443589e+01 1.231825513472771831e+02
2.445727906538533887e+02 4.803143018654606777e+01 1.231294139815338298e+02
2.446131524401733657e+02 4.764586395326927004e+01 1.231254569436593158e+02
2.446682494818164741e+02 4.754592048238176005e+01 1.232590163934426215e+02
2.446957603165630246e+02 4.753555681175805603e+01 1.230048615036743911e+02
2.447141134350857499e+02 4.749293386093838620e+01 1.231452421330318430e+02
2.446754852082155764e+02 4.750552100998680771e+01 1.231455059355568125e+02
2.446769172790653784e+02 4.754463915583192346e+01 1.232644055021669516e+02
2.447130582249858719e+02 4.749839834181270248e+01 1.234476728848690357e+02
2.446388166572451439e+02 4.749651403806293359e+01 1.233566610137554136e+02
2.445615225174298075e+02 4.741243640474844767e+01 1.234932353495383524e+02
2.446855473902392930e+02 4.750612398718673290e+01 1.235635575654795559e+02
2.446032410024496073e+02 4.740444695684944065e+01 1.233839457320520125e+02
2.444865649142641928e+02 4.735933672508008385e+01 1.233025438100621756e+02
2.443583568871302134e+02 4.757622008667797076e+01 1.229822498586772213e+02
2.443819106840022641e+02 4.738914641040135933e+01 1.229460335406067486e+02
2.443388731863576311e+02 4.733205200678349200e+01 1.229129828528358814e+02
2.444546824948181722e+02 4.729059732428867591e+01 1.230648577350668944e+02
2.444299227435462569e+02 4.732617297908422671e+01 1.229640851705294864e+02
2.444741661955907261e+02 4.741790088562276395e+01 1.229286225739589185e+02
2.445173921236103354e+02 4.740595439984925719e+01 1.230981345392877273e+02
2.446418692293197523e+02 4.742419446014697826e+01 1.231720746184284963e+02
2.446977953646127730e+02 4.756774071980403562e+01 1.231860938383267410e+02
2.447437723761070174e+02 4.755549274543056271e+01 1.233100056529112436e+02
2.448693046919163407e+02 4.751505558696062081e+01 1.232351987940456013e+02
2.447541737328057252e+02 4.746259657056717884e+01 1.233782551347277234e+02
2.448065950631241776e+02 4.750736762766157995e+01 1.233550405125306213e+02
2.447727906538534057e+02 4.757260222347842671e+01 1.237218013943847694e+02
2.448060674580742386e+02 4.753778029018278062e+01 1.238260410778217420e+02
2.449070661390616124e+02 4.758903335217637220e+01 1.237457697380817763e+02
2.448936498963632857e+02 4.748973054456378406e+01 1.239425664217071841e+02
2.447518748822310215e+02 4.747872621066515819e+01 1.239651026945543606e+02
2.448246466930469296e+02 4.773838326738270155e+01 1.236995666101375519e+02
2.447207084982099161e+02 4.798895798002637747e+01 1.235432447710570898e+02
2.447260599208592566e+02 4.816344450725456738e+01 1.233709063501036383e+02
2.447025061239871775e+02 4.818888260787638700e+01 1.233006218202374242e+02
2.448381759939702249e+02 4.817851893725268297e+01 1.234967024684379169e+02
2.449246655360844045e+02 4.813371019408328522e+01 1.234597701149425291e+02
2.448850951573393502e+02 4.812613529300923432e+01 1.235700772564537431e+02
2.447874128509515685e+02 4.798605615225174148e+01 1.234858111927642739e+02
2.448010552100998609e+02 4.796679856792915331e+01 1.233651026945543663e+02
2.447590352364801163e+02 4.785739589221782353e+01 1.231074429998115676e+02
2.446952327115130856e+02 4.783730921424533733e+01 1.231554173732805708e+02
2.446816280384397828e+02 4.789478047861314991e+01 1.233140003768607471e+02
2.447209346146598818e+02 4.786376483889203115e+01 1.232475598266440500e+02
2.447988694177501543e+02 4.786719427171659902e+01 1.234730356133408691e+02
2.447259468626342596e+02 4.795349538345580953e+01 1.232826078763896760e+02
2.448609006971923918e+02 4.793386093838326900e+01 1.234389297154701381e+02
2.447844356510269392e+02 4.787348784624081333e+01 1.232551724137931046e+02
2.448442057659694626e+02 4.758353118522705927e+01 1.234504239683436992e+02
2.449164876578104497e+02 4.756325607687958978e+01 1.234856604484642872e+02
2.449000188430374862e+02 4.766018466176747381e+01 1.233960806482004955e+02
2.449613717731298266e+02 4.751531938948558320e+01 1.236724703222159434e+02
2.451212361032598324e+02 4.783376672319577949e+01 1.239435839457320583e+02
2.453436216318070535e+02 4.778752590917655851e+01 1.242362916902204688e+02
2.456787262106651610e+02 4.803410589787073803e+01 1.244867156585641652e+02
2.457378933484077663e+02 4.816351987940456070e+01 1.247064631618616914e+02
2.458345958168456775e+02 4.832293197663463502e+01 1.249641605426794797e+02
2.457935179951008138e+02 4.844729602411909042e+01 1.250208780855473947e+02
2.456412662521198342e+02 4.863425664217071898e+01 1.248788392688901467e+02
2.456689655172413893e+02 4.862302619182212027e+01 1.251023553796872108e+02
2.457167137742603984e+02 4.856498963632937915e+01 1.250960241190879998e+02
2.457535707556058071e+02 4.838066704352741709e+01 1.250599208592425100e+02
2.456969285848878712e+02 4.843192010552100868e+01 1.246509892594686306e+02
2.455563218390804536e+02 4.796544186922931630e+01 1.247533069530808376e+02
2.455470510646316313e+02 4.817719992462784973e+01 1.245677784058790252e+02
2.454791030714151248e+02 4.804168079894478893e+01 1.245757678537780322e+02
2.454530619935933657e+02 4.826003391746749571e+01 1.243951384963256146e+02
2.454054644808743149e+02 4.837976257772753286e+01 1.244307518371961550e+02
2.454852459016393311e+02 4.845407951761823995e+01 1.243899001319012569e+02
2.453205954399849134e+02 4.843791219144526394e+01 1.243237233842095293e+02
2.453550405125306213e+02 4.849560957226304936e+01 1.243452421330318458e+02
2.453784435651026854e+02 4.836740154512907708e+01 1.245249293386093825e+02
2.453191633691351115e+02 4.843354060674580808e+01 1.245651780667043482e+02
2.452914641040135564e+02 4.832783116638402277e+01 1.245297154701337803e+02
2.453503674392312064e+02 4.831611079706048884e+01 1.244873186357640833e+02
2.453517995100810367e+02 4.836547955530431153e+01 1.246665536084416743e+02
2.456818541548897770e+02 4.862253627284718505e+01 1.250177124552477892e+02
2.459361221028829902e+02 4.866689278311663713e+01 1.253367250800829140e+02
2.461202939513849515e+02 4.874723949500659614e+01 1.253405313736574271e+02
2.462355379687205641e+02 4.882001130582249715e+01 1.253941963444507195e+02
2.462501601658187269e+02 4.883459581684567752e+01 1.254318824194460120e+02
2.462418315432447571e+02 4.897806670435274157e+01 1.255589975504051239e+02
2.463846994535519173e+02 4.914234030525720698e+01 1.255667608818541510e+02
2.464313171283210977e+02 4.930156397211230512e+01 1.255628792161296445e+02
2.464577350668927807e+02 4.927936687394007720e+01 1.255085735820614303e+02
2.464571320896928626e+02 4.923776144714528158e+01 1.256017712455247732e+02
2.463447145279819210e+02 4.931294516676088335e+01 1.258769549651403850e+02
2.462426229508196798e+02 4.919434708875070328e+01 1.255767476917279026e+02
2.460033917467495712e+02 4.894716412285660567e+01 1.254948935368381342e+02
2.459185603919351877e+02 4.892594686263425530e+01 1.251240248728094997e+02
2.458469568494441262e+02 4.879615602035048028e+01 1.251778405879027645e+02
2.458114565667985687e+02 4.889331072168833714e+01 1.251228942905596426e+02
2.457056340682117934e+02 4.877369511965328996e+01 1.250823063877897141e+02
2.457428679103071545e+02 4.870420199736197731e+01 1.253435085735820564e+02
2.455671377426041033e+02 4.841368004522328761e+01 1.251598643301300200e+02
2.455343885434332094e+02 4.858537780290182440e+01 1.251618240060297751e+02
2.454996796683625462e+02 4.824609006971923719e+01 1.248962879216129664e+02
2.455332579611833523e+02 4.826380252496702639e+01 1.248029771999246265e+02
2.453861692104767371e+02 4.825102694554362159e+01 1.244538910872432638e+02
2.453971358583003450e+02 4.823787450537026444e+01 1.244617674769172737e+02
2.453654418692293291e+02 4.813672508008291118e+01 1.245104578858111921e+02
2.453796872055775395e+02 4.818609383832674098e+01 1.243929527039758796e+02
2.454139815338232609e+02 4.836125871490484229e+01 1.246908234407386402e+02
2.454133785566233144e+02 4.846304880346711741e+01 1.246008290936498923e+02
2.453770114942528835e+02 4.841488599962313799e+01 1.245647258338044026e+02
2.452984737139626930e+02 4.849534576973807987e+01 1.246651592236668620e+02
2.453717731298285400e+02 4.838545317505181487e+01 1.243003580177124547e+02
2.452742038816657271e+02 4.820011305822498571e+01 1.242472960241190947e+02
2.453233465234595769e+02 4.826896551724137652e+01 1.241615978895797952e+02
2.453283587714339546e+02 4.816672319577916284e+01 1.240521952138684725e+02
2.452740531373657404e+02 4.825528547201808749e+01 1.241149802148106289e+02
2.454067834934991481e+02 4.803889202939513581e+01 1.243453928773318324e+02
2.452889014509138974e+02 4.821989824759751286e+01 1.242387035990201554e+02
2.452570944036178560e+02 4.816159788957980226e+01 1.243483323911814580e+02
2.451575654795553021e+02 4.798922178255134696e+01 1.242599208592425128e+02
2.450156020350480617e+02 4.798209911437723463e+01 1.238892029395138508e+02
2.448954965140380580e+02 4.778907103825136460e+01 1.237423403052572013e+02
2.448076125871490376e+02 4.774388543433201448e+01 1.237429055963821298e+02
2.447400414546824834e+02 4.787115130959110587e+01 1.235236103259845493e+02
2.447548520821556508e+02 4.782442057659694967e+01 1.234932353495383524e+02
2.447815715093273070e+02 4.779167137742604154e+01 1.234363670623704508e+02
2.447118145845110178e+02 4.795281703410589813e+01 1.233400414546824919e+02
2.446813265498398380e+02 4.812210288298473415e+01 1.235535330695308147e+02
2.446773695119653382e+02 4.803071415112115972e+01 1.234709251931411274e+02
2.447365366497079435e+02 4.815767853778029206e+01 1.234872432636140900e+02
2.447738458639532553e+02 4.813778029018277493e+01 1.234000376860749952e+02
2.448029395138496227e+02 4.786651592236668762e+01 1.234506500847936650e+02
