2.459568855662220699e+02 4.996393679381530717e+01 1.267144252824738828e+02
2.457685413303882456e+02 4.970457055475320374e+01 1.263393934245178798e+02
2.459040438365474586e+02 4.993441508792795958e+01 1.265705972304816953e+02
2.459438025656273794e+02 4.990225979101180798e+01 1.265837227083510328e+02
2.460144847506583972e+02 4.981904680995667434e+01 1.270432843428765608e+02
2.462090731458669666e+02 5.003219777419080572e+01 1.272682864667402924e+02
2.462830685583213040e+02 4.957255118511596237e+01 1.270216209328009569e+02
2.463593577436071769e+02 4.922389771472262510e+01 1.267961090816413190e+02
2.463526038569365255e+02 4.877695183077053542e+01 1.269420609973664114e+02
2.464253249511511399e+02 4.869586271344830664e+01 1.270520771387307803e+02
2.465661371166426079e+02 4.843819556537252424e+01 1.269994053181547855e+02
2.465920057769093603e+02 4.864238382465381250e+01 1.270151643870529199e+02
2.465663070257412244e+02 4.863949536997706247e+01 1.270166510916659632e+02
2.464958797043581740e+02 4.916999405318154714e+01 1.269525528842069519e+02
2.461393679381531001e+02 4.957242375329198580e+01 1.269771472262339671e+02
2.462558831025401389e+02 4.990051822275082571e+01 1.269172117916914431e+02
2.461647693483986075e+02 4.975456630702574046e+01 1.269115198368872655e+02
2.460940022088182957e+02 4.993195140599779336e+01 1.269248152238552336e+02
2.461569110525868780e+02 4.952608104664004429e+01 1.270722113669186939e+02
2.463139070597230500e+02 4.918082575821934910e+01 1.272709200577690893e+02
2.464460113839096209e+02 4.908610143573188367e+01 1.273591878345085320e+02
2.464259196329963402e+02 4.901206354600288506e+01 1.272510831705037759e+02
2.461834168719734919e+02 4.945047149774870121e+01 1.268399456290884331e+02
2.461306600968481746e+02 4.964790587035935943e+01 1.268646249256647707e+02
2.460671565712343920e+02 4.991657463257157445e+01 1.267704528077478585e+02
2.461732223260555656e+02 4.984334381106108225e+01 1.266235663919802903e+02
2.461426811655764197e+02 4.988314501741568563e+01 1.265412454336929784e+02
2.460326650242120365e+02 4.989274488148840447e+01 1.267913091496049560e+02
2.461565712343895882e+02 4.960700025486364950e+01 1.268814034491547034e+02
2.463448729929487797e+02 4.936037719819896097e+01 1.271703763486534768e+02
2.464603687027440344e+02 4.925516098887095495e+01 1.272500637159119918e+02
2.464192507008750397e+02 4.936071701639622944e+01 1.272741483306431007e+02
2.464366663834848339e+02 4.957543963979271240e+01 1.273754991079772338e+02
2.464700535213660828e+02 4.966349503015886313e+01 1.269786764081216575e+02
2.461953105088777534e+02 4.985714892532494957e+01 1.270632911392405049e+02
2.461649392574972524e+02 4.967857446266247479e+01 1.269996177045280774e+02
2.460114263868830164e+02 4.965771812080537018e+01 1.267773341262424651e+02
2.461701214850055237e+02 4.957395293517967616e+01 1.270985047999320301e+02
2.460734856851584311e+02 4.986466740293942479e+01 1.271967122589414600e+02
2.460150794325035974e+02 5.013707416532155037e+01 1.270423073655594237e+02
2.458887095403958938e+02 5.009574377707926374e+01 1.270189873417721458e+02
2.458921926769178583e+02 5.026548296661286486e+01 1.270692804349672969e+02
2.460254863647948298e+02 5.026017330728060273e+01 1.271870699175940871e+02
2.460984198453827219e+02 5.014127941551269885e+01 1.270440489338204060e+02
2.461145612097527930e+02 5.015695352986152500e+01 1.268575312207968722e+02
2.460630787528672272e+02 5.005742927533769659e+01 1.268588904935859318e+02
2.461986237363010730e+02 5.005347888879449414e+01 1.269312717696032564e+02
2.460387817517627980e+02 4.994376008835273240e+01 1.267356639198029029e+02
2.461499872568176102e+02 4.999452043156910719e+01 1.270203041372865584e+02
2.461834168719734919e+02 4.962721943760088550e+01 1.271246708011213968e+02
2.461107807323082284e+02 4.963405827882083088e+01 1.270154617279755342e+02
2.461320618469119097e+02 4.948912581768753682e+01 1.272243649647438559e+02
2.462683714212896007e+02 4.949052756775125061e+01 1.272596635799847036e+02
2.463595701299804546e+02 4.930813015036954994e+01 1.271477784385353829e+02
2.465426896610313463e+02 4.918541330388242017e+01 1.269615580664344634e+02
2.465616345255288309e+02 4.920699175940871584e+01 1.268361226743692072e+02
2.465830855492311571e+02 4.924403194291054575e+01 1.268220202191827326e+02
2.466586101435731848e+02 4.907569450344065842e+01 1.268978846317220217e+02
2.466535553478888687e+02 4.875405657972984130e+01 1.270902642086483780e+02
2.466542774615580527e+02 4.855696202531645866e+01 1.273071956503270741e+02
2.467916914450768786e+02 4.839350947243224965e+01 1.273338713788123329e+02
2.467888029904001428e+02 4.819310169059553317e+01 1.274379407017245711e+02
2.466576331662560619e+02 4.811163027780137469e+01 1.271780647353665756e+02
2.464071871548721333e+02 4.897209243054965810e+01 1.268204910372950422e+02
2.462780137626369878e+02 4.918732478124203311e+01 1.264249851329538643e+02
2.461375414153427812e+02 4.935468524339478336e+01 1.264454591793390534e+02
2.461823549401070466e+02 4.953619063800866229e+01 1.262214765100671201e+02
2.460109591368617714e+02 4.981369467334975809e+01 1.261765780307535465e+02
2.462069068048593863e+02 4.922232605556027352e+01 1.261956928043496760e+02
2.465124033642001393e+02 4.879793560445161660e+01 1.263269900603177263e+02
2.465087927958542195e+02 4.851461218248237373e+01 1.262852773766035170e+02
2.466991759408716405e+02 4.844409990654999376e+01 1.263566816753037187e+02
2.466015631637074250e+02 4.852208818282218772e+01 1.266014357318834413e+02
2.465434542519751915e+02 4.849103729504714977e+01 1.265622292073740596e+02
2.465434967292498527e+02 4.850539461388157036e+01 1.265220457055475265e+02
2.463570639707756413e+02 4.881220796873672896e+01 1.263454251975193330e+02
2.463144592642935891e+02 4.859395973154362736e+01 1.265007645909438452e+02
2.462683714212896007e+02 4.854468609294027459e+01 1.265284172967462410e+02
2.464600288845467730e+02 4.833722708351032082e+01 1.264752357488743542e+02
2.463913006541500295e+02 4.827495539886160714e+01 1.263134822869764662e+02
2.464869594766799707e+02 4.840119785914535555e+01 1.264090986322317605e+02
2.464989805454082159e+02 4.842821340582788281e+01 1.261818027355364933e+02
2.465626115028459822e+02 4.842027015546682378e+01 1.264508962704952779e+02
2.466592048254184135e+02 4.808418995837227072e+01 1.266688471667657865e+02
2.465511426386883045e+02 4.813936793815308590e+01 1.269367088607594951e+02
2.466219097782686163e+02 4.815457480248067412e+01 1.269614306346104797e+02
2.464284682694758430e+02 4.826310423923201398e+01 1.268952935179678860e+02
2.465443037974683591e+02 4.802790756945034190e+01 1.269429105428595648e+02
2.466970520771387214e+02 4.799180188599099495e+01 1.269681420440064556e+02
2.466066179593917127e+02 4.786067453912156822e+01 1.266747939852179030e+02
2.466731798487809044e+02 4.783769433353155875e+01 1.264988955908588935e+02
2.465043751592897934e+02 4.779181887690085517e+01 1.264939682269985610e+02
2.465578540480842662e+02 4.784971540225978970e+01 1.264019624500892007e+02
2.463533259706057379e+02 4.820847846402174497e+01 1.263850564947752986e+02
2.459595191572508668e+02 4.881934415087928159e+01 1.264008155636734330e+02
2.458015461727975435e+02 4.920992269136011998e+01 1.263240166510916680e+02
2.459229462237702819e+02 4.936670631212301430e+01 1.263757964488998340e+02
2.458800016990909967e+02 4.917148075779458338e+01 1.263212131509642404e+02
2.458999660181802653e+02 4.948139495369976970e+01 1.262418656019029868e+02
2.457769518307705425e+02 4.966629853028629782e+01 1.261205929827542320e+02
2.458598674709030547e+02 4.966043666638348242e+01 1.262484495794749790e+02
2.457689236258601682e+02 4.968320448560020708e+01 1.262000254863647939e+02
2.457800526718205845e+02 4.956070002548636211e+01 1.262334126242460286e+02
2.461024127092005642e+02 4.890999065499957510e+01 1.257683289440149537e+02
2.462460283748194740e+02 4.875375923880724116e+01 1.253640302438195562e+02
2.463672160394189063e+02 4.865487214340328137e+01 1.251050887775040366e+02
2.465066689321213289e+02 4.874853453402429437e+01 1.249578200662645457e+02
2.464684818622037312e+02 4.844027695183076787e+01 1.249364115198368808e+02
2.462466230566646743e+02 4.894996177045280916e+01 1.259330982924135611e+02
2.461434882337949261e+02 4.871756860079857177e+01 1.265703423668337422e+02
2.459686517713023477e+02 4.890340667742757574e+01 1.268394359017925410e+02
2.460515674114348883e+02 4.908278820830855693e+01 1.269545493161158731e+02
2.459455016566137147e+02 4.920469798657718030e+01 1.271332512106023245e+02
2.461505394613881492e+02 4.904022597910118009e+01 1.263404978336589863e+02
2.461903831450174209e+02 4.910194545917934050e+01 1.257281029649137736e+02
2.461157505734432220e+02 4.920609973664089409e+01 1.252386373290289754e+02
2.460719565032707408e+02 4.911286211876645780e+01 1.248795344490697516e+02
2.460197094554413297e+02 4.899630447710475067e+01 1.246939512360886937e+02
2.457010024636819310e+02 4.955462577521026191e+01 1.252512955568770678e+02
2.455560700025486369e+02 4.974917169314417009e+01 1.254791436581428883e+02
2.454346274743012373e+02 5.002013422818792066e+01 1.254813524764251156e+02
2.452316285787103993e+02 5.027287401240336351e+01 1.254087588140344849e+02
2.453441933565542570e+02 5.020860589584572153e+01 1.255853368447880314e+02
2.455400560700025494e+02 4.968613541755161123e+01 1.259037464956248442e+02
2.456877495539886240e+02 4.926225469373884636e+01 1.262092855322402585e+02
2.457539716251805260e+02 4.903075354685243070e+01 1.263003568091071287e+02
2.459171693144167818e+02 4.892863817857445952e+01 1.263319599014527199e+02
2.458461897884631639e+02 4.886475235748874013e+01 1.262679041712683699e+02
2.457137456460793601e+02 4.913962280180103903e+01 1.261782771217398675e+02
2.456804859400220948e+02 4.928255883102540480e+01 1.261359697561804438e+02
2.456405573018435007e+02 4.926476085294367380e+01 1.259429530201342260e+02
2.455710220032282791e+02 4.933811910627814257e+01 1.260334296151558959e+02
2.456741993033726885e+02 4.939333956333361897e+01 1.260504205250191205e+02
2.455502081386458144e+02 4.975486364794834770e+01 1.261951405997791227e+02
2.453958032452637781e+02 4.996546597570299753e+01 1.263130150369552354e+02
2.453224874692039634e+02 4.986275592557981184e+01 1.261891513040523307e+02
2.453918953359952297e+02 4.992162942825588345e+01 1.262961090816413190e+02
2.453593152663325156e+02 4.981445926429360327e+01 1.262998470818112366e+02
2.454180188599099495e+02 4.982898649222666165e+01 1.264830940446860978e+02
2.453120380596380983e+02 4.969412114518732437e+01 1.265228952510406941e+02
2.452749978761362684e+02 4.950747600033982110e+01 1.265441763656443754e+02
2.453766035171183546e+02 4.946873672585167014e+01 1.264714977487044365e+02
2.453271599694163569e+02 4.951202106872823094e+01 1.262910542859570171e+02
2.454047659502166425e+02 4.933998810636309429e+01 1.258740124033642047e+02
2.455084954549316194e+02 4.923128876051312375e+01 1.255316030923455912e+02
2.456087843003992930e+02 4.923617364709880206e+01 1.251747939852179030e+02
2.458110610823209470e+02 4.896215274827967079e+01 1.253281794240081553e+02
2.457638263529011908e+02 4.910024636819301946e+01 1.251709285532240301e+02
2.456513465296066556e+02 4.934172967462407655e+01 1.254230311783196044e+02
2.455990145272279221e+02 4.945964658907484335e+01 1.253720159714552693e+02
2.455821085719140342e+02 4.972075439639792904e+01 1.254128366324016639e+02
2.455064990230226840e+02 4.947132783960581293e+01 1.254723897714722654e+02
2.454989805454082159e+02 4.973591878345085604e+01 1.253116132868915145e+02
2.455417976382635175e+02 4.925605301163877670e+01 1.253829751083170549e+02
2.456594596890663524e+02 4.894745561124798172e+01 1.255075184776144823e+02
2.457348568515843965e+02 4.899983009090136932e+01 1.256292583467844679e+02
2.457748279670376235e+02 4.893301333786424578e+01 1.255458754566306965e+02
2.457659926939087711e+02 4.892596211027100850e+01 1.256849460538611822e+02
2.454840285447285737e+02 4.961562314161923126e+01 1.262285277376603574e+02
2.452463681930167354e+02 4.977274658057938694e+01 1.263203211281964116e+02
2.452139580324526378e+02 5.002348993288590862e+01 1.265254014102455216e+02
2.450843598674709085e+02 5.008890493585931836e+01 1.264115198368872655e+02
2.451033896865177155e+02 5.029759578625435523e+01 1.266233115283323372e+02
2.453808087673095031e+02 4.956940786679126631e+01 1.267321383060062914e+02
2.454639367938153214e+02 4.897672245348738329e+01 1.267081811230991377e+02
2.455380171608189528e+02 4.871714382805199506e+01 1.267614051482456858e+02
2.456894061677002696e+02 4.864081216549146092e+01 1.266165151643870530e+02
2.456414493246113295e+02 4.854579050208138824e+01 1.268382040608274508e+02
2.454234134737915269e+02 4.921514739614306677e+01 1.262428850564947709e+02
2.454749808852264152e+02 4.942681165576416902e+01 1.259124968142044025e+02
2.453912156996007070e+02 4.968367173562144501e+01 1.257304392150199703e+02
2.454023022682864621e+02 4.976013083000594861e+01 1.256759408716336708e+02
2.454218418146291754e+02 4.989440149520007139e+01 1.255335995242545266e+02
2.455318579559935301e+02 4.926875371676153037e+01 1.257035086228867584e+02
2.457347294197604413e+02 4.927478548976297645e+01 1.255015716591623516e+02
2.457936029224364916e+02 4.902799252399965724e+01 1.253680655849120740e+02
2.457945798997536428e+02 4.894486449749383894e+01 1.254099481777249139e+02
2.458265228102964954e+02 4.889928638178574261e+01 1.253963979271089926e+02
2.460382295471922589e+02 4.824717526123524181e+01 1.258055815138900755e+02
2.460985472772067055e+02 4.801953954634270616e+01 1.259274063376093835e+02
2.461887690085804081e+02 4.797820915810041953e+01 1.260021238637329049e+02
2.463166680825758306e+02 4.800581938662815418e+01 1.261755160988871012e+02
2.463223600373800082e+02 4.784771897035086141e+01 1.262255543284342849e+02
2.460509302523149984e+02 4.873400730609124309e+01 1.261530031433183296e+02
2.458561719480078125e+02 4.886662135757369896e+01 1.264436751338034099e+02
2.456078922776314641e+02 4.927622971710135147e+01 1.264564607934754861e+02
2.456541500297340974e+02 4.947833658992438899e+01 1.264192507008750255e+02
2.455630787528672272e+02 4.917755500807068358e+01 1.265788378217653616e+02
2.456052162093280060e+02 4.915771812080537018e+01 1.264883187494690304e+02
2.458437685838076732e+02 4.905670716166850553e+01 1.264833913856086980e+02
2.458483136521960830e+02 4.893946988361226857e+01 1.263261405148245728e+02
2.458562993798317962e+02 4.889762976807408279e+01 1.261725426896610287e+02
2.458254608784300501e+02 4.878625435392065413e+01 1.259842409311018656e+02
2.456810806218672951e+02 4.874233285192421761e+01 1.260924730269305911e+02
2.458500976977317123e+02 4.900743352306515987e+01 1.260417126837142092e+02
2.458665788802990448e+02 4.900038229547192259e+01 1.258977147226233910e+02
2.458483561294707442e+02 4.916256053011638727e+01 1.259994053181547855e+02
2.458562569025571349e+02 4.910423923201087604e+01 1.259428680655849178e+02
2.461171523235069287e+02 4.867156571234389872e+01 1.260076459094384518e+02
2.461485430294792423e+02 4.872878260130830341e+01 1.260948517543114491e+02
2.460894571404298574e+02 4.860818961855407139e+01 1.260036530456205952e+02
2.461855832129810437e+02 4.848173477189703817e+01 1.259449494520431614e+02
2.462907994223090782e+02 4.855526293433013052e+01 1.258707416532155321e+02
2.459991504545068324e+02 4.897464106702913966e+01 1.261313397332427115e+02
2.460971030498683092e+02 4.862658227848100978e+01 1.266405997791181761e+02
2.460571319344150822e+02 4.887214340327924589e+01 1.266956928043496760e+02
2.461388582108571939e+02 4.860929402769518504e+01 1.269171693144167818e+02
2.459959221816328352e+02 4.893747345170334029e+01 1.269802055900093478e+02
2.462237702828986414e+02 4.859820745900942995e+01 1.265800271854557764e+02
2.463302183331917377e+02 4.832958117407186904e+01 1.264260045875456626e+02
2.465238297510831842e+02 4.836674878939767552e+01 1.262451363520516594e+02
2.466560190298190491e+02 4.832244499192931642e+01 1.264559935434542552e+02
2.467458584657208291e+02 4.833234219692464251e+01 1.266097612777164159e+02
2.468939342451788264e+02 4.802960666043666293e+01 1.268576586526208416e+02
2.468675983348908289e+02 4.770015291818877046e+01 1.267967887180358559e+02
2.469809701809531930e+02 4.766013932546087517e+01 1.266405997791181761e+02
2.469352646334211272e+02 4.760037380001698892e+01 1.269111800186900041e+02
2.469618554073570635e+02 4.748827627219437630e+01 1.269662730439215039e+02
2.467113669186985021e+02 4.805815138900688055e+01 1.271601818027355364e+02
2.466400900518222841e+02 4.836560190298190776e+01 1.273176875371676147e+02
2.464218418146291754e+02 4.861609039164046919e+01 1.272223260555602735e+02
2.462778438535383430e+02 4.881781496899159123e+01 1.270996092090731509e+02
2.465306261150284683e+02 4.849740888624585722e+01 1.269989805454082017e+02
2.466193186645144806e+02 4.844707331577605913e+01 1.271041967547362219e+02
2.467053776229716959e+02 4.818252484920567724e+01 1.270386967972134897e+02
2.467256392829835931e+02 4.820767139580324567e+01 1.271770877580494385e+02
2.467707926259451199e+02 4.831823974173816794e+01 1.271997281454421937e+02
2.467419505564523092e+02 4.832499362840879797e+01 1.272475150794325032e+02
2.466507518477614553e+02 4.903028629683119277e+01 1.269425707246623034e+02
2.464941806133718387e+02 4.924297001104409333e+01 1.266175346189788513e+02
2.461898309404468534e+02 4.961719480078158284e+01 1.264839860674539125e+02
2.461690170758644172e+02 4.974301248831874744e+01 1.263963979271089926e+02
2.461980715317305339e+02 4.942456036020728760e+01 1.268451703338713799e+02
2.461239911647268741e+02 4.942630192846826986e+01 1.272167615325800654e+02
2.461457395293518005e+02 4.935782856171947941e+01 1.272425877155721707e+02
2.463130999915045436e+02 4.927092005776909645e+01 1.274681420440064556e+02
2.464945629088437613e+02 4.955505054795684572e+01 1.277228782601308268e+02
2.464438875201767019e+02 4.974942655679211612e+01 1.277831110355959510e+02
2.469847931356724189e+02 4.859306770877580561e+01 1.277199898054540768e+02
2.471297680740803742e+02 4.838824229037464875e+01 1.274366239062101727e+02
2.473180273553648760e+02 4.794388752017670896e+01 1.273845042902047453e+02
2.474341602242800207e+02 4.771731373715062574e+01 1.273420270155466767e+02
2.474599864072721118e+02 4.773243564692889152e+01 1.276638348483561316e+02
2.474926514314841484e+02 4.817479398521791012e+01 1.276411519836887294e+02
2.473291988785999536e+02 4.872806048763911235e+01 1.272104748959306733e+02
2.472676917848950779e+02 4.897519327159969293e+01 1.270395038654319961e+02
2.472113244414238409e+02 4.880566646843938372e+01 1.271799762127261886e+02
2.470838926174496635e+02 4.868031603092345705e+01 1.273584657208393480e+02
2.471022852773766090e+02 4.886224619828391980e+01 1.273938068133548569e+02
2.471349927788633067e+02 4.889193781326989807e+01 1.275056070002548694e+02
2.470200067963639583e+02 4.909234559510661455e+01 1.273973749044261297e+02
2.471132019369637192e+02 4.891491801885990753e+01 1.277163792371081428e+02
2.471417466655339297e+02 4.909268541330388302e+01 1.276521960750998232e+02
2.469018350182652171e+02 4.969407866791267026e+01 1.272021493500976987e+02
2.467868490357658686e+02 5.004596041118001892e+01 1.270298615240846090e+02
2.466668507348568653e+02 5.006477784385354113e+01 1.269843258856511738e+02
2.467015121909778372e+02 5.016319768923625588e+01 1.269790162263189188e+02
2.466433183246962813e+02 5.024284257922011676e+01 1.270266757284852588e+02
2.467204145782006606e+02 4.997965338543878744e+01 1.274356044516183886e+02
2.469637244074420153e+02 4.917496389431654080e+01 1.276710135077733383e+02
2.470769263444057344e+02 4.913495030158865262e+01 1.279061677002803492e+02
2.470688131849460660e+02 4.922117916914450575e+01 1.279535723387987360e+02
2.470964658907484477e+02 4.911991334635969508e+01 1.280150794325035974e+02
2.472094554413388892e+02 4.897689236258601397e+01 1.280313482286976523e+02
2.471860504630022888e+02 4.890642256392829523e+01 1.278831450174156856e+02
2.472106023277546569e+02 4.875227253419420492e+01 1.280746750488488601e+02
2.472733412624245943e+02 4.884733667487893882e+01 1.279257497238977095e+02
2.473634780392490029e+02 4.889860674539121277e+01 1.279975363180698338e+02
2.472980205590009462e+02 4.920410330473196581e+01 1.278462747430124864e+02
2.474031093365049685e+02 4.934444822020218879e+01 1.277170588735026797e+02
2.472524849205674968e+02 4.952807747854897968e+01 1.277834508537932265e+02
2.470937048678956671e+02 4.942727890578540695e+01 1.274901452722793351e+02
2.471031773001444094e+02 4.952472177385099172e+01 1.274034066774275828e+02
2.471255628238892257e+02 4.943229122419505472e+01 1.271673179848780961e+02
2.471924645314756503e+02 4.922003228272873798e+01 1.274195905190723010e+02
2.471552544388752040e+02 4.928260130830005892e+01 1.273324271514739650e+02
2.472840030583637656e+02 4.930621867300993699e+01 1.273108486959476693e+02
2.472346444652111188e+02 4.908877750403534179e+01 1.273450853793220574e+02
2.470376348653470302e+02 4.966421714382805419e+01 1.271475660521620910e+02
2.471825673264803243e+02 4.961222495964658918e+01 1.271860079857276418e+02
2.469627899073995536e+02 4.992957267861694248e+01 1.271513040523320086e+02
2.469422733837396891e+02 4.997391895335995571e+01 1.271030498683204542e+02
2.470080282049103744e+02 4.982563078752867369e+01 1.270209837736810812e+02
2.472430549655934158e+02 4.878162433098292183e+01 1.278434712428850588e+02
2.471852858720584436e+02 4.895055645229802366e+01 1.277566901707586453e+02
2.470406932291224109e+02 4.875439639792710977e+01 1.281523235069238069e+02
2.472409311018604967e+02 4.862127261914875476e+01 1.281021153682779641e+02
2.472237278056239802e+02 4.861056834593492226e+01 1.281600118936368915e+02
2.472838331492651491e+02 4.859680570894571616e+01 1.278020134228187885e+02
2.472752952170588685e+02 4.872054201002463714e+01 1.275519497069068109e+02
2.474024721773851070e+02 4.868711239486874831e+01 1.274414663155211969e+02
2.474437600883527182e+02 4.894265567921161875e+01 1.274566731798487780e+02
2.473484835612946995e+02 4.883323421969246425e+01 1.274213320873332833e+02
2.472290799422308964e+02 4.925618044346274615e+01 1.276776399626199918e+02
2.470962535043751700e+02 4.979547192252145038e+01 1.276712258941466303e+02
2.470830005946818346e+02 4.983081301503695215e+01 1.277293348058788496e+02
2.471286211876646064e+02 4.989070597230481496e+01 1.279219267691784836e+02
2.470574717526123436e+02 4.996567836207628943e+01 1.280065839775720065e+02
2.469069322912241944e+02 5.036377538017161015e+01 1.274131764505989253e+02
2.466152408461473158e+02 5.071646419165746522e+01 1.270312632741483299e+02
2.465319004332681914e+02 5.059829241355874530e+01 1.266054285957012979e+02
2.464676747939852248e+02 5.060657548211706569e+01 1.267410585336844804e+02
2.466046215274828057e+02 5.036296831195310375e+01 1.268395633336165105e+02
2.467136182142553764e+02 5.018447880383994431e+01 1.268117407187154839e+02
2.469138560869934622e+02 4.976386883017585916e+01 1.270079432503610519e+02
2.469255798147990788e+02 4.989198029054455930e+01 1.267698581259026440e+02
2.469486874522130790e+02 4.979028969501316482e+01 1.266908079177639905e+02
2.469773596126072448e+02 4.996589074844958134e+01 1.266868150539461340e+02
2.471536403024381912e+02 4.983663240166510633e+01 1.267893551949706961e+02
2.469335655424347920e+02 5.015147396143063219e+01 1.268255458329793584e+02
2.469421884291903950e+02 5.014289355194970454e+01 1.268721434032792388e+02
2.469452043156911145e+02 4.996542349842834341e+01 1.268799592218163212e+02
2.470190722963214682e+02 5.013486534703933728e+01 1.269265143148415547e+02
2.467745306261150233e+02 5.019480078158185421e+01 1.272721943760088408e+02
2.468248661965848214e+02 5.018108062186730223e+01 1.276148585506753932e+02
2.467804774445671683e+02 5.016825248492056488e+01 1.280184776144762679e+02
2.467709200577691036e+02 5.002603856936539017e+01 1.280112140005097388e+02
2.469000934500042490e+02 4.985532240251465197e+01 1.283526038569365255e+02
2.472176535553478800e+02 4.903912156996007354e+01 1.279308469968566868e+02
2.473631382210517415e+02 4.900675388667063004e+01 1.278529011978591399e+02
2.474902302268286576e+02 4.879916744541669971e+01 1.274083765185625623e+02
2.475129130914960456e+02 4.861230991419590453e+01 1.275091326140514809e+02
2.473987766544898363e+02 4.867823464446521342e+01 1.275101945459179404e+02
2.474751507943250317e+02 4.874330982924135469e+01 1.276592048254183993e+02
2.474278735876306143e+02 4.904719225214510203e+01 1.280448560020388982e+02
2.472948347634015818e+02 4.901270070512276078e+01 1.280927703678532055e+02
2.474764251125647831e+02 4.893348058788548371e+01 1.281276017330727939e+02
2.473495454931611448e+02 4.881471412794154929e+01 1.280206014782091586e+02
2.471904256222920822e+02 4.911451873247812472e+01 1.281024551864752254e+02
2.470893721858805634e+02 4.914234134737915127e+01 1.280630787528672272e+02
2.471479908249086748e+02 4.906613711664259370e+01 1.281571659162348169e+02
2.471789142808597433e+02 4.906919548041797441e+01 1.283034576501571564e+02
2.470641406847336725e+02 4.915431993883272099e+01 1.282579644889983967e+02
2.472775040353410816e+02 4.863104239232011139e+01 1.281400900518222841e+02
2.473284767649307696e+02 4.854336929742587614e+01 1.280608699345849857e+02
2.472177385098972024e+02 4.849146206779373358e+01 1.279364964743862032e+02
2.473064735366578759e+02 4.823608869254948672e+01 1.276516013932546088e+02
2.472577945798997519e+02 4.826531305751422707e+01 1.276919972814544195e+02
2.472333276696967062e+02 4.818324696287486120e+01 1.277492991249681467e+02
2.472151898734177280e+02 4.823863732902896828e+01 1.274610908164132184e+02
2.471805708945714173e+02 4.807811570809617052e+01 1.274347124288505597e+02
2.472388921926769285e+02 4.795072636139665434e+01 1.274089712004077768e+02
2.472259791011808545e+02 4.799027270410330459e+01 1.273081301503695499e+02
2.472064395548381697e+02 4.804536572933480443e+01 1.276612862118766429e+02
2.471149859824993769e+02 4.825741228442782926e+01 1.277128961005861925e+02
2.470095573867980647e+02 4.832439894656359058e+01 1.279217568600798529e+02
2.471154957097952547e+02 4.855008070682185206e+01 1.278879874267266956e+02
2.469773596126072448e+02 4.840378897289949833e+01 1.279505989295726778e+02
2.469407866791266599e+02 4.875320703423668078e+01 1.275574717526123578e+02
2.467111545323251960e+02 4.929398521790842125e+01 1.269754481352476461e+02
2.466245858465720744e+02 4.925006371591198473e+01 1.272145951915725135e+02
2.467447115793050614e+02 4.942664174666553123e+01 1.269425282473876422e+02
2.466214850055220325e+02 4.954468609294027459e+01 1.267856596720754396e+02
2.464565457480248085e+02 4.933833149265143447e+01 1.267979780817262707e+02
2.463228697646758860e+02 4.902340497833659327e+01 1.269135162687962008e+02
2.463776654489847999e+02 4.882499362840879797e+01 1.270327075014866978e+02
2.464935434542519772e+02 4.885655424347973508e+01 1.268548976297680753e+02
2.465248067284003071e+02 4.876735196669781658e+01 1.271168125053096531e+02
2.462370231925919768e+02 4.927100501231841179e+01 1.270316030923455912e+02
2.460775210262509631e+02 4.994788038399456553e+01 1.270126157505734454e+02
2.459409990654999660e+02 4.987481947158270401e+01 1.269695013167955153e+02
2.458992014272364202e+02 4.996134568006116439e+01 1.271030923455951012e+02
2.458670461303202899e+02 4.991139240506328889e+01 1.270181377962789924e+02
2.458497578795344509e+02 4.998704443122929320e+01 1.265946393679381572e+02
2.458247387647608662e+02 5.040476595021663542e+01 1.263926599269390891e+02
2.457452213066009676e+02 5.049804604536572583e+01 1.262733837396992556e+02
2.457499787613626836e+02 5.057459009429955188e+01 1.260307535468524378e+02
2.457028289864922215e+02 5.054400645654574475e+01 1.260191997281454377e+02
2.458167530371251246e+02 5.013911307450513988e+01 1.260104069322912181e+02
2.459141109506414011e+02 4.978272874012403548e+01 1.263683204485600271e+02
2.459980885226403871e+02 4.964748109761277561e+01 1.266154957097952547e+02
2.459394698836122757e+02 4.977945798997536286e+01 1.265247217738509846e+02
2.460107467504884937e+02 4.976616260300738759e+01 1.264069322912241944e+02
2.460148670461303197e+02 4.971395803245263778e+01 1.266566137116642636e+02
2.459664854302947958e+02 4.983310678786848769e+01 1.267910967632316641e+02
2.459729419760428186e+02 4.972801801036445823e+01 1.270951490952340492e+02
2.459105003822954814e+02 4.970962535043751274e+01 1.270806643445756521e+02
2.459448220202191919e+02 4.977359612607255457e+01 1.272975108317050399e+02
2.460783705717441308e+02 4.961668507348568369e+01 1.266126497323931659e+02
2.462384674199303447e+02 4.975082830685582991e+01 1.264141109506414011e+02
2.461361396652790745e+02 4.960504630022937533e+01 1.262687537167615375e+02
2.461295981649817293e+02 4.948449579474981164e+01 1.259246028374819417e+02
2.460011468864157678e+02 4.916387732563078572e+01 1.258204485600203952e+02
2.458159884461812794e+02 4.992770367853198366e+01 1.257769093534958813e+02
2.457885481267521754e+02 5.012730439215020084e+01 1.257621697391895310e+02
2.457787783535808330e+02 5.027597485345340544e+01 1.256543624161073893e+02
2.456523235069238069e+02 5.039482626794664810e+01 1.255980375499107993e+02
2.456187664599439415e+02 5.059519157250871046e+01 1.256416617109846214e+02
2.458713363350607324e+02 4.996869424857700892e+01 1.255335145697052042e+02
2.460574292753376824e+02 4.948547277206694162e+01 1.256280265058193919e+02
2.459987256817602486e+02 4.950577690935349295e+01 1.255865262084784604e+02
2.460007645909438452e+02 4.952561379661880636e+01 1.256404298700195454e+02
2.461329963469543713e+02 4.921986237363010730e+01 1.257716421714382875e+02
2.460903916404723475e+02 4.933850140175006516e+01 1.258017585591708496e+02
2.460336844788038491e+02 4.950513975023362434e+01 1.255827457310338957e+02
2.461428510746750362e+02 4.928553224025146307e+01 1.258133123778778355e+02
2.461062356639197901e+02 4.939333956333361897e+01 1.260048848865856712e+02
2.461496474386203488e+02 4.927729164896780389e+01 1.257093704867895667e+02
2.459596890663495117e+02 4.922941976042817203e+01 1.261505819386628104e+02
2.460218757964489100e+02 4.970015291818877046e+01 1.261702913941041544e+02
2.460734432078837699e+02 4.939333956333361897e+01 1.264371336335060789e+02
2.460632061846911824e+02 4.954026845637584131e+01 1.267461982839181047e+02
2.460626115028459822e+02 4.954387902472177529e+01 1.267578370571744131e+02
2.460521196160054274e+02 4.970516523659841823e+01 1.266436156656188956e+02
2.460279925239996714e+02 5.011710984623226750e+01 1.265937898224449896e+02
2.460629088437685823e+02 4.984657208393509364e+01 1.266598844618129363e+02
2.460450683884122043e+02 5.004880638858210773e+01 1.263577011298955028e+02
2.460360207289100458e+02 5.014845807492991270e+01 1.263617789482626819e+02
2.461927193951236177e+02 4.935833828901537856e+01 1.268355279925239927e+02
2.462166341007560959e+02 4.899779118171777981e+01 1.268831450174156856e+02
2.464366239062101727e+02 4.855585761617534502e+01 1.268653895166086158e+02
2.465421799337354400e+02 4.833709965168634426e+01 1.269610908164132184e+02
2.465190298190468070e+02 4.826021578455526395e+01 1.269867046130320318e+02
2.462516778523489904e+02 4.941950556452297860e+01 1.268209582873162873e+02
2.459093110186050524e+02 4.996329963469543856e+01 1.265433268201512220e+02
2.458846741993033618e+02 5.015793050717866208e+01 1.265515674114348883e+02
2.459137711324441398e+02 5.045399711154531985e+01 1.264846232265737882e+02
2.459486874522130790e+02 5.054982584317389893e+01 1.266501146886415796e+02
2.460106193186645100e+02 4.979215869509812364e+01 1.266997281454421937e+02
2.461010109591368575e+02 4.960432418656019138e+01 1.266836292583467838e+02
2.462531220796873583e+02 4.909625350437515579e+01 1.266740293942740578e+02
2.463987341772152035e+02 4.911137541415342866e+01 1.266525783705717458e+02
2.462447115793050614e+02 4.923124628323846963e+01 1.265694928213405888e+02
2.465102795004672487e+02 4.871102710050123363e+01 1.264895505904341206e+02
2.467137456460793601e+02 4.823613116982414084e+01 1.266734771897035046e+02
2.468114858550675308e+02 4.803546852433947834e+01 1.265310933650496992e+02
2.467354940107042864e+02 4.804413388836972132e+01 1.267128111460368700e+02
2.468241865601902987e+02 4.798441084020048919e+01 1.266832044856002000e+02
2.466005861863902737e+02 4.871905530541160800e+01 1.267844703083850106e+02
2.464898904086313962e+02 4.910908164132189313e+01 1.264084614731118847e+02
2.463610143573188225e+02 4.927134483051567315e+01 1.264281709285532287e+02
2.462663749893806937e+02 4.944571404298699946e+01 1.265106193186645100e+02
2.462909693314076947e+02 4.960695777758898828e+01 1.265239996601818007e+02
2.462314161923370932e+02 4.965601902981904914e+01 1.271606490527567814e+02
2.459568006116727474e+02 4.959553139070597183e+01 1.277392744881488369e+02
2.458015461727975435e+02 4.965138900688131685e+01 1.278312802650581972e+02
2.457433098292413547e+02 4.954201002463681647e+01 1.276989210772236873e+02
2.457391045790502062e+02 4.948075779457990109e+01 1.277271259875966365e+02
2.458188344235833824e+02 4.939788463172202881e+01 1.270715317305241712e+02
2.459494520431569242e+02 4.928961005861864209e+01 1.270535638433438095e+02
2.460867810721263993e+02 4.918630532665024191e+01 1.268849715402259761e+02
2.461453572338798779e+02 4.893530711069577421e+01 1.268648797893127238e+02
2.461598419845382750e+02 4.911112055050548264e+01 1.267738934669951618e+02
2.460762891852858729e+02 4.958932970860589506e+01 1.267834083765185653e+02
2.459788038399456411e+02 4.971875796448900076e+01 1.265541585251890240e+02
2.459001784045535715e+02 4.990510576841389678e+01 1.264869169994053237e+02
2.459846657038484352e+02 4.983327669696712547e+01 1.267176110780732330e+02
2.459666128621187795e+02 4.991181717780987270e+01 1.265149520006796422e+02
2.460982499362840770e+02 4.935782856171947941e+01 1.268363350607424991e+02
2.460635884801631050e+02 4.929517458159884313e+01 1.271549995752272508e+02
2.459914620677937194e+02 4.928404553563843393e+01 1.273519242205420170e+02
2.461752612352391338e+02 4.899609209073145877e+01 1.277792031263274168e+02
2.460766714807577955e+02 4.883068558321298269e+01 1.276762382125562851e+02
2.462696882168040133e+02 4.889393424517882636e+01 1.273367173562144217e+02
2.464198029054455787e+02 4.878162433098292183e+01 1.271603941891088283e+02
2.463728230396737615e+02 4.879997451363520611e+01 1.270231925919632943e+02
2.466355874607085070e+02 4.878557471752612429e+01 1.268737150624415904e+02
2.465630787528672272e+02 4.848857361311698355e+01 1.271185115962959884e+02
2.465443462747430203e+02 4.883943590179254102e+01 1.270293517967887169e+02
2.463063461048339207e+02 4.933688726531305946e+01 1.267575821935264599e+02
2.462613201936963776e+02 4.925618044346274615e+01 1.270570469798657740e+02
2.461750488488658561e+02 4.950123184096508311e+01 1.269148755415852463e+02
2.460778183671735633e+02 4.931603092345594774e+01 1.270436241610738222e+02
2.459799932036360417e+02 4.929589669526803419e+01 1.266199558236343563e+02
2.461172372780562512e+02 4.951571659162348027e+01 1.267306516013932480e+02
2.459064225639282881e+02 4.967479398521791012e+01 1.268125902642086515e+02
2.458963979271090068e+02 4.967173562144252941e+01 1.266931441678701873e+02
2.459377707926259404e+02 4.987023192591963294e+01 1.267513380341517291e+02
2.460011044091411065e+02 4.969458839520856230e+01 1.267031263274148358e+02
2.459783790671990573e+02 4.977092005776909645e+01 1.262706651941211504e+02
2.461577605980800172e+02 4.956371591198708870e+01 1.262749129215869459e+02
2.460452807747854820e+02 4.981084869594766928e+01 1.262154872143403281e+02
2.461441678701894489e+02 4.979589669526803419e+01 1.261916574632571582e+02
2.460573443207883884e+02 4.998551524934160284e+01 1.262355364879789335e+02
2.459694588395208541e+02 5.019565032707501473e+01 1.262203721009259993e+02
2.457611502845977327e+02 5.032461133293687539e+01 1.259796533854387945e+02
2.456719904850904754e+02 5.034028544728570154e+01 1.260326650242120508e+02
2.457823039673774588e+02 5.049103729504714977e+01 1.260788802990400086e+02
2.457667572848526163e+02 5.025715742077988324e+01 1.258979695862713442e+02
2.458367598334890829e+02 5.044248577011298806e+01 1.258713363350607466e+02
2.457981479908249014e+02 5.071926769178489280e+01 1.257865516948432543e+02
2.457854897629767947e+02 5.060534364115198258e+01 1.258400730609124167e+02
2.458044346274743077e+02 5.069560784980035351e+01 1.258160309234559548e+02
2.459014527227932945e+02 5.048275422648882937e+01 1.261806983263953725e+02
2.459528077478549051e+02 5.022032962365134523e+01 1.265356809107127702e+02
2.460347039333956332e+02 5.009999150454506633e+01 1.267118341687197329e+02
2.460125732732987842e+02 5.002952170588734759e+01 1.268685328349333048e+02
2.460765015716591506e+02 5.011473111885141662e+01 1.268701044940956564e+02
2.460773086398776570e+02 4.963851839265992538e+01 1.265645654574802421e+02
2.461463766884716620e+02 4.940858890493586131e+01 1.262622546937388535e+02
2.461708860759493689e+02 4.923727805623990861e+01 1.263498428340837592e+02
2.462187579644889865e+02 4.921412794155126846e+01 1.262572423753291986e+02
2.461747090306685948e+02 4.922546937388496957e+01 1.261333361651516469e+02
2.461564013252909717e+02 4.936207628918528911e+01 1.261897459858975452e+02
2.460322827287401140e+02 4.968766459943930158e+01 1.260959561634525556e+02
2.461206779373035545e+02 4.973048169229462445e+01 1.261396228018010390e+02
2.461247982329453805e+02 4.971234389601563208e+01 1.262131084869594702e+02
2.461168125053096674e+02 4.972389771472262510e+01 1.261007560954889186e+02
2.458705292668422260e+02 5.029899753631806902e+01 1.260667317984878082e+02
2.456640047574547623e+02 5.080502930931951511e+01 1.259735366578880331e+02
2.456988785999490403e+02 5.100114688641576777e+01 1.258558746070852123e+02
2.456490527567751201e+02 5.099184436326565617e+01 1.256129895505904273e+02
2.455730184351372145e+02 5.106125223005692249e+01 1.256775974853453448e+02
2.456714807577945692e+02 5.040204740463851607e+01 1.259426132019369646e+02
2.459024721773851070e+02 4.995208563418571401e+01 1.261275167785234856e+02
2.459617279755330799e+02 4.967921162178234340e+01 1.262871463766884688e+02
2.460796024127091925e+02 4.969110525868660488e+01 1.261878769858125935e+02
2.461101010959136772e+02 4.943360801970945317e+01 1.264745985897544784e+02
2.460482117067369074e+02 4.955475320703423847e+01 1.267223685328349347e+02
2.460071786594172067e+02 4.948691699940531663e+01 1.268342536742842555e+02
2.460209412964064200e+02 4.961426386883017869e+01 1.266841389856426758e+02
2.459466060657548212e+02 4.979823294537422385e+01 1.270613796618808919e+02
2.459068048594002107e+02 4.952629343301333620e+01 1.269106702913940978e+02
2.459516183841644761e+02 4.985685158440234233e+01 1.264785064990230268e+02
2.457628068983094067e+02 5.023018435137201720e+01 1.261392829836037777e+02
2.457335400560700123e+02 5.016829496219522611e+01 1.259199303372695624e+02
2.456335060742502776e+02 5.014964743862033458e+01 1.256986662135757342e+02
2.456022428001019478e+02 5.011417891428085625e+01 1.254681420440064556e+02
2.456123523914705515e+02 5.020529266842239480e+01 1.253263529011978648e+02
2.457458159884461679e+02 5.009973664089712031e+01 1.252823039673774588e+02
2.457522300569195579e+02 5.002816243309829503e+01 1.253141194460963419e+02
2.456775974853453306e+02 5.004986832044856016e+01 1.253577011298955028e+02
2.458034576501571564e+02 5.016719055305411956e+01 1.253025231501146948e+02
2.458200237872738114e+02 5.000348313652195742e+01 1.255459179339053577e+02
2.458819131764506096e+02 4.961507093704867799e+01 1.259763826352901219e+02
2.457337524424432900e+02 4.954855152493416171e+01 1.261541075524594362e+02
2.458248237193101602e+02 4.940540310933650403e+01 1.262811570809616910e+02
2.458746920397587417e+02 4.926161753461897774e+01 1.264355194970690661e+02
2.461214850055220325e+02 4.847200747600034276e+01 1.259609209073145877e+02
2.464186560190298110e+02 4.800526718205760091e+01 1.259292753376943352e+02
2.464409141109506436e+02 4.795399711154531985e+01 1.258627984028544660e+02
2.464778693399031511e+02 4.765058193866281755e+01 1.259351372015971435e+02
2.467366408971200542e+02 4.767424178064735685e+01 1.258957607679891311e+02
2.463756690170758645e+02 4.842630192846826986e+01 1.259296576331662578e+02
2.461360122334550908e+02 4.905394613881573207e+01 1.259182312462832414e+02
2.460248067284003071e+02 4.935438790247217611e+01 1.255633336165151661e+02
2.459259196329963402e+02 4.943267351966697731e+01 1.257499362840880082e+02
2.459025996092090622e+02 4.955309659332257155e+01 1.259288080876730902e+02
2.460734432078837699e+02 4.921561464616430470e+01 1.259193781326990091e+02
2.461263274148330709e+02 4.893581683799167337e+01 1.260849545493161088e+02
2.459445671565712246e+02 4.899800356809107171e+01 1.262224110101095960e+02
2.459274488148840305e+02 4.891708435986747361e+01 1.258361651516438684e+02
2.457633591028799458e+02 4.886288335740378841e+01 1.258579559935434560e+02
2.458735876306176067e+02 4.895280774785489797e+01 1.260512275932376127e+02
2.457758049443547748e+02 4.907977232180783034e+01 1.263229547192252085e+02
2.457744456715657009e+02 4.908903236768328782e+01 1.263940191997281488e+02
2.455984623226573831e+02 4.934219692464531448e+01 1.264565882252994697e+02
2.455502506159204756e+02 4.928468269475830255e+01 1.265623566391980290e+02
2.456999830090901469e+02 4.931199558236343705e+01 1.263112734686942531e+02
2.456213575736980772e+02 4.965780307535468552e+01 1.261438705292668487e+02
2.457091156231416278e+02 4.957972984453317622e+01 1.259018350182652313e+02
2.457879534449069752e+02 4.968537082660776605e+01 1.259328009514909468e+02
2.456271344830515773e+02 4.961226743692125041e+01 1.258246962874861907e+02
2.457358763061762090e+02 4.901333786424262939e+01 1.255688981394953743e+02
2.462186305326650313e+02 4.854154277461557854e+01 1.254781666808257512e+02
2.461706312123014300e+02 4.862190977826862337e+01 1.253535383569790156e+02
2.461515589159799617e+02 4.848058788548127040e+01 1.251249256647693500e+02
2.462494265567921161e+02 4.826119276187240104e+01 1.252880808767309446e+02
2.458551524934160284e+02 4.907675643530711085e+01 1.258664939257497224e+02
2.456537252569875136e+02 4.974441423838246834e+01 1.261714382805199222e+02
2.455542859570130076e+02 4.976510067114094227e+01 1.263337014697137022e+02
2.453553224025146449e+02 5.011269220966782711e+01 1.263651771302353239e+02
2.453412624246028315e+02 5.014476255203466337e+01 1.264457989975363148e+02
2.454454167020643922e+02 4.993012488318749575e+01 1.261411519836887294e+02
2.455041202956418260e+02 4.979657633166256403e+01 1.260505054795684288e+02
2.455829156401325406e+02 4.984788887944949209e+01 1.259549316115877957e+02
2.454868745221306483e+02 4.982970860589584561e+01 1.258976722453487440e+02
2.453926174496644421e+02 4.988284767649307838e+01 1.255949367088607573e+02
2.456017330728060415e+02 4.919938832724492528e+01 1.255028459774020888e+02
2.458593577436071769e+02 4.878867555857615912e+01 1.255763316625605341e+02
2.459879364539971220e+02 4.839830940446861263e+01 1.254962619998300966e+02
2.460048848865856712e+02 4.816833743946988022e+01 1.255344065924730330e+02
2.461675303712513880e+02 4.815699600713617912e+01 1.255523744796533805e+02
2.458080451958202275e+02 4.901575906889814149e+01 1.253208308554923178e+02
2.456321892787358649e+02 4.914918018859909665e+01 1.251417891428085909e+02
2.456115878005267064e+02 4.925677512530796065e+01 1.250159289779967651e+02
2.457318834423583382e+02 4.937872738085124524e+01 1.248830175855917020e+02
2.457552034661456162e+02 4.936938238042647242e+01 1.249480078158185421e+02
2.457859570129980398e+02 4.883514569705207720e+01 1.249528077478548909e+02
2.461160903916404834e+02 4.824891682949621696e+01 1.248920652450938746e+02
2.460794749808852373e+02 4.827147226233964972e+01 1.250331322742332816e+02
2.461225469373885062e+02 4.807374054880639136e+01 1.249662730439215039e+02
2.462427576246707872e+02 4.788497154022597613e+01 1.250527992523999643e+02
2.461148160734007320e+02 4.822436496474386303e+01 1.252475150794325032e+02
2.460092600458754646e+02 4.844414238382465498e+01 1.251404723472941924e+02
2.458644974938407870e+02 4.889779967717271347e+01 1.249965593407526967e+02
2.458343811061082249e+02 4.902909693314077089e+01 1.251188938917679110e+02
2.460057344320788388e+02 4.889040863138220772e+01 1.253018435137201578e+02
2.459778268626284898e+02 4.886615410755246103e+01 1.253338713788123329e+02
2.460691954804179886e+02 4.893717611078073304e+01 1.254581598844618071e+02
2.460487639113074465e+02 4.901214850055220751e+01 1.255162687961940406e+02
2.461059808002718512e+02 4.887099651686347812e+01 1.253148840370401871e+02
2.460072636139665292e+02 4.879768074080367057e+01 1.250879704358168425e+02
2.460696627304392052e+02 4.877312887605130953e+01 1.245564947752952207e+02
2.461923795769263563e+02 4.857327329878515343e+01 1.243376093789822505e+02
2.462084784640217379e+02 4.849872568176025567e+01 1.242563928298360310e+02
2.462696882168040133e+02 4.862717696032622428e+01 1.240119785914535697e+02
2.462862968311953011e+02 4.865461727975532824e+01 1.241885566222071162e+02
2.463848441084020067e+02 4.825248492056749683e+01 1.248444906974768429e+02
2.464395123608869369e+02 4.790727210942146286e+01 1.254261320193696321e+02
2.465487214340327853e+02 4.775949367088607289e+01 1.256621782346444718e+02
2.467148925324951279e+02 4.792018520091750844e+01 1.259816498173477157e+02
2.466274318239741774e+02 4.762046555093025546e+01 1.261781496899158981e+02
2.466198283918103868e+02 4.725562823889219288e+01 1.261503270750148715e+02
2.468783450853793227e+02 4.696996856681675325e+01 1.261885141449324550e+02
2.468249511511341439e+02 4.664667402939427632e+01 1.262922011723727849e+02
2.468579559935434418e+02 4.663677682439894312e+01 1.262811995582363380e+02
2.469535723387987503e+02 4.649282134058278615e+01 1.262422478973749094e+02
2.468068558321297985e+02 4.736466740293942479e+01 1.262516778523489904e+02
2.466248407102200417e+02 4.795646079347549318e+01 1.262475575567071644e+02
2.466507943250361166e+02 4.798296661286212128e+01 1.259926089542095013e+02
2.466118851414493349e+02 4.806588225299464767e+01 1.261684648712938639e+02
2.466329538696797101e+02 4.812586016481182583e+01 1.261189788463172192e+02
2.466315945968906647e+02 4.803415172882507989e+01 1.261778523489932837e+02
2.466672755076034207e+02 4.807998470818112224e+01 1.260360632061846928e+02
2.466899583722708371e+02 4.800811315945968971e+01 1.261750063715911949e+02
2.467173562144252799e+02 4.824424432928383055e+01 1.259603262254693732e+02
2.466917424178064664e+02 4.820813864582448360e+01 1.260844023447455555e+02
2.466253079602412583e+02 4.848449579474981164e+01 1.260540735706397015e+02
2.467032962365134665e+02 4.834924815223855177e+01 1.259225639282983593e+02
2.466110780732308285e+02 4.799757879534448790e+01 1.258879449494520486e+02
2.465287146376688554e+02 4.798003568091071003e+01 1.257928383314926464e+02
2.465203466145612197e+02 4.804192507008750113e+01 1.258166680825758164e+02
2.463358678107212540e+02 4.839440149520007139e+01 1.257747854897629765e+02
2.462582618299209969e+02 4.849061252230056596e+01 1.259101180868235446e+02
2.463941466315521325e+02 4.845200067963639157e+01 1.261721603941891061e+02
2.463685753122079802e+02 4.857747854897629480e+01 1.261854982584317355e+02
2.463481012658227769e+02 4.851592897799677218e+01 1.263186645144847517e+02
2.463821680400985485e+02 4.826238212556282292e+01 1.259911647268711192e+02
2.465257412284427971e+02 4.822351541925070251e+01 1.256825673264803385e+02
2.467190977826862763e+02 4.801495200067963509e+01 1.255604876391130773e+02
2.466071701639622802e+02 4.790697476849885561e+01 1.254468609294027743e+02
2.466868150539461340e+02 4.799685668167530395e+01 1.255349163197689251e+02
2.465884801631127345e+02 4.838131849460538803e+01 1.251162603007390999e+02
2.466358848016311356e+02 4.847247472602158069e+01 1.252391895335995287e+02
2.465199218418146359e+02 4.868494605386118224e+01 1.252333701469713674e+02
2.464808002718545481e+02 4.882040608274573401e+01 1.251721179169144449e+02
2.464665703848441183e+02 4.880243819556537233e+01 1.253037125138051096e+02
2.465825758219352508e+02 4.865228102964913859e+01 1.254535298615240890e+02
2.465828306855832182e+02 4.831348228697646618e+01 1.257982754226488851e+02
2.466561464616430328e+02 4.811116302778013676e+01 1.261601818027355364e+02
2.466769178489508079e+02 4.805883102540141039e+01 1.261650242120465606e+02
2.466124798232945352e+02 4.819713703168804386e+01 1.261664684393849285e+02
2.467748704443122847e+02 4.795251040693229072e+01 1.262276781921671898e+02
2.468566816753037187e+02 4.779904001359273025e+01 1.260606575482117080e+02
2.468989040863138200e+02 4.757645909438450360e+01 1.263481862203720993e+02
2.470438790247217753e+02 4.767317984878090442e+01 1.260926004587545606e+02
2.470311358423243462e+02 4.746907654404893151e+01 1.262821340582788139e+02
2.468456800611672861e+02 4.841920822360037135e+01 1.259492821340582793e+02
2.466798063036275721e+02 4.893050717865941834e+01 1.257072891003313231e+02
2.464416362246198275e+02 4.918367173562144501e+01 1.257310763741398318e+02
2.462963639452892721e+02 4.924492396567836039e+01 1.254926089542095013e+02
2.462211366918698445e+02 4.947502336250106225e+01 1.256377538017160873e+02
2.461151558915979933e+02 4.958737575397162800e+01 1.256279415512700695e+02
2.461106957777589059e+02 4.971285362331153124e+01 1.256554668252484959e+02
2.461791266672330210e+02 4.946448899838586044e+01 1.258251210602327745e+02
2.462207543963979219e+02 4.948861609039163767e+01 1.257271259875966365e+02
2.460691530031433274e+02 4.957403788972899150e+01 1.258423243564692910e+02
2.462413558746070805e+02 4.934172967462407655e+01 1.260234049783365862e+02
2.463377368108062058e+02 4.909383229971965079e+01 1.259669951575906879e+02
2.463294962195225537e+02 4.907195650327074787e+01 1.258229122419505615e+02
2.464162772916489814e+02 4.894057429275337512e+01 1.260383569790162284e+02
2.464333956333361755e+02 4.871323591878345383e+01 1.262778438535383572e+02
2.464324611332936854e+02 4.901456970520771250e+01 1.260844448220202167e+02
2.464803330218333315e+02 4.888718035850819632e+01 1.260146971370316891e+02
2.465178404553563780e+02 4.893326820151219181e+01 1.258733327669696678e+02
2.466569535298615108e+02 4.876586526208478745e+01 1.261376688471667649e+02
2.466411944609633906e+02 4.892171438280519880e+01 1.261016056409820720e+02
2.467523574887435132e+02 4.880753546852434255e+01 1.260827032537592345e+02
2.466070427321382965e+02 4.925163537507433631e+01 1.256185115962959884e+02
2.467334551015206898e+02 4.918065584912071841e+01 1.257245773511171478e+02
2.466809107127686786e+02 4.926021578455526395e+01 1.256728400305836431e+02
2.466578880299040009e+02 4.944197604281709602e+01 1.254404468609293986e+02
2.467555432843428775e+02 4.909999150454506633e+01 1.255858465720839376e+02
2.468021833319174334e+02 4.898407102200322782e+01 1.257041457820066199e+02
2.468074080367003660e+02 4.895268031603092140e+01 1.253881148585506793e+02
2.468593577436071769e+02 4.900794325036105903e+01 1.256702489168294932e+02
2.469157250870784139e+02 4.927869339903151769e+01 1.256503695522895185e+02
2.467692209667827683e+02 4.925482117067368648e+01 1.260491462067793691e+02
2.465214510237023262e+02 4.959646589074844769e+01 1.260115962959816471e+02
2.464230311783196044e+02 4.948899838586356026e+01 1.261544048933820363e+02
2.464138136097188010e+02 4.918656019029818793e+01 1.260762467080112117e+02
2.463444906974768571e+02 4.929963469543793764e+01 1.261594172117916912e+02
2.467345170333871351e+02 4.889236258601648188e+01 1.260915385268881153e+02
2.467414833064310642e+02 4.855636734347124417e+01 1.258828901537677325e+02
2.468605471072976059e+02 4.857433523065159875e+01 1.259613456800611715e+02
2.468285192422054308e+02 4.847515079432503882e+01 1.259348398606745434e+02
2.469486449749384178e+02 4.809684818622037028e+01 1.259982584317390177e+02
2.468179424008155536e+02 4.846126072551184905e+01 1.265310508877750379e+02
2.466378387562654098e+02 4.867955143997961187e+01 1.270684733667487905e+02
2.467061422139155411e+02 4.860491886840540587e+01 1.270335570469798654e+02
2.465508452977657043e+02 4.866561889389176798e+01 1.271654914620677914e+02
2.466188089372185743e+02 4.865304562059298377e+01 1.271105683459349223e+02
2.464772321807832896e+02 4.926650242120465606e+01 1.265660946393679325e+02
2.461497323931696428e+02 4.995930677087758198e+01 1.263190892872313356e+02
2.460741653215529823e+02 5.011222495964658918e+01 1.261396228018010390e+02
2.460627389346699374e+02 5.024951151134143146e+01 1.257775465126157570e+02
2.460789227763146698e+02 5.022636139665279131e+01 1.258274148330643101e+02
2.463551949706906896e+02 4.958852264038739577e+01 1.261391980290544552e+02
2.465636734347124275e+02 4.904209497918613891e+01 1.265183077053776231e+02
2.466582703253759234e+02 4.887630617619573314e+01 1.266727550760343206e+02
2.468006116727550818e+02 4.917228782601308268e+01 1.268774955398861550e+02
2.467713873077903202e+02 4.892659926939087711e+01 1.268603771981989610e+02
2.468341262424602860e+02 4.875787953444906719e+01 1.272921162178234624e+02
2.468039249001784015e+02 4.875889898904086550e+01 1.275481692294622320e+02
2.467667997621272491e+02 4.881857955993543641e+01 1.276990060317729956e+02
2.467893551949706819e+02 4.875448135247642512e+01 1.276774275762467141e+02
2.467529521705887419e+02 4.877979780817262423e+01 1.276581853708266010e+02
2.465969331407696927e+02 4.859357743607170477e+01 1.274251975193271562e+02
2.465362331152833235e+02 4.849197179508962563e+01 1.268548976297680753e+02
2.466589924390451074e+02 4.834355619743437416e+01 1.267933480587885526e+02
2.466045365729334833e+02 4.847315436241611053e+01 1.267267861693993751e+02
2.466465041202956456e+02 4.848772406762382303e+01 1.265868660266757217e+02
2.464541670206439505e+02 4.926055560275252532e+01 1.260853793220626926e+02
2.463568515844023352e+02 4.966260300739104849e+01 1.258227423328519308e+02
2.463066859230311820e+02 4.986997706227168692e+01 1.257834083765185653e+02
2.463242715147396211e+02 5.001843513720159962e+01 1.255235324101605698e+02
2.462175686007985860e+02 5.009196329963469196e+01 1.256714382805199222e+02
2.465321128196414975e+02 4.956843088947412923e+01 1.259016651091666006e+02
2.465967207543963866e+02 4.895178829326310677e+01 1.261013507773341331e+02
2.468054116047914306e+02 4.842502761022852553e+01 1.262489168294962241e+02
2.467533344660606645e+02 4.850208138645824363e+01 1.264439724747260243e+02
2.467037210092600503e+02 4.887634865347039437e+01 1.260816413218927892e+02
2.466443377792880938e+02 4.918736725851669433e+01 1.258698921077223645e+02
2.466099736640897220e+02 4.930987171863053220e+01 1.256462917339223537e+02
2.465238722283578170e+02 4.966022428001019762e+01 1.253990315181377895e+02
2.466010959136861800e+02 4.931212301418740651e+01 1.253568940616769964e+02
2.466631127346869334e+02 4.938679806303627373e+01 1.253681080621867352e+02
2.466374989380681200e+02 4.929011978591453413e+01 1.262094979186135362e+02
2.465151643870529199e+02 4.938671310848695839e+01 1.266361821425537357e+02
2.464888284767649225e+02 4.937766544898479282e+01 1.266893212131509614e+02
2.464678022258091801e+02 4.932155296916150178e+01 1.268162008325545855e+02
2.465709370486789567e+02 4.931802735536488314e+01 1.270550505479568386e+02
2.466103984368363058e+02 4.953313227423328868e+01 1.266481182567326442e+02
2.466043666638348384e+02 4.987995922181632835e+01 1.262665873757539714e+02
2.463711664259621159e+02 4.990557301843513471e+01 1.263520091750913252e+02
2.462829836037719815e+02 4.991682949621952048e+01 1.259413813609718744e+02
2.461563163707416493e+02 4.991050038229547425e+01 1.258353156061507150e+02
2.466499023022682877e+02 4.898997536318069734e+01 1.258023107637414029e+02
2.468034576501571564e+02 4.872546937388496957e+01 1.259005607000254798e+02
2.469471582703253887e+02 4.830511426386883045e+01 1.259384929062951386e+02
2.469113499277886206e+02 4.797362161243734846e+01 1.260846147311188474e+02
2.470415427746155785e+02 4.812046555093025546e+01 1.259571404298700230e+02
2.469017925409905558e+02 4.862101775550080873e+01 1.262579644889983825e+02
2.469130914960496170e+02 4.865036955228952564e+01 1.265016141364370128e+02
2.467637413983518684e+02 4.895505904341177228e+01 1.269161498598249977e+02
2.467282728740123900e+02 4.900641406847336867e+01 1.267322232605555996e+02
2.467080961685498153e+02 4.902824738764761037e+01 1.268095743777079321e+02
2.469712428850564834e+02 4.876263698921076895e+01 1.265307960241270990e+02
2.470403958881998108e+02 4.871102710050123363e+01 1.263574462662475639e+02
2.471719055305411530e+02 4.849320363605470874e+01 1.264044261320193669e+02
2.471483306431059361e+02 4.834419335655424277e+01 1.261572508707841251e+02
2.472186730099396925e+02 4.829449494520431330e+01 1.264469883612267438e+02
2.472340922606405513e+02 4.859858975448135254e+01 1.266635799847081785e+02
2.470150369552289646e+02 4.897833658992438899e+01 1.264177639962619963e+02
2.470680061167275596e+02 4.892184181462917536e+01 1.266255628238892257e+02
2.470929827542264832e+02 4.883463596975617804e+01 1.267297595786254334e+02
2.471324016651091711e+02 4.905411604791436275e+01 1.268906210177555067e+02
2.471732648033302269e+02 4.897498088522640103e+01 1.270091750913261421e+02
2.473540056070002606e+02 4.871684648712938781e+01 1.272139580324526378e+02
2.472425452382975095e+02 4.895285022512955919e+01 1.272003228272874082e+02
2.472247897374904539e+02 4.893641151983688786e+01 1.273258431739019585e+02
2.472305241695692928e+02 4.852676068303457413e+01 1.272599184436326567e+02
2.472468354430379804e+02 4.855093025231501258e+01 1.272546512615750629e+02
2.470937048678956671e+02 4.828162433098292183e+01 1.275454506838841269e+02
2.471313397332427257e+02 4.832206269645739383e+01 1.274756180443462767e+02
2.472341347379152126e+02 4.839686517713023761e+01 1.276045790502081445e+02
2.472448814884037063e+02 4.832677767394444146e+01 1.277354515334296110e+02
2.473472941976042705e+02 4.811744966442952887e+01 1.273884121994732794e+02
2.473986916999405423e+02 4.803156061507093710e+01 1.269367088607594951e+02
2.474829666128621284e+02 4.823557896525358757e+01 1.269491547022343099e+02
2.474566307025741310e+02 4.811693993713363682e+01 1.269616854982584329e+02
2.474145357233879849e+02 4.837227083510322245e+01 1.267133633506074233e+02
2.474517882932630926e+02 4.820512275932376411e+01 1.269531900433268135e+02
2.475012318409650902e+02 4.803793220626964455e+01 1.273421119700959991e+02
2.475117662050802778e+02 4.805513550250616106e+01 1.273580834253674254e+02
2.474484325885651117e+02 4.807327329878515343e+01 1.274136012233455091e+02
2.474743012488318641e+02 4.814952000679636512e+01 1.273550250615920447e+02
2.472232605556027636e+02 4.885158440234474853e+01 1.272758898989040830e+02
2.470691105258686662e+02 4.944426981564862444e+01 1.272418656019029868e+02
2.470835103219777409e+02 4.949099481777248855e+01 1.270444312292923286e+02
2.470509302523149984e+02 4.995357233879874315e+01 1.270632061846911967e+02
2.471480757794579972e+02 4.977142978506498849e+01 1.271789142808597433e+02
2.472719395123608876e+02 4.924212046555093281e+01 1.273088097867640869e+02
2.473354855152493315e+02 4.883000594681845286e+01 1.273953359952425473e+02
2.474940107042732222e+02 4.880337269560784819e+01 1.274364539971115420e+02
2.475861863902811990e+02 4.888616090391640512e+01 1.274161073825503365e+02
2.475972304816922929e+02 4.852535893297086034e+01 1.275192422054200989e+02
2.474215869509812364e+02 4.882023617364709622e+01 1.275156316370741649e+02
2.472995497408886365e+02 4.898823379491971508e+01 1.273994138136097121e+02
2.473363775380171603e+02 4.868375669017076035e+01 1.271892787358763002e+02
2.472782686262849268e+02 4.897774190807917449e+01 1.273540480842749076e+02
2.473910033132274293e+02 4.900794325036105903e+01 1.271764081216549158e+02
2.472393169654235123e+02 4.927359612607255457e+01 1.268635205165236641e+02
2.471283663240166391e+02 4.930001699090986023e+01 1.266576331662560477e+02
2.471872398266927178e+02 4.946070852094129577e+01 1.267795004672500170e+02
2.471975193271599665e+02 4.974696287486194990e+01 1.264512785659672005e+02
2.473399456290884473e+02 4.964709880214085302e+01 1.267788633081301555e+02
2.472787783535808330e+02 4.930248067284003355e+01 1.273351881743267313e+02
2.472540141024551872e+02 4.934555262934330244e+01 1.275327075014866978e+02
2.473551524934160284e+02 4.921098462322657241e+01 1.277702828986492278e+02
2.472886755585761591e+02 4.909803754991079927e+01 1.279062526548296717e+02
2.473086823549401174e+02 4.915708096168550156e+01 1.277662475575567100e+02
2.472241525783705640e+02 4.970346614561209719e+01 1.276049613456800671e+02
2.471654489847931302e+02 5.015788802990400086e+01 1.273218078328094407e+02
2.469617704528077411e+02 5.042753376943335297e+01 1.273231671055985004e+02
2.467834083765185653e+02 5.050029734092260725e+01 1.272422903746495564e+02
2.472759748534533912e+02 4.960551355025061326e+01 1.274176365644380269e+02
2.474392999745136308e+02 4.944872992948772605e+01 1.274521281114603681e+02
2.473754991079772196e+02 4.930502930931951511e+01 1.275008070682185064e+02
2.474040438365474586e+02 4.906205929827542178e+01 1.276654489847931302e+02
2.474014527227932945e+02 4.917560105343640942e+01 1.275751847761447664e+02
2.474407017245773375e+02 4.909234559510661455e+01 1.274492821340582793e+02
2.475024212046555192e+02 4.899333106787868530e+01 1.274181462917339189e+02
2.476680400985472659e+02 4.868103814459264100e+01 1.274188259281284559e+02
2.475686007985727599e+02 4.840710220032282507e+01 1.274051057684139039e+02
2.475732732987851534e+02 4.847221986237362756e+01 1.274407866791266741e+02
2.475985472772067055e+02 4.822406762382125578e+01 1.274494095658822488e+02
2.476374139835188259e+02 4.847154022597909773e+01 1.272364285107467481e+02
2.475251040693229072e+02 4.855938322997196366e+01 1.270894146631552104e+02
2.475889049358593184e+02 4.886734347124288291e+01 1.268761787443717566e+02
2.476302353241016192e+02 4.881887690085804365e+01 1.268229547192252085e+02
2.475992269136012283e+02 4.897693483986067520e+01 1.267780987171863103e+02
2.474047659502166425e+02 4.983650496984113687e+01 1.266510916659587167e+02
2.474141959051907236e+02 5.005674963894316676e+01 1.265905615495709782e+02
2.472997621272619142e+02 5.014017500637159230e+01 1.266906804859400211e+02
2.470751847761447664e+02 5.059213320873332975e+01 1.265373800016990913e+02
2.470673264803330085e+02 5.077754651261574992e+01 1.267520176705462518e+02
2.476669356894061593e+02 4.867368957607679647e+01 1.271852858720584436e+02
2.477412284427830969e+02 4.816451448475066144e+01 1.272295471922521415e+02
2.478336165151643797e+02 4.778808087673095173e+01 1.276366918698496278e+02
2.479335655424347920e+02 4.759107127686687733e+01 1.275417976382635317e+02
2.479855577266162641e+02 4.730978676408121686e+01 1.276757284852603789e+02
2.474652960666043668e+02 4.884542519751932588e+01 1.279763826352901219e+02
2.472933905360632139e+02 4.946928893042222342e+01 1.278695947667997643e+02
2.472495964658907610e+02 4.999350097697731599e+01 1.280026335910287969e+02
2.471091241185965544e+02 5.043564692889304268e+01 1.281591198708690911e+02
2.471166001189363612e+02 5.040943845042902183e+01 1.281914875541585275e+02
2.472480248067284094e+02 5.004863647948347705e+01 1.279355619743437273e+02
2.472558831025401389e+02 4.999184436326565617e+01 1.278121654914620677e+02
2.471809531900433399e+02 4.974122844278311106e+01 1.275018690000849517e+02
2.472790332172287719e+02 4.976798912581768519e+01 1.274631722028714620e+02
2.472611078073230715e+02 4.981696542349843071e+01 1.274785914535723350e+02
2.472169314416786960e+02 4.941113754141534287e+01 1.275052671820575938e+02
2.473095319004332566e+02 4.917755500807068358e+01 1.275535213660691483e+02
2.473231246283238534e+02 4.897723218078328244e+01 1.279557811570809633e+02
2.473444057429275347e+02 4.891606490527567530e+01 1.278372270835103279e+02
2.472908843768583722e+02 4.886713108486959811e+01 1.280169484325885776e+02
2.474761277716421830e+02 4.840799422309064681e+01 1.278037549910797708e+02
2.475897544813524860e+02 4.834895081131594452e+01 1.276687622122164640e+02
2.477189278735876314e+02 4.810406932291224535e+01 1.276759408716336708e+02
2.477646334211196972e+02 4.816332512106023245e+01 1.273821255628238873e+02
2.477581768753716744e+02 4.791075524594342028e+01 1.275512700705122739e+02
2.476608614391300591e+02 4.775996092090731793e+01 1.275929827542264832e+02
2.476784895081131594e+02 4.790595531390705730e+01 1.273228697646759002e+02
2.476201257327329870e+02 4.771123948687452554e+01 1.274389601563163694e+02
2.477436921247132773e+02 4.794129640642256618e+01 1.273549401070427365e+02
2.477110271005012407e+02 4.775108317050378304e+01 1.273852688811485905e+02
2.478039673774530627e+02 4.849358593152663133e+01 1.274384929062951386e+02
2.476362670971030582e+02 4.903338713788123471e+01 1.276101010959136914e+02
2.475920057769093603e+02 4.898827627219437630e+01 1.275445586611162980e+02
2.474882762721943834e+02 4.894201852009175013e+01 1.275629937983179047e+02
2.475815988446181279e+02 4.899452043156910719e+01 1.275029309319514113e+02
2.475219182737235712e+02 4.894856002038909537e+01 1.276643870529266849e+02
2.473884121994732936e+02 4.855534788887945297e+01 1.274871718630532627e+02
2.473879874267267098e+02 4.825142298870104440e+01 1.277393169654234981e+02
2.473697221986237480e+02 4.820104494095658509e+01 1.276863053266502419e+02
2.473367173562144217e+02 4.803614816073400817e+01 1.277340073060912431e+02
2.472907994223090782e+02 4.817691784895080787e+01 1.276474810976127827e+02
2.474170843598674594e+02 4.787541415342791851e+01 1.275981649817347687e+02
2.474353495879704496e+02 4.798976297680740544e+01 1.275847846402174781e+02
2.474691190213235927e+02 4.791678701894486636e+01 1.276996007136182101e+02
2.475666893212131470e+02 4.780689830940446683e+01 1.277251720329623623e+02
2.472857021493501009e+02 4.930728060487638942e+01 1.269201002463681931e+02
2.471061082320958349e+02 4.976701214850055521e+01 1.264562059298275472e+02
2.470739104579050149e+02 4.988522640387392926e+01 1.263465720839351007e+02
2.470127007051227679e+02 5.005819386628154177e+01 1.261284088012913145e+02
2.468599524254523772e+02 5.050798572763571315e+01 1.261613286891513042e+02
2.471016905955313803e+02 4.993534958797043544e+01 1.262179933735451556e+02
2.469765525443887384e+02 4.995195820236173745e+01 1.262157420779882813e+02
2.470792625945119312e+02 4.981454421884291861e+01 1.260753546852433971e+02
2.469856426811655865e+02 4.949889559085889346e+01 1.262481947158270259e+02
2.470289695013167943e+02 4.982928383314926180e+01 1.262609803754991020e+02
2.474205674963894239e+02 4.861247982329453521e+01 1.270821085719140200e+02
2.474144082915640013e+02 4.822602157845552284e+01 1.273670036530456144e+02
2.475146546597570421e+02 4.805972304816923213e+01 1.275489338204060772e+02
2.474909523404978415e+02 4.778876051312547446e+01 1.274904001359272741e+02
2.474052756775125204e+02 4.749881063630957101e+01 1.276426811655764197e+02
2.474960071361821292e+02 4.746725002123863391e+01 1.270595531390706014e+02
2.474463087248322211e+02 4.756414068473366541e+01 1.266538102115368218e+02
2.473688301758559192e+02 4.761180018690000537e+01 1.267359187834508560e+02
2.474405318154787210e+02 4.767844703083849822e+01 1.264371336335060789e+02
2.474595616345255280e+02 4.778481012658227911e+01 1.266501996431908879e+02
2.472583892617449806e+02 4.839890408631382002e+01 1.267994223090646528e+02
2.472360462152748255e+02 4.834967292498513558e+01 1.268568940616769964e+02
2.470914110950641316e+02 4.893900263359103064e+01 1.268527312887605092e+02
2.471505819386628104e+02 4.874407442018519987e+01 1.268685753122079660e+02
2.470581938662815276e+02 4.893483986067453628e+01 1.268768159034916323e+02
2.470570045025911270e+02 4.920435816837991894e+01 1.267176110780732330e+02
2.469357318834423722e+02 4.942222411010109795e+01 1.266523235069237927e+02
2.468249936284088051e+02 4.954120295641831717e+01 1.264856002038909253e+02
2.467504884886585614e+02 4.967475150794324890e+01 1.264404893382040598e+02
2.468218927873587631e+02 4.963677682439894312e+01 1.265405233200237802e+02
2.473021833319174334e+02 4.816578880299039866e+01 1.272520176705462518e+02
2.474562908843768696e+02 4.785353835697901559e+01 1.272083085549231214e+02
2.473982669271939585e+02 4.770414578200662703e+01 1.274979610908164176e+02
2.474457989975363148e+02 4.756872823039673648e+01 1.276316795514399729e+02
2.474756605216209380e+02 4.745841474810976024e+01 1.276197859145357256e+02
2.473628408801291414e+02 4.823043921501996323e+01 1.272724917169314409e+02
2.472033387137881277e+02 4.860988870954039243e+01 1.269955398861608984e+02
2.469120295641831717e+02 4.900717865941721385e+01 1.265236173647098781e+02
2.469487299294877118e+02 4.911354175516098763e+01 1.262328179424008141e+02
2.469073995412454394e+02 4.902888454676747898e+01 1.264666553393934265e+02
2.469301673604621499e+02 4.874666553393934265e+01 1.264610483391385571e+02
2.469250700875031725e+02 4.844635120210687518e+01 1.267288250785829575e+02
2.469863223175601092e+02 4.812985302862968240e+01 1.269692464531475622e+02
2.469932885906040383e+02 4.832452637838756004e+01 1.268774105853368468e+02
2.470469798657718172e+02 4.818184521281114741e+01 1.268444482202021959e+02
2.469540395888199953e+02 4.885515249341602129e+01 1.266279415512700695e+02
2.468375244244329281e+02 4.900488488658567832e+01 1.264736216124373414e+02
2.468130150369552211e+02 4.910869934584997054e+01 1.263499277886330816e+02
2.467805623991164623e+02 4.908533684478803849e+01 1.261881743267351936e+02
2.468061761957352758e+02 4.922338798742672594e+01 1.259731543624161105e+02
2.469060827457310268e+02 4.875970605725936480e+01 1.261346529606660454e+02
2.469559510661795798e+02 4.823944439724747468e+01 1.264738764760852945e+02
2.470052671820575938e+02 4.828761362670971380e+01 1.267072891003313231e+02
2.470024212046555192e+02 4.804855152493416171e+01 1.268345934924815168e+02
2.470255288420694910e+02 4.799048509047659650e+01 1.267231756010534411e+02
2.469903576586526128e+02 4.805900093450004107e+01 1.271068728230396800e+02
2.469890833404128898e+02 4.827270410330473283e+01 1.273301758559170906e+02
2.468529011978591541e+02 4.856435307110695732e+01 1.272443717611078142e+02
2.468969501316795458e+02 4.823867980630362950e+01 1.275114263868830164e+02
2.467875711494350526e+02 4.843433013337864423e+01 1.277156146461642976e+02
2.469083765185625623e+02 4.864013252909693108e+01 1.268274997876136325e+02
2.469900603177300127e+02 4.859799507263613805e+01 1.264763826352901219e+02
2.469024721773851070e+02 4.865873757539716138e+01 1.261427661201257280e+02
2.467378727380851160e+02 4.862424602837482013e+01 1.259590943845042972e+02
2.467691360122334459e+02 4.861230991419590453e+01 1.258029054455866174e+02
2.467981479908249014e+02 4.840425622292073626e+01 1.263160734007306161e+02
2.467462832384674130e+02 4.847782686262849694e+01 1.263175176280689840e+02
2.467176960326225412e+02 4.859285532240251371e+01 1.262919038314501705e+02
2.466876645994393016e+02 4.862768668762212343e+01 1.264706057259366219e+02
2.467951321043241819e+02 4.848356129470732867e+01 1.268585931526633317e+02
2.467434797383399996e+02 4.876709710304987055e+01 1.264801631127346866e+02
2.467660351711834039e+02 4.885668167530371164e+01 1.263056664684393837e+02
2.467816668082575688e+02 4.898602497663750199e+01 1.263089796958627176e+02
2.467205844872993055e+02 4.907641661710984948e+01 1.260843173901962473e+02
2.465507603432163819e+02 4.911532580069662401e+01 1.259384504290204774e+02
2.466038144592642993e+02 4.931985387817517363e+01 1.259997026590773999e+02
2.466268796194036099e+02 4.944613881573358327e+01 1.260744201852009212e+02
2.465897120040778248e+02 4.953525613796618643e+01 1.260730184351372003e+02
2.464152153597825077e+02 4.951312547786933749e+01 1.260833404128791102e+02
2.465494435477019692e+02 4.948309404468609074e+01 1.261264123693823791e+02
2.466294282558831128e+02 4.940816413218927750e+01 1.259203126327414850e+02
2.467042732138305894e+02 4.942668422394019245e+01 1.259498768159034938e+02
2.468151389006881402e+02 4.927928808087673218e+01 1.260662645484665774e+02
2.468151389006881402e+02 4.915831280265058467e+01 1.257424602837482013e+02
2.468142044006456501e+02 4.899290629513210149e+01 1.259688216804009784e+02
2.469271089966867692e+02 4.854409141109506720e+01 1.263196839690765501e+02
2.470004672500212450e+02 4.818796194036190883e+01 1.265159289779967651e+02
2.469447795429445307e+02 4.818834423583383142e+01 1.265415427746155785e+02
2.468983943590179138e+02 4.796975618044346135e+01 1.264464786339308517e+02
2.468470818112309928e+02 4.777992523999660079e+01 1.265133803415172906e+02
2.469128791096763109e+02 4.764293602922436577e+01 1.264955398861608984e+02
2.469297425877155661e+02 4.774798232945374110e+01 1.267212641236938282e+02
2.468737575397162516e+02 4.753687027440319213e+01 1.267422478973749094e+02
2.470545832979356078e+02 4.762339648288165961e+01 1.268035001274318176e+02
2.470098122504460036e+02 4.772980205590009462e+01 1.266818452128111403e+02
2.472258091920822380e+02 4.713860334720924072e+01 1.269597740208988199e+02
2.471719055305411530e+02 4.717360462152748113e+01 1.267670971030498634e+02
2.472019794409990538e+02 4.691729674624075841e+01 1.269251125647778480e+02
2.472670546257752164e+02 4.685765865262084873e+01 1.269447370656698695e+02
2.472155721688896506e+02 4.690931101860504526e+01 1.270177979780817310e+02
2.471067029139410351e+02 4.731182567326480637e+01 1.267742332851924232e+02
2.470621442528247371e+02 4.791134992778863477e+01 1.266316795514399729e+02
2.469131339733242783e+02 4.791249681420440254e+01 1.266067878684903576e+02
2.468975872907994358e+02 4.804532325206015031e+01 1.266046640047574527e+02
2.469419760428170889e+02 4.804290204740463821e+01 1.264947328179424062e+02
2.468238892192676985e+02 4.817139580324526094e+01 1.267931356724152607e+02
2.469790162263189188e+02 4.808100416277291345e+01 1.269548466570384875e+02
2.468833998810636388e+02 4.824335230651601591e+01 1.268954209497918555e+02
2.469125817687537108e+02 4.803202786509217503e+01 1.269390026335910306e+02
2.469622377028289861e+02 4.807280604876390839e+01 1.268464446521111171e+02
2.469317814968991627e+02 4.831263274148330567e+01 1.267347294197604270e+02
2.469895081131594736e+02 4.855564522980205311e+01 1.264991079772321854e+02
2.470172457735111777e+02 4.843088947413134093e+01 1.264356044516183886e+02
2.470398436836292717e+02 4.855050547956842877e+01 1.262718120805369182e+02
2.469926939087588096e+02 4.833493331067878529e+01 1.262970011044091478e+02
2.468532834933310767e+02 4.823128876051312375e+01 1.259755755670716155e+02
2.469203551100161462e+02 4.833692974258771358e+01 1.260419250700875011e+02
2.468087248322147786e+02 4.820274403194291324e+01 1.259152153597825219e+02
2.468304307195650438e+02 4.829993203636054488e+01 1.258054116047914306e+02
2.470192846826947459e+02 4.826403873927448984e+01 1.258545153342961527e+02
2.467871888539631300e+02 4.883077053776229803e+01 1.255578115708096192e+02
2.467803924900178458e+02 4.912165491462067735e+01 1.254105853368447896e+02
2.467536318069832646e+02 4.920380596380935856e+01 1.255002548636479531e+02
2.469588819981310053e+02 4.917330728060487388e+01 1.256356299379831825e+02
2.468174751507943370e+02 4.911447625520346350e+01 1.256814204400645707e+02
2.466809531900433399e+02 4.937630617619573314e+01 1.259507263613966472e+02
2.466627304392150108e+02 4.942133208733327621e+01 1.258824653810211487e+02
2.464439299974513631e+02 4.945093874776994625e+01 1.259672500212386410e+02
2.464336504969841144e+02 4.956779373035426062e+01 1.261233540056069984e+02
2.463940191997281488e+02 4.978982244499192689e+01 1.261314671650666952e+02
2.467057599184436185e+02 4.906324866196585077e+01 1.259376433608019710e+02
2.467783960581089104e+02 4.891797638263528825e+01 1.258061337184606288e+02
2.469920992269136093e+02 4.854281709285532287e+01 1.258760088352731259e+02
2.470805369127516826e+02 4.833892617449664186e+01 1.259440149520006855e+02
2.470767139580324567e+02 4.836836292583468122e+01 1.260745900942995519e+02
2.471217398691699998e+02 4.832788208308554800e+01 1.261300654150029743e+02
2.470253589329708745e+02 4.830358508198114009e+01 1.260255713193441522e+02
2.470821510491886954e+02 4.837724067623820901e+01 1.260227253419420634e+02
2.471762382125562851e+02 4.841712683714212773e+01 1.262093704867895667e+02
2.471312972559680645e+02 4.832520601478208988e+01 1.262950046725002125e+02
2.470928977996771607e+02 4.830961685498258618e+01 1.266178744371761127e+02
2.469459264293602985e+02 4.843828051992183958e+01 1.267075439639792762e+02
2.468624161073825576e+02 4.832359187834508418e+01 1.266866451448475033e+02
2.468144167870189563e+02 4.833030328774106010e+01 1.268140344915470195e+02
2.468087673094894114e+02 4.809761277716421546e+01 1.267992948772406692e+02
2.466492226658737650e+02 4.902259791011808687e+01 1.262796278990740007e+02
2.463451703338713799e+02 4.972491716931441630e+01 1.259439724747260243e+02
2.462470478294112581e+02 5.014017500637159230e+01 1.255992693908758753e+02
2.461405148245688679e+02 5.045412454336929642e+01 1.257747005352136540e+02
2.460630362755925660e+02 5.066863478039248747e+01 1.257584742162942888e+02
2.469256647693484013e+02 4.829559935434542695e+01 1.266233964828816596e+02
2.471566137116642494e+02 4.730269305921331835e+01 1.267599609209073179e+02
2.471808682354940174e+02 4.695446436156656489e+01 1.269695013167955153e+02
2.472234729419760413e+02 4.659918443632656704e+01 1.270262509557386750e+02
2.472239401919972863e+02 4.694507688386713085e+01 1.269517033387137843e+02
2.471883017585591631e+02 4.716905955313907128e+01 1.268429615155891668e+02
2.471944184861099245e+02 4.728200662645484442e+01 1.266679551439979576e+02
2.471747515079432560e+02 4.738633081301503580e+01 1.267289100331322800e+02
2.472466655339393355e+02 4.738620338119105924e+01 1.267521451023702355e+02
2.470426047064820239e+02 4.782936878769858424e+01 1.270401835018265189e+02
2.469685668167530253e+02 4.793577436071701925e+01 1.272530371251380501e+02
2.468882847676493100e+02 4.804158525189023976e+01 1.275256137966188135e+02
2.469410840200492601e+02 4.819076544048933641e+01 1.274041287910967668e+02
2.470113414323336940e+02 4.805454082066094657e+01 1.273013762636989270e+02
2.472423328519242318e+02 4.758193866281539641e+01 1.272407611927618660e+02
2.472981904680995626e+02 4.746771727125987894e+01 1.271411944609633906e+02
2.473577860844448253e+02 4.728897289949876637e+01 1.270844448220202167e+02
2.475152918188769036e+02 4.733438110610823202e+01 1.270581089117322193e+02
2.474790587035935800e+02 4.715236598419845393e+01 1.268130575142298824e+02
2.471977317135332726e+02 4.772436496474386303e+01 1.262206694418486137e+02
2.472237278056239802e+02 4.788072381276017353e+01 1.255801121400050988e+02
2.471359272789057968e+02 4.803058363775380002e+01 1.256865177130235338e+02
2.471152833234219770e+02 4.807794579899753984e+01 1.255395463427066574e+02
2.470681760258261761e+02 4.803173052416956779e+01 1.256085294367513399e+02
2.471139665279075643e+02 4.790213235918783141e+01 1.259851329538696803e+02
2.472141704188259155e+02 4.768507348568515880e+01 1.261920397587290807e+02
2.472275932376178673e+02 4.751754311443377787e+01 1.263321298105513506e+02
2.472744881488403621e+02 4.716574632571574455e+01 1.264415087927958581e+02
2.472989125817687466e+02 4.719768923625860424e+01 1.265240421374564619e+02
2.472837906719904879e+02 4.726909353495879884e+01 1.262523150114688661e+02
2.472382975108316998e+02 4.740536063206184991e+01 1.256760258261829932e+02
2.473442358338288898e+02 4.746474386203381357e+01 1.257858720584487315e+02
2.473922776314671523e+02 4.776403873927448984e+01 1.256178744371761127e+02
2.473054540820660918e+02 4.766192337099651866e+01 1.255387392744881510e+02
2.472881233540056201e+02 4.761740718715487475e+01 1.255404808427491332e+02
2.471609888709540428e+02 4.814042987001953833e+01 1.260034831365219645e+02
2.470682609803754985e+02 4.833854387902471927e+01 1.261854133038824273e+02
2.469610908164132184e+02 4.844465211112054703e+01 1.262640387392744827e+02
2.470469373884971560e+02 4.866226318919378002e+01 1.264411689745985967e+02
2.469196754736216235e+02 4.882949621952255370e+01 1.263890493585931551e+02
2.469538272024466892e+02 4.921247132783960865e+01 1.263627134483051577e+02
2.468317050378047668e+02 4.924768498853113385e+01 1.262066094639368004e+02
2.468317899923540892e+02 4.950276102285277346e+01 1.264135587460708479e+02
2.467982754226488851e+02 4.952264038739274810e+01 1.263534958797043544e+02
2.470858465720839376e+02 4.883612267436921428e+01 1.262911817177809866e+02
2.471014782091581026e+02 4.860916659587120847e+01 1.263650496984113545e+02
2.470826182992099120e+02 4.856813354855152198e+01 1.264361141789142806e+02
2.472230906465041187e+02 4.813435561974343813e+01 1.261824823719310160e+02
2.472808172627644296e+02 4.770512275932376411e+01 1.262759323761787442e+02
2.471565287571149554e+02 4.781169824144082980e+01 1.261060657548211736e+02
2.469978761362671094e+02 4.853487384249426384e+01 1.262391470563248674e+02
2.469578625435391928e+02 4.872309064650411869e+01 1.262072466230566619e+02
2.468591028799592095e+02 4.883947837906720224e+01 1.262646758983943585e+02
2.466594596890663524e+02 4.887486194885735813e+01 1.265348313652196026e+02
2.467392320108741899e+02 4.901087418231246318e+01 1.263359527652705765e+02
2.469050632911392427e+02 4.873523914705632620e+01 1.267335825333446593e+02
2.468056664684393979e+02 4.887562653980120331e+01 1.267428001019454626e+02
2.468731203805963901e+02 4.872372780562399441e+01 1.265808767309489440e+02
2.468367173562144217e+02 4.870622716846487066e+01 1.267610653300484245e+02
2.468179848780902148e+02 4.870567496389431739e+01 1.267189703508622927e+02
2.468929147905870423e+02 4.820355110016141253e+01 1.269505564522980166e+02
2.471667233030328816e+02 4.794562908843768412e+01 1.269062526548296717e+02
2.471985387817517505e+02 4.777971285362330889e+01 1.270757369807153196e+02
2.471533854387902522e+02 4.781705037804774605e+01 1.270313907059722993e+02
2.471268796194036099e+02 4.807560954889134308e+01 1.268971200407781907e+02
2.471890238722283470e+02 4.852667572848525879e+01 1.266294707331577598e+02
2.470426047064820239e+02 4.894953699770622535e+01 1.264678022258091943e+02
2.470576416617109885e+02 4.930643105938322890e+01 1.261349078243139985e+02
2.470604451618384303e+02 4.939367938153088033e+01 1.260807068218503133e+02
2.470484240931101851e+02 4.936067453912156822e+01 1.263767734262169711e+02
2.470553903661541142e+02 4.949384079517458446e+01 1.264046385183926589e+02
2.469822020219182832e+02 4.942014272364285432e+01 1.265879704358168425e+02
2.469907824313991966e+02 4.944669102030413654e+01 1.265967207543964008e+02
2.470079432503610519e+02 4.948462322657378110e+01 1.267487044431229322e+02
2.470005522045705675e+02 4.943139920142723298e+01 1.267675218757964473e+02
2.471500722113669326e+02 4.917560105343640942e+01 1.270027610228527806e+02
2.469930337269560710e+02 4.886883017585591915e+01 1.267553308979695856e+02
2.469894656358848124e+02 4.875940871633675755e+01 1.269124543369297413e+02
2.471645994392999626e+02 4.859412964064225804e+01 1.266715657123438916e+02
2.469827967037634835e+02 4.871854557811570885e+01 1.268587630617619624e+02
2.470647353665788728e+02 4.856346104833913557e+01 1.268745646079347580e+02
2.469989380681335547e+02 4.872682864667402924e+01 1.267685413303882456e+02
2.469981734771897095e+02 4.858988191317644834e+01 1.268386713108486958e+02
2.471731373715062432e+02 4.864947752952170390e+01 1.268678107212641208e+02
2.470208988191317587e+02 4.876289185285872207e+01 1.268106363095743774e+02
2.469762552034661383e+02 4.904069322912241802e+01 1.270308809786764073e+02
2.468986916999405423e+02 4.914127941551269885e+01 1.272591113754141503e+02
2.470080282049103744e+02 4.905071786594172067e+01 1.272170588735026797e+02
2.469172117916914431e+02 4.913405827882083088e+01 1.272036785319853891e+02
2.468804689491122133e+02 4.914395548381615697e+01 1.272303967377453091e+02
2.469385778608444468e+02 4.896950131679551532e+01 1.265590009345000482e+02
2.471086568685753093e+02 4.882316710559850748e+01 1.263013337864242658e+02
2.472748704443122847e+02 4.879147905870359381e+01 1.259750658397757235e+02
2.472197774190807991e+02 4.888582108571914375e+01 1.261210177555008016e+02
2.471792965763316658e+02 4.896287486194885474e+01 1.259706057259366219e+02
2.472572423753292128e+02 4.827508283068558370e+01 1.270732732987851534e+02
2.473254608784300501e+02 4.804566307025741168e+01 1.273955908588905004e+02
2.473063036275592594e+02 4.803971625180528093e+01 1.278218927873587631e+02
2.473173477189703533e+02 4.801078922776314784e+01 1.279696712258941460e+02
2.473521790841899701e+02 4.796584827117492011e+01 1.282315861014357381e+02
2.473452128111460411e+02 4.781709285532240017e+01 1.281091241185965544e+02
2.474838161583552676e+02 4.767534618978846339e+01 1.280530541160479174e+02
2.474743012488318641e+02 4.773532410160564154e+01 1.281145187324781318e+02
2.475120635460028780e+02 4.782635290119785765e+01 1.278706142213915484e+02
2.473907059723048292e+02 4.770945544133888205e+01 1.277817517628068913e+02
2.471081471412794031e+02 4.841457820066264617e+01 1.271169824144082980e+02
2.470338543879024655e+02 4.878026505819386927e+01 1.268822529946478568e+02
2.470506329113923982e+02 4.889312717696032706e+01 1.265575142298870048e+02
2.469406592473027047e+02 4.898891343131424492e+01 1.264641916574632603e+02
2.468394783790672022e+02 4.921055985047999570e+01 1.262966612862118723e+02
2.468187494690340600e+02 4.937413983518817417e+01 1.265011893636904290e+02
2.465208138645824363e+02 4.979479228612692054e+01 1.264841559765525432e+02
2.466160479143658222e+02 4.986776824398946673e+01 1.268329368787698570e+02
2.465378047744456751e+02 4.977839605810891044e+01 1.267712173986917037e+02
2.466038569365389606e+02 4.984334381106108225e+01 1.268351032197774231e+02
2.466998555772661632e+02 4.967738509897205290e+01 1.268420270155466767e+02
2.468596975618044382e+02 4.931467165066689518e+01 1.265444312292923286e+02
2.469787188853963187e+02 4.900654150029733813e+01 1.265855917084359845e+02
2.469541245433692893e+02 4.896682524849205720e+01 1.264986407272109403e+02
2.470654999575227180e+02 4.882291224195055435e+01 1.262239401919972863e+02
2.470129980460453680e+02 4.908784300399286593e+01 1.262173986916999411e+02
2.471672755076034207e+02 4.916421714382805419e+01 1.259639792710899684e+02
2.470143148415597523e+02 4.918944864497493796e+01 1.258276272194376020e+02
2.471276442103474551e+02 4.890850395038654597e+01 1.259895505904341206e+02
2.472444142383824612e+02 4.917899923540905860e+01 1.260253589329708603e+02
2.473362076289185154e+02 4.819994053181547855e+01 1.266010534364115188e+02
2.473969926089542071e+02 4.770575991844363273e+01 1.266741993033726885e+02
2.474931186815053934e+02 4.731628578710390087e+01 1.270349163197689251e+02
2.475003398181972614e+02 4.744622377028289861e+01 1.272749129215869459e+02
2.475090476595021585e+02 4.734062526548297001e+01 1.272860419675473622e+02
2.474490272704103404e+02 4.738480163112734544e+01 1.273083425367428418e+02
2.474296576331662436e+02 4.741479058703593807e+01 1.272041457820066199e+02
2.473300909013677824e+02 4.730536912751677647e+01 1.270564522980205595e+02
2.473447455611247960e+02 4.712212216464191528e+01 1.270521196160054416e+02
2.473295386967972149e+02 4.718855662220711622e+01 1.268540905615495689e+02
2.472988276272194241e+02 4.741716931441678895e+01 1.264805454082066092e+02
2.472493840795174549e+02 4.764773596126072874e+01 1.260307110695777766e+02
2.473560869934584900e+02 4.768001869000084980e+01 1.258433862883357364e+02
2.473842919038314392e+02 4.773923201087418278e+01 1.256360122334551050e+02
2.474232435646928820e+02 4.793955483816158392e+01 1.255161413643700570e+02
2.472211791691445057e+02 4.818006116727551102e+01 1.259822869764675914e+02
2.470987171863053220e+02 4.851422988701045114e+01 1.261292583467844679e+02
2.470584487299294949e+02 4.869522555432843092e+01 1.263134822869764662e+02
2.470260810466400585e+02 4.847311188514144931e+01 1.263523489932885866e+02
2.470472772066944174e+02 4.851975193271599807e+01 1.264781666808257512e+02
2.469357318834423722e+02 4.882244499192931642e+01 1.262538441933565565e+02
2.468245263783875600e+02 4.881968396907654295e+01 1.262315436241610769e+02
2.467763146716506810e+02 4.923829751083170692e+01 1.260297765695353007e+02
2.466995157590689018e+02 4.944686092940276723e+01 1.261017330728060557e+02
2.466764081216549016e+02 4.950195395463427417e+01 1.262557131934415082e+02
2.467320108741823219e+02 4.962569025571319514e+01 1.263385863562993734e+02
2.466758559170843625e+02 4.956707161668507666e+01 1.264912496814204417e+02
2.467375753971625159e+02 4.957760598080027137e+01 1.266162603007390999e+02
2.467905870359357721e+02 4.962569025571319514e+01 1.266024976637499009e+02
2.468553224025146449e+02 4.970015291818877046e+01 1.267089457140429829e+02
2.467885056494775426e+02 4.937163367598334673e+01 1.268907909268541374e+02
2.469404468609293986e+02 4.914909523404978131e+01 1.268923625860164748e+02
2.469226488828476818e+02 4.898309404468609074e+01 1.267360462152748255e+02
2.467249171693144092e+02 4.901490952340498097e+01 1.266927193951236035e+02
2.467189278735876314e+02 4.906426811655764197e+01 1.266005437091156267e+02
2.466178744371761127e+02 4.946865177130235480e+01 1.263239741738170068e+02
2.466036870274403157e+02 4.934423583382890399e+01 1.261377962789907343e+02
2.465570045025911270e+02 4.960326225469373895e+01 1.258359527652705765e+02
2.466866451448475175e+02 4.941631976892362843e+01 1.260453232520601432e+02
2.466756860079857177e+02 4.963788123354005677e+01 1.257545663070257405e+02
2.469423158610143503e+02 4.857021493500977272e+01 1.263075354685243354e+02
2.471145612097527930e+02 4.789937133633505795e+01 1.261840540310933676e+02
2.473320448560020282e+02 4.778731628578710655e+01 1.263187494690340600e+02
2.473761787443717708e+02 4.764505989295727062e+01 1.261721603941891061e+02
2.474593067708775891e+02 4.763703168804689625e+01 1.261609888709540428e+02
2.473510321977742024e+02 4.784334381106108225e+01 1.267651431484156035e+02
2.471749214170418725e+02 4.790468099566732008e+01 1.270416702064395480e+02
2.471318494605386036e+02 4.817908418995837394e+01 1.271513465296066556e+02
2.470787103899413921e+02 4.839172542689661327e+01 1.273362076289185296e+02
2.469487299294877118e+02 4.848373120380596646e+01 1.273605046300229446e+02
