2.349797498797498747e+02 3.941660413660413553e+01 9.423537277537278101e+01
2.348855699855699868e+02 3.932141414141413804e+01 9.414942760942760458e+01
2.348349110149110288e+02 3.927317941317941319e+01 9.408414622414622386e+01
2.345249831649831549e+02 3.896509860509860346e+01 9.375753727753728128e+01
2.342515151515151501e+02 3.870913900913900818e+01 9.324058682058682734e+01
2.339771717171717285e+02 3.851500721500721625e+01 9.252108706108705860e+01
2.336281866281866257e+02 3.834008658008657733e+01 9.190870610870611301e+01
2.334667243867243940e+02 3.834626262626262871e+01 9.151084175084174888e+01
2.330350360750360892e+02 3.860387686387686301e+01 9.113735449735449379e+01
2.326681192881192999e+02 3.859702741702741946e+01 9.091618085618085843e+01
2.326165079365079293e+02 3.874503126503126538e+01 9.096660894660894314e+01
2.324743145743145760e+02 3.874188552188552137e+01 9.079018759018758544e+01
2.325867821067820955e+02 3.877314093314093668e+01 9.099751803751803436e+01
2.327460221260221260e+02 3.906343434343434495e+01 9.092260702260702487e+01
2.327986339586339568e+02 3.933603655603655369e+01 9.078672438672438716e+01
2.327606060606060510e+02 3.932485810485810163e+01 9.066277056277056090e+01
2.327303318903318825e+02 3.938998556998556921e+01 9.056126984126984780e+01
2.329479461279461248e+02 3.942584896584896370e+01 9.105786435786436073e+01
2.331943241943241958e+02 3.948306878306878076e+01 9.143769119769119413e+01
2.331193650793650818e+02 3.937348725348725509e+01 9.147293891293891477e+01
2.331561231361231421e+02 3.937704665704665530e+01 9.151188071188070694e+01
2.332330254930254796e+02 3.935032227032227325e+01 9.160537758537758180e+01
2.333438095238095116e+02 3.956702260702260787e+01 9.160766714766714358e+01
2.334192207792207796e+02 3.966592592592592581e+01 9.180628186628186427e+01
2.334077537277537147e+02 3.967113997113997215e+01 9.172631072631072868e+01
2.333282251082250980e+02 3.951457431457431113e+01 9.168568542568542057e+01
2.332953342953342997e+02 3.953063011063011345e+01 9.159617123617123013e+01
2.334224050024050143e+02 3.955981721981721932e+01 9.171452621452621656e+01
2.333973544973544847e+02 3.960193362193362532e+01 9.180381914381914044e+01
2.334827801827801750e+02 3.960194324194323912e+01 9.183354497354497425e+01
2.335601058201058322e+02 3.981107263107263350e+01 9.201291005291005831e+01
2.336336411736411662e+02 3.977041847041846978e+01 9.215005291005290644e+01
2.336061760461760457e+02 3.966211640211640344e+01 9.200565656565656525e+01
2.333918133718133845e+02 3.940680134680134472e+01 9.183831649831650168e+01
2.331552477152477252e+02 3.933906685906686107e+01 9.151765271765272303e+01
2.331100432900432793e+02 3.920169312169311837e+01 9.139048581048581354e+01
2.331474362674362624e+02 3.922743626743626777e+01 9.150358826358827002e+01
2.331419817219817219e+02 3.906613756613756294e+01 9.156867724867724689e+01
2.330260606060606108e+02 3.912286676286676368e+01 9.163522847522847314e+01
2.329606734006734143e+02 3.895201539201539020e+01 9.163886483886483347e+01
2.328694853294853431e+02 3.896647426647426471e+01 9.145435305435304940e+01
2.328001443001442965e+02 3.883520923520923418e+01 9.140735930735930026e+01
2.327501010101010195e+02 3.885581529581529736e+01 9.110202982202982014e+01
2.328230110630110516e+02 3.889522847522847826e+01 9.107877825877825728e+01
2.330303222703222730e+02 3.905070707070706959e+01 9.134481962481962114e+01
2.329797017797017702e+02 3.907662337662337393e+01 9.120939874939874414e+01
2.329281289081289117e+02 3.895652717652717456e+01 9.115599807599807036e+01
2.329340067340067435e+02 3.872041366041366217e+01 9.117376623376623002e+01
2.328997017797017861e+02 3.865296777296777009e+01 9.108364598364597953e+01
2.328108513708513669e+02 3.847286195286195465e+01 9.096044252044252687e+01
2.325660894660894655e+02 3.821124579124579412e+01 9.065080327080326583e+01
2.321850312650312560e+02 3.785369889369889052e+01 9.026074074074074360e+01
2.318912073112073244e+02 3.800327080327080154e+01 8.999769119769119641e+01
2.318264550264550223e+02 3.805811447811447579e+01 8.979698893698893869e+01
2.321325637325637388e+02 3.846489658489658581e+01 9.011236171236171799e+01
2.324861375661375575e+02 3.897327561327561085e+01 9.056161616161615768e+01
2.325475613275613398e+02 3.913210197210197094e+01 9.061492063492063664e+01
2.325826743626743678e+02 3.898026936026936085e+01 9.062061568061568551e+01
2.326651467051466966e+02 3.885856661856661987e+01 9.079475709475708811e+01
2.329322270322270185e+02 3.886804232804232839e+01 9.113800865800865836e+01
2.329605868205868262e+02 3.898205868205868541e+01 9.105421837421837949e+01
2.328620586820586880e+02 3.875984607984607777e+01 9.099254449254449639e+01
2.326429437229437269e+02 3.876245310245310094e+01 9.081889369889370300e+01
2.326653391053391147e+02 3.876227994227993889e+01 9.083018759018759170e+01
2.326796440596440618e+02 3.879822029822030061e+01 9.091048581048580957e+01
2.328154497354497323e+02 3.893219817219817003e+01 9.103641173641173623e+01
2.328094179894179945e+02 3.895374699374699645e+01 9.102095238095238017e+01
2.330003463203463241e+02 3.911782587782587939e+01 9.127770081770081845e+01
2.330290524290524274e+02 3.917684463684463481e+01 9.128725348725349420e+01
2.331524386724386773e+02 3.935520923520923731e+01 9.148584896584895887e+01
2.333536604136604069e+02 3.944935064935064872e+01 9.168889850889850379e+01
2.332116979316979268e+02 3.930786916786917118e+01 9.149260221260220760e+01
2.330531890331890281e+02 3.925005291005290786e+01 9.133464165464165774e+01
2.327395093795093715e+02 3.892877344877344825e+01 9.102577200577201211e+01
2.324620971620971659e+02 3.858842712842712785e+01 9.068309764309763921e+01
2.320640692640692748e+02 3.831787397787397964e+01 9.025215007215007290e+01
2.319314478114478106e+02 3.824878306878306944e+01 8.997059163059162756e+01
2.319837518037518009e+02 3.824380952380952436e+01 9.009551707551707977e+01
2.321974795574795678e+02 3.831713323713323405e+01 9.034047138047138503e+01
2.325083501683501765e+02 3.870184704184703861e+01 9.053461279461279787e+01
2.326091101491101369e+02 3.889650793650793759e+01 9.074954304954304973e+01
2.325914959114959117e+02 3.889460317460317640e+01 9.064662818662819177e+01
2.326244733044732982e+02 3.881085137085137404e+01 9.075818181818182495e+01
2.327492352092351950e+02 3.888382876382876674e+01 9.081436267436266974e+01
2.327703992303992209e+02 3.893420875420875404e+01 9.096337662337661811e+01
2.325526695526695562e+02 3.875444925444925559e+01 9.068109668109667609e+01
2.324402886002885964e+02 3.865752765752765896e+01 9.037956709956709744e+01
2.322683790283790302e+02 3.852556036556036645e+01 9.040196248196248519e+01
2.321756902356902401e+02 3.856158730158730208e+01 9.027521885521885281e+01
2.323271476671476705e+02 3.860581048581048691e+01 9.040553150553149919e+01
2.325594035594035631e+02 3.864728234728234924e+01 9.044553150553150545e+01
2.326962097162097223e+02 3.870453102453102190e+01 9.060432900432900283e+01
2.328107551707551579e+02 3.887138047138046915e+01 9.078541606541607223e+01
2.328411063011062936e+02 3.901376623376623343e+01 9.074025012025012416e+01
2.331891967291967376e+02 3.941229437229436883e+01 9.116962000962000445e+01
2.334667147667147731e+02 3.970182780182780391e+01 9.148042328042328108e+01
2.333848965848965804e+02 3.953070707070707357e+01 9.153720057720057923e+01
2.332460798460798514e+02 3.949442039442039487e+01 9.133215969215969210e+01
2.330908321308321263e+02 3.936568542568542739e+01 9.120921596921597541e+01
2.331430591630591493e+02 3.941726791726791390e+01 9.110181818181818869e+01
2.332789225589225452e+02 3.951602693602693250e+01 9.133393939393938865e+01
2.336509475709475794e+02 3.998949494949494721e+01 9.161594035594035290e+01
2.342130735930736023e+02 4.018284752284752415e+01 9.258229918229918098e+01
2.344277825877825876e+02 4.031413179413179648e+01 9.285719095719095151e+01
2.341972775372775288e+02 4.017731601731601643e+01 9.268303992303992800e+01
2.342665608465608500e+02 4.014174122174122061e+01 9.275034151034151364e+01
2.342565175565175650e+02 4.023368927368927217e+01 9.282129870129870142e+01
2.341516305916305782e+02 4.015909571909571696e+01 9.268390572390572402e+01
2.340252910052909954e+02 3.998568542568542483e+01 9.246239538239538547e+01
2.339781433381433260e+02 3.990461760461760576e+01 9.229112073112072778e+01
2.337553342953343076e+02 3.979434343434343191e+01 9.207492063492063039e+01
2.336982683982683966e+02 3.967765271765271962e+01 9.198102934102934114e+01
2.336063492063491935e+02 3.946374218374218401e+01 9.175188071188071604e+01
2.335044540644540518e+02 3.936230880230880302e+01 9.152948532948532545e+01
2.335654545454545428e+02 3.933720057720057639e+01 9.170559884559884267e+01
2.336208080808080751e+02 3.939832611832611775e+01 9.176045214045214493e+01
2.335372294372294277e+02 3.936736892736892912e+01 9.174589706589706850e+01
2.335217316017316023e+02 3.937213083213083564e+01 9.176481962481962285e+01
2.337275805675805600e+02 3.965302549302549551e+01 9.189906685906686334e+01
2.338216546416546464e+02 3.981188071188071120e+01 9.203030303030303116e+01
2.337373448773448672e+02 3.979837421837422085e+01 9.182174122174122033e+01
2.336710341510341493e+02 3.977627705627705978e+01 9.185064935064934843e+01
2.335103030303030209e+02 3.964476190476190709e+01 9.162292448292448910e+01
2.333656661856661856e+02 3.955302549302549409e+01 9.154342472342472092e+01
2.333221356421356347e+02 3.942222222222222427e+01 9.147157287157287442e+01
2.333381721981722023e+02 3.944810966810966590e+01 9.156802308802308232e+01
2.335577200577200472e+02 3.980399230399230248e+01 9.179719095719096345e+01
2.336287734487734440e+02 3.973305435305435651e+01 9.199458393458392891e+01
2.334891678691678578e+02 3.950546416546416850e+01 9.188203944203944218e+01
2.330376719576719609e+02 3.918874458874459066e+01 9.117828763828764238e+01
2.324913997113997084e+02 3.865617123617123951e+01 9.070570466570467261e+01
2.324410004810004864e+02 3.857237133237133264e+01 9.057368927368926848e+01
2.324593073593073598e+02 3.867754689754689679e+01 9.056485810485810362e+01
2.322988359788359674e+02 3.856594516594516620e+01 9.044359788359788865e+01
2.321308321308321183e+02 3.837100529100528945e+01 9.022845598845599113e+01
2.321747089947089933e+02 3.839194805194804871e+01 9.031706589706590194e+01
2.321784607984608044e+02 3.845378547378547296e+01 9.031308321308321752e+01
2.320654064454064383e+02 3.835974987974987727e+01 9.014834054834054200e+01
2.320423761423761562e+02 3.828713804713805047e+01 8.998996632996633593e+01
2.321174410774410717e+02 3.835999037999037853e+01 9.004028860028860493e+01
2.321745839345839215e+02 3.841006253006253246e+01 9.017755651755651058e+01
2.322771428571428487e+02 3.845771043771043907e+01 9.017410293410293320e+01
2.323135642135642058e+02 3.846806156806156451e+01 9.020975468975468914e+01
2.320389898989899109e+02 3.814623376623376316e+01 8.980455988455987892e+01
2.316360269360269228e+02 3.785899951899951787e+01 8.938216450216449971e+01
2.314143338143338156e+02 3.772824434824434547e+01 8.919960557960557423e+01
2.311757094757094819e+02 3.761844155844156035e+01 8.885854737854738516e+01
2.309715536315536326e+02 3.732157768157767919e+01 8.864496392496393185e+01
2.307580952380952510e+02 3.725328523328523289e+01 8.834564694564694776e+01
2.309279942279942190e+02 3.748053872053871771e+01 8.846236652236652276e+01
2.311823665223665216e+02 3.764011544011543720e+01 8.872370370370370551e+01
2.314411159211159088e+02 3.785791245791245530e+01 8.908802308802309255e+01
2.312777200577200460e+02 3.758390572390572260e+01 8.895006253006252450e+01
2.309077633477633356e+02 3.722979316979316877e+01 8.873281385281384814e+01
2.304985666185666275e+02 3.680675324675324589e+01 8.826130832130832005e+01
2.299242809042808915e+02 3.627170755170755001e+01 8.776296296296295907e+01
2.296450793650793685e+02 3.616753246753246742e+01 8.736047138047138105e+01
2.294258585858585775e+02 3.590456950456950125e+01 8.702703222703222252e+01
2.292948917748917665e+02 3.583013949013948718e+01 8.684519480519480794e+01
2.290015969215969278e+02 3.559539201539201514e+01 8.655088985088984543e+01
2.288210293410293446e+02 3.559294853294853311e+01 8.611915343915343612e+01
2.288174506974507096e+02 3.555895141895141620e+01 8.608473304473304211e+01
2.286528619528619402e+02 3.527545935545935407e+01 8.610604136604136727e+01
2.287534680134680229e+02 3.532442520442520362e+01 8.626788840788840673e+01
2.287977970177970235e+02 3.542582010582010810e+01 8.646461760461760093e+01
2.288193843193843122e+02 3.533839345839346180e+01 8.645635401635401251e+01
2.287272438672438568e+02 3.529358345358345161e+01 8.638568542568542341e+01
2.284955651755651616e+02 3.524766714766714415e+01 8.601103415103415273e+01
2.282627513227513134e+02 3.524810004810004926e+01 8.557840307840308469e+01
2.280905531505531485e+02 3.507697931697931892e+01 8.538376142376142752e+01
2.278954112554112612e+02 3.486523328523328757e+01 8.527752765752765640e+01
2.279372775372775379e+02 3.495594035594035631e+01 8.508521404521404463e+01
2.280768157768157778e+02 3.514819624819624977e+01 8.527404521404521631e+01
2.281030784030783991e+02 3.518572390572390418e+01 8.541255411255411900e+01
2.281728234728234668e+02 3.523644059644059467e+01 8.540948532948533511e+01
2.285877922077922051e+02 3.564661856661856376e+01 8.584039442039441781e+01
2.289041847041847006e+02 3.601934583934583856e+01 8.622626262626262417e+01
2.292725156325156206e+02 3.591058201058201149e+01 8.677854737854737266e+01
2.295668398268398391e+02 3.610718614718614816e+01 8.716922558922559006e+01
2.297886868686868809e+02 3.615691197691197800e+01 8.744334776334775938e+01
2.297541798941798845e+02 3.610569504569504318e+01 8.765316979316979484e+01
2.298587012987013054e+02 3.619521885521885451e+01 8.768891774891774560e+01
2.297139201539201565e+02 3.623752765752765725e+01 8.746215488215487710e+01
2.297419336219336117e+02 3.626663780663781012e+01 8.754774410774410853e+01
2.296432227032227047e+02 3.631996151996151667e+01 8.739094757094757426e+01
2.294690043290043207e+02 3.627418951418951565e+01 8.725045695045695027e+01
2.295337085137085182e+02 3.626741702741702511e+01 8.730467532467532976e+01
2.296967676767676778e+02 3.625527657527657510e+01 8.749937469937469814e+01
2.296887542087542045e+02 3.606946608946608990e+01 8.746556036556036418e+01
2.296040500240500251e+02 3.603013949013949002e+01 8.726701298701298981e+01
2.294329100529100458e+02 3.578430014430014694e+01 8.710744588744589123e+01
2.292394997594997506e+02 3.559539201539201514e+01 8.680958152958153562e+01
2.290227513227513327e+02 3.535705627705628018e+01 8.650698412698412199e+01
2.286453775853775880e+02 3.526501202501202670e+01 8.610061568061567527e+01
2.283422895622895510e+02 3.493521885521885650e+01 8.581612313612313869e+01
2.280803655603655500e+02 3.476753246753246884e+01 8.564116402116401616e+01
2.279614814814814849e+02 3.459223665223665023e+01 8.554526214526214289e+01
2.278724579124579179e+02 3.458173160173160454e+01 8.528182780182780220e+01
2.278986339586339511e+02 3.464164502164501869e+01 8.528556998556999247e+01
2.280305531505531462e+02 3.489620971620971801e+01 8.538497354497354763e+01
2.281070418470418417e+02 3.501040885040885087e+01 8.547431457431457602e+01
2.281891005291005285e+02 3.507105339105338970e+01 8.559622895622895555e+01
2.283656661856661856e+02 3.529021645021644815e+01 8.579469937469937690e+01
2.284938528138528113e+02 3.539283309283309364e+01 8.576883116883116998e+01
2.285453872053872146e+02 3.554874458874459009e+01 8.578449254449255079e+01
2.288592784992785027e+02 3.572735930735930765e+01 8.623942279942279754e+01
2.291698412698412710e+02 3.586549302549302354e+01 8.663389129389129550e+01
2.292191534391534447e+02 3.592300144300144638e+01 8.667408369408369140e+01
2.291239345839345845e+02 3.553146705146705386e+01 8.662099086099085810e+01
2.289058874458874584e+02 3.534735930735930509e+01 8.630779220779220395e+01
2.285461760461760434e+02 3.492141414141413946e+01 8.603616161616162117e+01
2.280112938912938887e+02 3.452349206349206412e+01 8.551167869167869640e+01
2.276271380471380610e+02 3.422964886964886944e+01 8.501263107263106633e+01
2.275205868205868285e+02 3.429171717171717404e+01 8.489975949975949732e+01
2.279112650312650317e+02 3.463548821548821621e+01 8.524918710918710474e+01
2.283688792688792830e+02 3.495680615680615944e+01 8.585735449735449265e+01
2.287992496392496378e+02 3.553351611351611439e+01 8.636503126503126282e+01
2.289450312650312753e+02 3.563983645983645943e+01 8.634265512265511688e+01
2.290641558441558345e+02 3.564746512746512508e+01 8.648566618566619013e+01
2.291331505531505570e+02 3.583963443963443751e+01 8.646603174603174580e+01
2.291001443001443079e+02 3.573574795574795360e+01 8.652164502164502835e+01
2.288563251563251697e+02 3.555211159211159355e+01 8.615106301106301601e+01
2.282071380471380451e+02 3.506115440115440407e+01 8.548375180375180094e+01
2.278995189995189889e+02 3.467775853775853534e+01 8.516278018278018180e+01
2.280921596921596972e+02 3.494631072631072755e+01 8.541745069745070396e+01
2.287699855699855789e+02 3.550344396344396358e+01 8.624130832130832403e+01
2.291824531024531098e+02 3.584495430495430668e+01 8.659192881192880975e+01
2.288162097162097268e+02 3.542054834054834345e+01 8.620738816738817434e+01
2.279854160654160751e+02 3.467922077922077762e+01 8.531012025012024935e+01
2.275844252044252016e+02 3.429564213564213304e+01 8.472947570947570739e+01
2.274685040885040905e+02 3.414683982683983032e+01 8.459131313131312879e+01
2.271817508417508407e+02 3.384990860990860995e+01 8.422001924001924067e+01
2.266203078403078450e+02 3.333171717171717319e+01 8.360839826839827538e+01
2.255972775372775345e+02 3.252182780182780419e+01 8.268956228956228927e+01
2.248302837902838007e+02 3.192221260221260337e+01 8.179213083213083735e+01
2.245856758056758053e+02 3.174760942760942584e+01 8.154585858585858205e+01
2.245517941317941393e+02 3.181558441558441430e+01 8.151276575276575898e+01
2.247889850889851004e+02 3.186256854256854254e+01 8.186805194805194219e+01
2.250534680134680059e+02 3.215675805675805776e+01 8.210132756132756526e+01
2.251670995670995694e+02 3.256249158249158171e+01 8.209817219817219325e+01
2.255647426647426528e+02 3.292013468013468014e+01 8.252805194805195299e+01
2.262830880230880268e+02 3.342497354497354678e+01 8.319696007696008166e+01
2.270055988455988540e+02 3.376389610389610141e+01 8.420254930254930059e+01
2.270483213083213059e+02 3.371403559403559314e+01 8.442458874458874618e+01
2.267781433381433374e+02 3.346071188071188374e+01 8.400328042328042955e+01
2.262452910052909942e+02 3.305309283309283330e+01 8.341263107263107202e+01
2.256108417508417574e+02 3.246605098605098760e+01 8.271064935064934787e+01
2.250667051467051465e+02 3.219394901394901609e+01 8.223091871091871496e+01
2.245885040885040951e+02 3.185914381914382076e+01 8.184931216931217079e+01
2.241671380471380530e+02 3.159062049062049127e+01 8.113346801346801840e+01
2.240263011063011049e+02 3.139713323713323589e+01 8.104962000962001412e+01
2.240831649831649770e+02 3.160970658970659031e+01 8.108687830687830456e+01
2.243818278018277965e+02 3.197381433381433524e+01 8.150945646945646672e+01
2.248012121212121315e+02 3.241261183261183021e+01 8.182869648869649382e+01
2.248937277537277453e+02 3.233256373256373450e+01 8.197803751803752448e+01
2.248015007215007302e+02 3.231523809523809376e+01 8.187124579124579782e+01
2.248764790764790860e+02 3.239691197691197999e+01 8.189097643097643697e+01
2.252414430014430025e+02 3.271453583453583747e+01 8.214612794612794744e+01
2.256184607984608022e+02 3.277504569504569787e+01 8.252084656084656444e+01
2.257685714285714198e+02 3.287563251563251754e+01 8.273840307840308128e+01
2.257342472342472206e+02 3.281081289081289043e+01 8.263696007696007939e+01
2.255999807599807525e+02 3.266048100048099911e+01 8.260368446368445916e+01
2.254517941317941450e+02 3.256470418470418338e+01 8.250099086099086776e+01
2.253622222222222149e+02 3.263678691678691735e+01 8.219982683982684080e+01
2.252026070226070260e+02 3.246547378547378315e+01 8.216725348725348965e+01
2.250676190476190470e+02 3.233739297739298024e+01 8.197427609427609241e+01
2.251128811928811899e+02 3.247489177489177337e+01 8.190441558441558811e+01
2.252463684463684501e+02 3.263839345839345896e+01 8.203459355459355606e+01
2.254603655603655739e+02 3.282397306397306380e+01 8.234396344396344603e+01
2.257419913419913371e+02 3.313934583934583600e+01 8.251211159211159440e+01
2.258533621933621873e+02 3.328540644540644422e+01 8.264505050505050576e+01
2.259761135161135144e+02 3.342293410293410005e+01 8.276000962000962602e+01
2.262403848003847884e+02 3.342044252044252062e+01 8.323699855699855732e+01
2.264052332852332938e+02 3.329832611832611633e+01 8.332399230399229850e+01
2.265041847041846950e+02 3.335695045695045735e+01 8.332016354016353432e+01
2.264945935545935640e+02 3.325256373256372910e+01 8.338707070707070557e+01
2.264083116883116986e+02 3.315733525733525511e+01 8.327647907647907743e+01
2.262763155363155363e+02 3.321925925925926038e+01 8.302321308321307924e+01
2.262506974506974586e+02 3.328354978354978044e+01 8.302754208754208776e+01
2.260631168831168907e+02 3.325202501202501537e+01 8.294380952380952010e+01
2.259089081289081378e+02 3.310123136123136334e+01 8.280075998075997745e+01
2.256738720538720600e+02 3.281779701779701952e+01 8.253228475228475247e+01
2.254361135161135223e+02 3.267781625781626076e+01 8.238177008177008531e+01
2.253387878787878833e+02 3.237493025493025556e+01 8.239509379509379983e+01
2.252306012506012394e+02 3.230345358345358164e+01 8.230187590187590274e+01
2.252022991822991855e+02 3.228020202020201879e+01 8.224033670033669807e+01
2.252859066859066957e+02 3.232976430976430748e+01 8.240443482443482992e+01
2.252203174603174602e+02 3.256335738335738483e+01 8.219514189514190150e+01
2.253205579605579487e+02 3.270417508417508401e+01 8.217977873977874026e+01
2.252978835978836116e+02 3.281449735449735527e+01 8.204697450697450734e+01
2.250001443001443135e+02 3.249898989898989754e+01 8.182821548821549129e+01
2.246850408850408769e+02 3.229890331890332078e+01 8.144577200577199960e+01
2.246565752765752677e+02 3.219672919672919420e+01 8.134724386724386136e+01
2.245957960557960575e+02 3.217746993746993667e+01 8.146076960076959494e+01
2.245105627705627569e+02 3.199097643097643129e+01 8.155244829244828964e+01
2.244903799903799779e+02 3.199153439153439038e+01 8.140011544011544231e+01
2.243541414141414236e+02 3.190726310726310899e+01 8.115385281385280791e+01
2.242255315055315066e+02 3.180224146224146153e+01 8.113864357864358112e+01
2.243315343915344044e+02 3.181362193362193480e+01 8.139530543530543127e+01
2.245295141895142024e+02 3.209002405002404856e+01 8.158382876382876248e+01
2.246023665223665091e+02 3.215660413660413752e+01 8.172937950937951257e+01
2.245532467532467535e+02 3.199027417027416931e+01 8.167559403559403108e+01
2.244276479076478950e+02 3.183539201539201713e+01 8.156011544011543890e+01
2.246304569504569599e+02 3.202344396344396671e+01 8.161082251082251560e+01
2.246406926406926345e+02 3.212791726791726887e+01 8.165982683982683454e+01
2.246630110630110551e+02 3.213789321789321463e+01 8.165185185185184480e+01
2.246452717652717581e+02 3.212753246753246827e+01 8.153271765271765048e+01
2.246407599807599809e+02 3.212111592111592273e+01 8.157236171236171174e+01
2.248565175565175593e+02 3.219823953823954099e+01 8.178329004329003737e+01
2.248872631072630952e+02 3.220313612313612595e+01 8.180510822510822777e+01
2.247322655122655135e+02 3.214607022607022913e+01 8.159194805194805156e+01
2.245131024531024480e+02 3.198921596921596944e+01 8.136790764790764285e+01
2.246478980278980373e+02 3.213852813852813739e+01 8.145045695045695311e+01
2.248009812409812298e+02 3.226539682539682730e+01 8.153477633477633901e+01
2.248604713804713811e+02 3.227369889369889222e+01 8.173587301587301113e+01
2.248242712842712763e+02 3.226610870610870307e+01 8.160592592592593064e+01
2.248270129870129779e+02 3.220881192881192590e+01 8.158989898989898393e+01
2.249799807599807480e+02 3.207111111111110802e+01 8.194055796055796748e+01
2.250351130351130280e+02 3.205132275132275055e+01 8.208472342472342120e+01
2.252069360269360345e+02 3.217212121212121190e+01 8.236121212121211954e+01
2.253148917748917768e+02 3.219011063011063101e+01 8.241731601731601131e+01
2.252865127465127557e+02 3.202616642616642650e+01 8.244342472342472661e+01
2.252793169793169739e+02 3.217633477633477668e+01 8.241531505531506241e+01
2.255235978835978869e+02 3.261682539682539783e+01 8.268427128427128991e+01
2.256686676286676345e+02 3.277551707551707239e+01 8.294732082732082290e+01
2.258552958152958183e+02 3.317084175084175257e+01 8.322434824434824918e+01
2.261375853775853670e+02 3.349579605579605612e+01 8.348479076479075900e+01
2.264529485329485397e+02 3.360389610389610482e+01 8.350994708994709015e+01
2.267004040404040381e+02 3.379499759499759648e+01 8.370810004810005012e+01
2.269060413660413644e+02 3.390183742183742055e+01 8.386250120250120688e+01
2.269816546416546430e+02 3.395465127465127608e+01 8.406259740259740454e+01
2.269861952861952830e+02 3.407907647907647686e+01 8.402327080327080466e+01
2.271996536796536930e+02 3.412566618566618359e+01 8.442458874458874618e+01
2.273417123617123536e+02 3.412507936507936535e+01 8.461798941798942053e+01
2.274547570947570989e+02 3.410231842231841881e+01 8.486251082251082778e+01
2.275155363155363091e+02 3.430175084175084521e+01 8.497044733044732823e+01
2.274657431457431471e+02 3.417811447811448033e+01 8.498731120731120825e+01
2.273135545935545849e+02 3.415285233285233346e+01 8.446576238576238893e+01
2.272453775853775824e+02 3.427266955266955506e+01 8.422550264550264387e+01
2.274132371332371463e+02 3.435202501202500969e+01 8.434861952861952261e+01
2.275388263588263555e+02 3.454241462241462557e+01 8.443062049062048402e+01
2.279218085618085752e+02 3.485078403078403397e+01 8.490040404040404098e+01
2.283630591630591766e+02 3.507749879749879796e+01 8.556371332371332983e+01
2.284950360750360687e+02 3.512523328523328559e+01 8.587743145743145590e+01
2.284692640692640566e+02 3.512782106782106695e+01 8.592177008177007735e+01
2.284522077922077870e+02 3.515888407888407841e+01 8.598935064935065498e+01
2.286428667628667597e+02 3.539566137566137627e+01 8.617779701779701895e+01
2.287393746993747072e+02 3.524797498797498463e+01 8.605021645021645327e+01
2.286774025974025903e+02 3.506869648869648870e+01 8.585074555074555747e+01
2.285790764790764911e+02 3.485701779701779657e+01 8.594494468494468720e+01
2.285421260221260127e+02 3.503098605098605134e+01 8.579377585377585547e+01
2.287141414141414089e+02 3.515647907647907999e+01 8.593821067821068027e+01
2.288360750360750444e+02 3.528644540644540939e+01 8.607766233766233199e+01
2.289177392977393026e+02 3.531111111111111001e+01 8.620556036556035906e+01
2.290556902356902356e+02 3.555810485810485488e+01 8.644802308802309199e+01
2.294256758056758088e+02 3.596354016354016636e+01 8.682363636363636772e+01
2.296945646945646899e+02 3.603922077922077705e+01 8.723449735449734987e+01
2.296861471861471955e+02 3.579141895141895446e+01 8.734426166426166560e+01
2.296558730158730270e+02 3.570385762385762263e+01 8.723087061087061045e+01
2.297170851370851494e+02 3.561684463684463964e+01 8.719460317460317356e+01
2.297439730639730726e+02 3.560494468494468379e+01 8.721268879268879459e+01
2.296733525733525596e+02 3.547392015392015452e+01 8.712293410293411000e+01
2.293419143819143926e+02 3.537273689273689570e+01 8.682589706589706680e+01
2.290663684463684433e+02 3.516333814333814445e+01 8.654132756132756299e+01
2.287581625781625689e+02 3.498142376142376264e+01 8.597431457431457602e+01
2.284650986050986035e+02 3.472425204425204726e+01 8.563729677729678258e+01
2.282126503126503110e+02 3.450280904280904082e+01 8.542041366041365791e+01
2.281817893217893243e+02 3.455682539682539556e+01 8.530751322751322618e+01
2.280447811447811546e+02 3.450745550745551071e+01 8.528281866281865575e+01
2.280279268879268955e+02 3.441888407888407642e+01 8.528890812890813322e+01
2.277964983164983153e+02 3.416747474747474911e+01 8.499809523809523171e+01
2.275632034632034504e+02 3.402744588744588583e+01 8.481601731601732297e+01
2.272045502645502779e+02 3.385298701298701474e+01 8.443709475709475498e+01
2.269649927849927735e+02 3.376750360750360613e+01 8.416629148629148460e+01
2.269593746993747061e+02 3.376678210678210945e+01 8.406578162578162505e+01
2.267866474266474199e+02 3.369030303030302775e+01 8.388480038480038559e+01
2.264999615199615164e+02 3.354482924482924489e+01 8.363569023569023386e+01
2.264645310245310270e+02 3.340578162578162846e+01 8.348874458874459492e+01
2.263172101972101871e+02 3.312812890812890743e+01 8.317438191438191097e+01
2.261361423761423737e+02 3.302307840307840081e+01 8.292416546416546907e+01
2.260950360750360630e+02 3.288205868205868398e+01 8.295866281866281611e+01
2.259535353535353579e+02 3.283820105820105795e+01 8.279796055796056464e+01
2.259982395382395453e+02 3.301529581529581492e+01 8.276871572871573335e+01
2.257674170274170251e+02 3.303753727753727532e+01 8.267866281866281497e+01
2.255426455026455130e+02 3.297093795093795165e+01 8.253023569023568484e+01
2.253345454545454629e+02 3.287506493506493399e+01 8.215809523809524251e+01
2.252193073593073507e+02 3.271992303992303874e+01 8.216447330447330444e+01
2.251288407888407903e+02 3.254526214526214289e+01 8.209136123136123331e+01
2.248881096681096778e+02 3.249062049062049340e+01 8.177579605579605015e+01
2.247443290043290176e+02 3.211622895622895868e+01 8.164291486291486422e+01
2.243307840307840308e+02 3.184556036556036673e+01 8.118645502645502177e+01
2.240378643578643505e+02 3.170779220779220609e+01 8.083953823953824269e+01
2.238929677729677792e+02 3.154998556998556936e+01 8.069716209716209221e+01
2.238589802789802832e+02 3.158874458874458924e+01 8.080273208273207786e+01
2.239730543530543514e+02 3.162185666185666122e+01 8.085334295334295973e+01
2.238216354016354046e+02 3.147693121693121654e+01 8.067816257816258485e+01
2.237609331409331332e+02 3.148162578162578029e+01 8.058725348725349136e+01
2.237941125541125587e+02 3.143495911495911344e+01 8.060350168350169042e+01
2.239025012025012131e+02 3.147242905242905309e+01 8.068006734006733893e+01
2.239387590187590149e+02 3.148784992784992909e+01 8.070005772005771405e+01
2.238248965848965781e+02 3.139768157768157764e+01 8.058854256854256448e+01
2.237385473785473664e+02 3.134902356902356857e+01 8.056178932178931973e+01
2.237493506493506459e+02 3.135570947570947453e+01 8.062509860509860005e+01
2.238118903318903392e+02 3.139660413660413596e+01 8.082045214045214720e+01
2.238299182299182348e+02 3.144896584896584812e+01 8.088764790764790291e+01
2.238335449735449743e+02 3.148157768157768288e+01 8.093649831649831583e+01
2.239281866281866371e+02 3.147494949494949523e+01 8.094547378547378003e+01
2.241635978835978733e+02 3.154202982202982142e+01 8.102209716209716817e+01
2.242059451659451668e+02 3.160089466089466015e+01 8.109056277056276940e+01
2.242967484367484303e+02 3.160885040885040809e+01 8.100288600288600094e+01
2.242871957671957546e+02 3.166596440596440587e+01 8.088657046657046124e+01
2.242928330928330922e+02 3.171294853294853411e+01 8.082490620490619904e+01
2.243623761423761493e+02 3.176614718614718669e+01 8.097724867724868147e+01
2.243490620490620415e+02 3.192144300144300217e+01 8.103285233285232891e+01
2.243896103896103966e+02 3.207837421837421488e+01 8.100839826839826685e+01
2.242894372294372261e+02 3.196879268879268921e+01 8.088947570947570398e+01
2.240495622895622887e+02 3.184585858585858631e+01 8.060677248677248485e+01
2.240151707551707432e+02 3.175020683020683165e+01 8.060258778258777568e+01
2.241482539682539823e+02 3.174750360750360656e+01 8.073494949494948969e+01
2.242890043290043423e+02 3.181934583934583927e+01 8.093857623857623196e+01
2.241529389129389074e+02 3.169886483886483930e+01 8.098929292929292956e+01
2.241073881673881658e+02 3.170837902837902789e+01 8.081967291967292510e+01
2.240871957671957659e+02 3.170983164983164926e+01 8.096303030303030823e+01
2.240106782106782077e+02 3.161761423761423728e+01 8.097881673881673237e+01
2.238066762866762929e+02 3.148607022607022543e+01 8.085518037518038170e+01
2.237143915343915239e+02 3.141756613756613703e+01 8.072170274170274240e+01
2.237991053391053526e+02 3.148773448773448891e+01 8.083248677248677438e+01
2.237199230399230316e+02 3.132986050986050941e+01 8.064371332371332812e+01
2.237991438191438078e+02 3.137727753727753566e+01 8.063731601731602439e+01
2.237074362674362646e+02 3.122563732563732586e+01 8.056111592111592756e+01
2.237307551707551738e+02 3.129213083213083380e+01 8.042611832611832767e+01
2.238355555555555441e+02 3.140239538239538319e+01 8.061441077441077141e+01
2.239847138047138060e+02 3.159175565175565126e+01 8.092000962000962261e+01
2.241419913419913428e+02 3.168559884559884665e+01 8.096255892255892661e+01
2.242562866762866634e+02 3.175588263588263516e+01 8.130693602693602884e+01
2.243592881192881237e+02 3.172443482443482310e+01 8.141506493506493314e+01
2.243551130351130212e+02 3.188133718133718020e+01 8.133119769119768705e+01
2.244382972582972684e+02 3.193146705146705244e+01 8.136694564694565202e+01
2.244330351130351175e+02 3.195506493506493584e+01 8.133790283790283127e+01
2.244328619528619413e+02 3.203696969696969887e+01 8.121513227513227662e+01
2.242942472342472229e+02 3.190147186147186176e+01 8.099268879268879573e+01
2.242165367965367864e+02 3.182985088985088851e+01 8.089778739778739691e+01
2.243426358826358751e+02 3.190470418470418323e+01 8.103758537758537273e+01
2.244535353535353579e+02 3.202617604617604741e+01 8.120556998556997996e+01
2.245490139490139541e+02 3.214672438672438659e+01 8.147620971620970920e+01
2.247785088985089033e+02 3.230150072150072305e+01 8.158408850408849844e+01
2.248836459836459767e+02 3.235032227032227325e+01 8.176587782587782272e+01
2.249561519961519878e+02 3.229986531986531872e+01 8.200280904280904792e+01
2.248175949975949948e+02 3.215943241943242015e+01 8.186987012987013657e+01
2.249981529581529571e+02 3.232495430495430355e+01 8.200506012506012610e+01
2.252971813371813425e+02 3.262753246753246827e+01 8.237331409331409304e+01
2.256342472342472263e+02 3.285679653679653711e+01 8.279622895622895840e+01
2.256952573352573381e+02 3.286593554593554245e+01 8.277417989417989475e+01
2.257826070226070101e+02 3.289667147667147873e+01 8.289448773448773977e+01
2.259548725348725213e+02 3.296101972101972422e+01 8.296461760461760093e+01
2.261916883116883241e+02 3.325896103896103995e+01 8.316544492544493039e+01
2.262631457431457420e+02 3.322213564213564041e+01 8.331062049062049368e+01
2.265428282828282818e+02 3.348604136604136272e+01 8.348808080808080945e+01
2.266109764309764216e+02 3.357294853294852999e+01 8.354713804713804848e+01
2.266766041366041406e+02 3.366505050505050178e+01 8.376366522366522815e+01
2.269130928330928327e+02 3.364341510341510144e+01 8.395872053872054153e+01
2.272664935064935037e+02 3.398567580567580393e+01 8.430898508898508226e+01
2.276185762385762246e+02 3.434331890331890236e+01 8.472356902356902708e+01
2.278013468013467957e+02 3.446757094757094819e+01 8.500677248677249054e+01
2.277206156806156798e+02 3.435844155844155523e+01 8.488024050024050382e+01
2.272430014430014467e+02 3.394417508417508600e+01 8.451721019721020411e+01
2.270779605579605516e+02 3.375517075517075227e+01 8.421263107263106917e+01
2.268739490139490158e+02 3.369781625781625678e+01 8.392027898027897947e+01
2.267973737373737322e+02 3.380710918710918378e+01 8.379247715247714723e+01
2.266846657046657185e+02 3.380719576719576480e+01 8.359273689273689456e+01
2.264775757575757495e+02 3.363610389610389717e+01 8.324647426647426585e+01
2.261321596921596893e+02 3.341164983164983227e+01 8.296657046657045953e+01
2.259014430014429990e+02 3.311540163540163206e+01 8.264038480038479406e+01
2.257266859066859013e+02 3.289670033670033433e+01 8.256326118326119001e+01
2.256856277056276951e+02 3.282932178932178857e+01 8.245840307840308014e+01
2.255124001924001789e+02 3.262698412698412653e+01 8.223077441077441563e+01
2.252800865800865893e+02 3.246194324194323855e+01 8.197412217412217217e+01
2.251352861952861986e+02 3.257265993265993131e+01 8.178656084656084602e+01
2.248488792688792728e+02 3.236571428571428299e+01 8.156379990379990375e+01
2.247233958633958650e+02 3.227847041847041965e+01 8.142869648869648813e+01
2.247466474266474279e+02 3.228679172679172638e+01 8.146816738816738734e+01
2.246760365560365642e+02 3.222265512265511944e+01 8.141430495430495284e+01
2.246238768638768590e+02 3.206072150072149896e+01 8.127287157287157982e+01
2.246605002405002267e+02 3.199746031746031605e+01 8.137930735930736148e+01
2.246638287638287750e+02 3.195002405002405155e+01 8.135020683020682952e+01
2.246147570947570955e+02 3.181930735930735921e+01 8.128734006734006812e+01
2.246870707070707169e+02 3.190343434343434481e+01 8.144152958152957922e+01
2.246288792688792739e+02 3.197380471380471434e+01 8.142167388167388253e+01
2.244475805675805589e+02 3.195535353535353451e+01 8.116557960557960882e+01
2.242205964405964380e+02 3.186913900913900832e+01 8.088374218374218572e+01
2.237486676286676186e+02 3.148806156806156764e+01 8.040438672438672540e+01
2.234640692640692521e+02 3.134771524771524653e+01 8.002603174603174807e+01
2.233115055315055315e+02 3.125642135642135599e+01 7.983539201539201713e+01
2.232358826358826320e+02 3.131819143819143747e+01 7.973257335257335399e+01
2.231670995670995694e+02 3.127095719095719062e+01 7.963565175565175025e+01
2.229950360750360687e+02 3.107399711399711251e+01 7.958174122174122544e+01
2.227180182780182918e+02 3.089113035113035011e+01 7.926239538239538263e+01
2.227170851370851494e+02 3.077679653679653526e+01 7.924304954304953696e+01
2.226974506974507051e+02 3.065855699855699967e+01 7.915244829244829816e+01
2.226799422799422814e+02 3.063975949975949931e+01 7.917253487253486810e+01
2.224562962962963013e+02 3.042746512746512622e+01 7.905576719576720279e+01
2.223028956228956190e+02 3.030436748436748573e+01 7.884327080327079784e+01
2.222217604617604536e+02 3.038895622895622850e+01 7.876055796055796066e+01
2.221545646945646979e+02 3.027891293891293856e+01 7.896843674843674421e+01
2.220556325156325101e+02 3.034766714766714912e+01 7.884853294853294869e+01
2.213038191438191404e+02 2.970249158249158228e+01 7.793743145743145817e+01
2.206290812890812845e+02 2.921420875420875518e+01 7.718579124579125050e+01
2.216555555555555657e+02 3.001644059644059581e+01 7.836695526695527292e+01
2.207809812409812480e+02 2.912866762866762826e+01 7.729039923039923110e+01
2.212204136604136693e+02 2.955265031265031439e+01 7.770468494468494214e+01
2.209262530062530061e+02 2.931699855699855561e+01 7.751744107744107737e+01
2.210701587301587381e+02 2.944528138528138683e+01 7.757774891774892012e+01
2.208673593073592940e+02 2.929670033670033646e+01 7.744398268398268215e+01
2.209411832611832551e+02 2.938224146224146338e+01 7.751170755170754489e+01
2.205706878306878309e+02 2.906288600288600321e+01 7.708560846560845903e+01
2.204387878787878776e+02 2.895628667628667685e+01 7.692908128908129584e+01
2.205252813852813745e+02 2.894192400192400072e+01 7.701265031265030814e+01
2.203055796055795952e+02 2.877174603174603007e+01 7.683085137085137717e+01
2.202309090909090799e+02 2.871186147186147153e+01 7.683903799903799836e+01
2.202374218374218344e+02 2.877868205868205820e+01 7.691490139490139200e+01
2.202682732082732002e+02 2.876026936026936198e+01 7.694968734968735191e+01
2.203603270803270675e+02 2.893696007696007655e+01 7.701423761423761505e+01
2.201362866762866872e+02 2.875859547859547760e+01 7.664609908609908473e+01
2.201060221260221397e+02 2.888748436748436887e+01 7.663621933621934090e+01
2.200181144781144837e+02 2.877594035594035660e+01 7.660403078403078325e+01
2.201176815776815658e+02 2.887310245310245449e+01 7.669226551226550725e+01
2.200033573833573826e+02 2.880520442520442614e+01 7.654198172198172756e+01
2.197721404521404622e+02 2.869656565656565661e+01 7.629999037999037625e+01
2.197742087542087575e+02 2.878571428571428470e+01 7.617842231842232081e+01
2.199767484367484371e+02 2.889838383838383962e+01 7.641507455507455404e+01
2.200835016835016802e+02 2.897362193362193494e+01 7.654787878787878697e+01
2.198987782587782647e+02 2.891682539682539854e+01 7.627138047138046772e+01
2.199636844636844728e+02 2.893769119769119769e+01 7.636683020683020118e+01
2.200923039923039823e+02 2.888129870129870014e+01 7.644843674843674819e+01
2.200895238095237971e+02 2.875645983645983605e+01 7.668759980759980976e+01
2.199870129870129745e+02 2.864571428571428413e+01 7.651340067340066753e+01
2.200630976430976489e+02 2.865911495911495876e+01 7.666300144300144837e+01
2.199957094757094751e+02 2.874785954785954800e+01 7.662789802789802707e+01
2.200993746993746925e+02 2.897173641173641201e+01 7.671146705146705358e+01
2.201989610389610448e+02 2.892666666666666586e+01 7.668932178932179511e+01
2.203913997113997141e+02 2.919403559403559356e+01 7.681564213564213617e+01
2.207172005772005718e+02 2.946191438191438294e+01 7.721511303511303481e+01
2.211715728715728631e+02 2.975153439153439194e+01 7.776512746512746332e+01
2.217331601731601722e+02 3.030113516113516070e+01 7.841567099567099319e+01
2.221724963924963845e+02 3.062042328042328165e+01 7.893372775372775152e+01
2.224045887445887502e+02 3.064455026455026498e+01 7.911146705146704505e+01
2.223338816738816774e+02 3.057316979316979300e+01 7.902440596440595755e+01
2.222455411255411377e+02 3.045839345839345924e+01 7.876481000481000194e+01
2.222918326118326036e+02 3.047351611351611211e+01 7.866195286195285519e+01
2.222915824915824885e+02 3.047933621933621851e+01 7.862474266474266926e+01
2.221825685425685322e+02 3.044455988455988305e+01 7.843686387686388173e+01
2.220881289081289083e+02 3.037765271765271891e+01 7.837421837421837267e+01
2.219898220298220224e+02 3.030379990379990218e+01 7.846803270803270891e+01
2.221013179413179444e+02 3.033679653679653754e+01 7.863532467532468218e+01
2.221960365560365460e+02 3.057860509860509879e+01 7.892319384319384312e+01
2.226611928811928749e+02 3.085325637325637160e+01 7.937149591149591288e+01
2.232024434824434707e+02 3.131518037518037545e+01 7.999175565175565339e+01
2.236925444925444992e+02 3.163493025493025357e+01 8.042291486291486535e+01
2.239379509379509443e+02 3.181697931697931736e+01 8.067908609908609208e+01
2.240795959595959630e+02 3.206586820586820608e+01 8.069314093314093839e+01
2.245046368446368490e+02 3.236928330928331121e+01 8.121145743145743268e+01
2.248330639730639859e+02 3.260100048100048298e+01 8.154494468494468151e+01
2.247278884078884005e+02 3.244871572871572596e+01 8.151868205868206019e+01
2.248465704665704550e+02 3.264464646464646336e+01 8.145275613275613580e+01
2.247306012506012394e+02 3.248865800865800679e+01 8.141260221260220931e+01
2.247543530543530608e+02 3.245425685425685458e+01 8.148336700336700744e+01
2.246120250120250148e+02 3.238055796055795810e+01 8.140558922558922461e+01
2.248474458874459003e+02 3.242698412698412369e+01 8.168176046176046157e+01
2.250173833573833519e+02 3.246834054834054939e+01 8.188318422318423018e+01
2.251095430495430492e+02 3.249548821548821564e+01 8.206384800384800826e+01
2.250073593073593088e+02 3.247680615680615546e+01 8.206619528619528126e+01
2.249658585858585980e+02 3.238624338624338606e+01 8.208235690235690640e+01
2.249219817219817230e+02 3.245678691678691763e+01 8.170658970658971043e+01
2.248767195767195801e+02 3.244667628667628634e+01 8.154069264069264023e+01
2.247169408369408359e+02 3.234938912938913091e+01 8.137046657046657572e+01
2.245703607503607486e+02 3.224009620009619681e+01 8.117644059644059951e+01
2.244830110630110767e+02 3.214820586820587067e+01 8.098255892255892263e+01
2.242538143338143470e+02 3.185832611832611860e+01 8.099774891774892183e+01
2.241239923039923099e+02 3.172055796055796151e+01 8.078845598845599341e+01
2.239930254930254989e+02 3.158331890331890435e+01 8.074656084656083976e+01
2.238601539201539197e+02 3.152265512265512371e+01 8.057326599326599137e+01
2.238332178932178920e+02 3.131316979316979143e+01 8.062836940836940869e+01
2.236555844155844284e+02 3.121449735449735385e+01 8.047747955747955473e+01
2.235714478114478254e+02 3.117726791726791902e+01 8.042034632034632580e+01
2.235574506974506903e+02 3.121400673400673398e+01 8.030654160654160023e+01
2.234151034151034025e+02 3.104566618566618530e+01 8.025325637325637729e+01
2.233273496873496811e+02 3.106240500240500069e+01 8.013279461279461202e+01
2.233396151996151957e+02 3.110589706589706438e+01 8.004260702260702942e+01
2.233005675805675878e+02 3.105057239057239116e+01 8.002296296296296418e+01
2.231475805675805759e+02 3.099245791245791182e+01 8.000658008658008669e+01
2.229415103415103374e+02 3.088442520442520589e+01 7.961952861952862293e+01
2.228910052910052855e+02 3.083131313131313078e+01 7.960669552669553184e+01
2.228633670033670171e+02 3.085217893217893348e+01 7.960822510822511333e+01
2.229317941317941347e+02 3.093910533910533900e+01 7.947518037518037204e+01
2.227730832130832255e+02 3.078961038961038810e+01 7.920834054834054427e+01
2.226105435305435378e+02 3.054557960557960428e+01 7.909327561327560829e+01
2.226099374699374778e+02 3.068835016835016916e+01 7.900099086099086776e+01
