2.001104631927212552e+02 1.919243176178660093e+01 7.465607940446649593e+01
2.003633995037220927e+02 1.943635235732010003e+01 7.496017369727047708e+01
2.002418527708850320e+02 1.949813895781637640e+01 7.488184449958643540e+01
1.998480562448304454e+02 1.943870967741935374e+01 7.465425971877584743e+01
2.000121174524400374e+02 1.941149710504549120e+01 7.442224979321753153e+01
1.999707609594706241e+02 1.935124069478908027e+01 7.403933002481389281e+01
2.000246071133167902e+02 1.918291976840363944e+01 7.365020678246484920e+01
1.994076509511993436e+02 1.900802315963606404e+01 7.264325889164598493e+01
1.991680727874276329e+02 1.871170388751033897e+01 7.189197684036393809e+01
1.991542597187758474e+02 1.865769230769230802e+01 7.127406947890818856e+01
1.992533498759305246e+02 1.869954507857733716e+01 7.105839536807279444e+01
1.992864764267989983e+02 1.882320099255583301e+01 7.102903225806451815e+01
1.993399917287013920e+02 1.864776674937965240e+01 7.128155500413565449e+01
1.994337468982630241e+02 1.858891645988420294e+01 7.174888337468982513e+01
1.994711331679073680e+02 1.853742762613730477e+01 7.205963606286186973e+01
1.995870140612076113e+02 1.854751861042183592e+01 7.199346567411083697e+01
1.996511579818031521e+02 1.861265508684863690e+01 7.210781637717121839e+01
1.996057485525227548e+02 1.866960297766749477e+01 7.194387923904052684e+01
1.996556244830438516e+02 1.863676592224979345e+01 7.206335814722910982e+01
1.996343258891645860e+02 1.859520264681555091e+01 7.200818858560793956e+01
1.995560794044664874e+02 1.861509511993383015e+01 7.223966087675765380e+01
1.996154673283705563e+02 1.877158808933002376e+01 7.198110008271298454e+01
1.996400744416873465e+02 1.878105872622001726e+01 7.206368899917286797e+01
1.998145574855252278e+02 1.892460711331679235e+01 7.194392059553349839e+01
1.997474358974359063e+02 1.886282051282051242e+01 7.192191894127377338e+01
1.999193961952026370e+02 1.891162117452439873e+01 7.188325062034739688e+01
1.999088916459884331e+02 1.881927212572373875e+01 7.185814722911497654e+01
1.999664185277088393e+02 1.878527708850289457e+01 7.208796526054590004e+01
2.000783705541770132e+02 1.868329197684036558e+01 7.205851943755169486e+01
2.000759305210918058e+02 1.862237386269644190e+01 7.216629445822994171e+01
1.999817617866004866e+02 1.870740281224152213e+01 7.208916459884201799e+01
2.000285359801488880e+02 1.871782464846981142e+01 7.212998345740281536e+01
1.999311000827129874e+02 1.876050454921422528e+01 7.209015715467327823e+01
1.997038047973531718e+02 1.868122415219189492e+01 7.202824648469810143e+01
1.993744416873449268e+02 1.841075268817204247e+01 7.178010752688172147e+01
1.989940860215053817e+02 1.840177832919768264e+01 7.139760132340776977e+01
1.989457816377171184e+02 1.851335814722911621e+01 7.134412737799834758e+01
1.990219189412737819e+02 1.859917287014061316e+01 7.125471464019851453e+01
1.989885028949545074e+02 1.881997518610421949e+01 7.095831265508684282e+01
1.990061207609594760e+02 1.886414392059553435e+01 7.079669148056244410e+01
1.990162944582299360e+02 1.891058726220016695e+01 7.078023159636062189e+01
1.991468155500413673e+02 1.897357320099255418e+01 7.084722911497105713e+01
1.990882961124896724e+02 1.881232423490488159e+01 7.109441687344913419e+01
1.989639371381306887e+02 1.883800661703887513e+01 7.111865177832919471e+01
1.989472291149710372e+02 1.886617038875103347e+01 7.123345740281223470e+01
1.990297766749379775e+02 1.862506203473945376e+01 7.127071960297766395e+01
1.990439205955335069e+02 1.875760959470636990e+01 7.125293631100082337e+01
1.990679487179487239e+02 1.889354838709677509e+01 7.113701406120760851e+01
1.989878411910669911e+02 1.873043837882547535e+01 7.133387096774193026e+01
1.990288254755996604e+02 1.874441687344913277e+01 7.125417700578991287e+01
1.991150124069478977e+02 1.879545078577336525e+01 7.127245657568238357e+01
1.990761373035566635e+02 1.879950372208436704e+01 7.155148883374690172e+01
1.991105872622001698e+02 1.864106699751861029e+01 7.166695616211745801e+01
1.991813482216707882e+02 1.869168734491315220e+01 7.176459884201820216e+01
1.990549627791563410e+02 1.865806451612903061e+01 7.197336641852770356e+01
1.990691894127378134e+02 1.880694789081885787e+01 7.189611248966087942e+01
1.989468982630272933e+02 1.872795698924731056e+01 7.183788254755997116e+01
1.990433002481389622e+02 1.879015715467328462e+01 7.180289495450786319e+01
1.991217121588089469e+02 1.872497932175351565e+01 7.178660049627791295e+01
1.991667493796526003e+02 1.887853598014888235e+01 7.171749379652605683e+01
1.992397435897435969e+02 1.873143093465674269e+01 7.155508684863524138e+01
1.992423076923076906e+02 1.876699751861042031e+01 7.137502067824648577e+01
1.990643093465673985e+02 1.861716294458230081e+01 7.161050454921422670e+01
1.986551695616211646e+02 1.848982630272952932e+01 7.149040529363109897e+01
1.983777502067824514e+02 1.833407775020678088e+01 7.142770885028949124e+01
1.981769230769230887e+02 1.830508684863523428e+01 7.131997518610421594e+01
1.983837882547559843e+02 1.824090157154673264e+01 7.139470636889991795e+01
1.984520264681555091e+02 1.830856079404466641e+01 7.142866004962779414e+01
1.983653019023986701e+02 1.821923076923076934e+01 7.136976840363936958e+01
1.984112489660876690e+02 1.831848635235731848e+01 7.130512820512819872e+01
1.984363523573200894e+02 1.821116625310173731e+01 7.112758478081059366e+01
1.985127377998345821e+02 1.828779983457402736e+01 7.111559139784945671e+01
1.985284532671629449e+02 1.805504549214226628e+01 7.138172043010752077e+01
1.984151778329197668e+02 1.803370554177005758e+01 7.146757650951199992e+01
1.984326716294458208e+02 1.797725392886683338e+01 7.153329197684035989e+01
1.984855252274606983e+02 1.793668320926385462e+01 7.139189412737799501e+01
1.984808933002481410e+02 1.801368899917287081e+01 7.129445822994209436e+01
1.982074028122415257e+02 1.823978494623655777e+01 7.123800661703887727e+01
1.982355252274606983e+02 1.830930521091811514e+01 7.097729528535980137e+01
1.982544251447477279e+02 1.829487179487179560e+01 7.112650951199337612e+01
1.983279983457402693e+02 1.846621174524400288e+01 7.080574855252274347e+01
1.983241108354011715e+02 1.848002481389578122e+01 7.076443341604631598e+01
1.984181141439206044e+02 1.852894954507857861e+01 7.069892473118279952e+01
1.983556244830438402e+02 1.850401157981803024e+01 7.073002481389578122e+01
1.984451612903225737e+02 1.860024813895781648e+01 7.071873449131513212e+01
1.982745244003308471e+02 1.874267990074441670e+01 7.062952853598014258e+01
1.983575682382133891e+02 1.865926385442514501e+01 7.065136476426799561e+01
1.983719602977667478e+02 1.860566583953680819e+01 7.058126550868486504e+01
1.983650537634408693e+02 1.862369727047146384e+01 7.063523573200993155e+01
1.983818031430934639e+02 1.855711331679073695e+01 7.052303556658395678e+01
1.985754342431761756e+02 1.842071960297766609e+01 7.072009925558312204e+01
1.985776261373035538e+02 1.852464846980976176e+01 7.080334987593052176e+01
1.984712158808933111e+02 1.858995037220843827e+01 7.081877584780811219e+01
1.983975186104218267e+02 1.854036393713813169e+01 7.077328370554177184e+01
1.980514061207609586e+02 1.851782464846980858e+01 7.052737799834574162e+01
1.978538461538461490e+02 1.830533498759305289e+01 7.039528535980149115e+01
1.976480148883374568e+02 1.813118279569892621e+01 7.020128205128204968e+01
1.977219602977667421e+02 1.821786600496277941e+01 7.032588916459884842e+01
1.977866418527708845e+02 1.822531017369727024e+01 7.035876757650950708e+01
1.979734904880066040e+02 1.814735318444995826e+01 7.029503722084366757e+01
1.979228701406120763e+02 1.825798180314309249e+01 7.026153846153846416e+01
1.979388751033912399e+02 1.834855252274607196e+01 7.027117452440033674e+01
1.978860628618693056e+02 1.831869313482216555e+01 7.045657568238213742e+01
1.977677419354838833e+02 1.834619520264681469e+01 7.037274607113316449e+01
1.978015301902398733e+02 1.843411910669975029e+01 7.025380479735318318e+01
1.977499586435070285e+02 1.837398676592225044e+01 7.034516129032257936e+01
1.976215053763440892e+02 1.833341604631927169e+01 7.032911497105045839e+01
1.976908602150537604e+02 1.831277915632754372e+01 7.037473118279569917e+01
1.977662531017369645e+02 1.818854425144747822e+01 7.050636889991729106e+01
1.978464019851116689e+02 1.832791563275434399e+01 7.037096774193548754e+01
1.980039288668320978e+02 1.824805624483043687e+01 7.035355665839536243e+01
1.979204714640198404e+02 1.825421836228287731e+01 7.038382961124897008e+01
1.980144747725393017e+02 1.828899917287014176e+01 7.050020678246484351e+01
1.979049627791563353e+02 1.811459884201819648e+01 7.060765095119933221e+01
1.980035566583953539e+02 1.824396195202646709e+01 7.045922249793217418e+01
1.979782051282051327e+02 1.825632754342431596e+01 7.054313482216707598e+01
1.978722911497104917e+02 1.821530190239867508e+01 7.070595533498759266e+01
1.978662531017369588e+02 1.826923076923077005e+01 7.049371381306865203e+01
1.980047559966914719e+02 1.843097601323407631e+01 7.064301075268816987e+01
1.980020264681554920e+02 1.848093465674110902e+01 7.049371381306865203e+01
1.981052522746071247e+02 1.852965260545905579e+01 7.053614557485525438e+01
1.981669148056244865e+02 1.843031430934656711e+01 7.051153846153846416e+01
1.981769644334160603e+02 1.841790736145575025e+01 7.057005789909015903e+01
1.980250620347394488e+02 1.840132340777502051e+01 7.043378825475599569e+01
1.979767990074441570e+02 1.826757650951199352e+01 7.027812241521918679e+01
1.976690239867659216e+02 1.823250620347394602e+01 7.010951199338296647e+01
1.973257237386269765e+02 1.810103391232423320e+01 7.014119106699752138e+01
1.973593879239040518e+02 1.812489660876757824e+01 7.007278742762613888e+01
1.972633581472291269e+02 1.812121588089329904e+01 7.001058726220016126e+01
1.974704301075268802e+02 1.817481389578163942e+01 7.010479735318445194e+01
1.977293631100082791e+02 1.819305210918114213e+01 7.030363937138130837e+01
1.977202646815549940e+02 1.831629445822994384e+01 7.021062861869313565e+01
1.975852770885028917e+02 1.832171215880893200e+01 7.022179487179487012e+01
1.977031017369727124e+02 1.848763440860215113e+01 7.014739454094292626e+01
1.974386683209263822e+02 1.843482216708023103e+01 7.007584780810587688e+01
1.974971877584780771e+02 1.844950372208436562e+01 7.009408602150537604e+01
1.974620760959470545e+02 1.838837882547559843e+01 7.008325062034739972e+01
1.975516542597187879e+02 1.820339123242349189e+01 7.016224152191894348e+01
1.975655913978494596e+02 1.820161290322580783e+01 7.023105872622001300e+01
1.976099255583126535e+02 1.818813068651778408e+01 7.016393713813069155e+01
1.976131513647642635e+02 1.814230769230769269e+01 7.043287841191066434e+01
1.977216708023159697e+02 1.825976013234077655e+01 7.024197684036393241e+01
1.977774193548387132e+02 1.820297766749379775e+01 7.031530190239867295e+01
1.977116211745243959e+02 1.810053763440860308e+01 7.044239040529363649e+01
1.978629445822994342e+02 1.818713813068651675e+01 7.043837882547559559e+01
1.976979735318444966e+02 1.804569892473118387e+01 7.053250620347394317e+01
1.978841191066997567e+02 1.813403639371381360e+01 7.042473118279569633e+01
1.977753515301902496e+02 1.823081058726220149e+01 7.052328370554177184e+01
1.978340777502067738e+02 1.850930521091811443e+01 7.039511993382960497e+01
1.977663358147229076e+02 1.846542597187758616e+01 7.042593052109181428e+01
1.978731596360628657e+02 1.859520264681555091e+01 7.040831265508684567e+01
1.978331679073614566e+02 1.849301075268817129e+01 7.056889991728701261e+01
1.978568651778329297e+02 1.858676592224979274e+01 7.038610421836227715e+01
1.976542597187758474e+02 1.835636889991728538e+01 7.027994210090984950e+01
1.974182382133994906e+02 1.817051282051281902e+01 7.010363937138130552e+01
1.971423076923076962e+02 1.819797353184450017e+01 6.980144747725393017e+01
1.970578577336641786e+02 1.806083540115798058e+01 6.977497932175351991e+01
1.971798593879238979e+02 1.820132340777502122e+01 6.997923904052936450e+01
1.971543837882547621e+02 1.807349048800661606e+01 7.001050454921423238e+01
1.973480976013234169e+02 1.812944582299421015e+01 7.024954507857734143e+01
1.972619933829611227e+02 1.812096774193548399e+01 7.020570719602977761e+01
1.973635235732009789e+02 1.812138130686517812e+01 7.027084367245657859e+01
1.974742349048800634e+02 1.804818031430934511e+01 7.034809760132340273e+01
1.975517369727047026e+02 1.790822994210090968e+01 7.024760132340777830e+01
1.975546319272125686e+02 1.796108354011579777e+01 7.016848635235731990e+01
1.974287014061207515e+02 1.814677419354838861e+01 6.987638544251447570e+01
1.973670802315963613e+02 1.798722084367245699e+01 6.994023986765921563e+01
1.974320512820512761e+02 1.810086848635235768e+01 6.989830438378825761e+01
1.972354838709677551e+02 1.827245657568238357e+01 6.987477253928867071e+01
1.972917287014061287e+02 1.829267990074441741e+01 6.987704714640199199e+01
1.972399917287013977e+02 1.852824648469809787e+01 6.977729528535979853e+01
1.973437965260546036e+02 1.850016542597187907e+01 6.981546732837055913e+01
1.973792390405293702e+02 1.825256410256410433e+01 6.998411910669975100e+01
1.976193548387096826e+02 1.812985938792390428e+01 7.025401157981802669e+01
1.975806038047973630e+02 1.820028949545078589e+01 7.025756823821339481e+01
1.975184863523573142e+02 1.807390405293631019e+01 7.024301075268817840e+01
1.976342431761786713e+02 1.805769230769230660e+01 7.032258064516129537e+01
1.976384201819685700e+02 1.818205128205128318e+01 7.041352357320099031e+01
1.975556658395368004e+02 1.817973531844499746e+01 7.044516129032257368e+01
1.975806865177833060e+02 1.833928866832092552e+01 7.026935483870967403e+01
1.975922663358147133e+02 1.830951199338296220e+01 7.040806451612903061e+01
1.975301075268817215e+02 1.834900744416873408e+01 7.028813068651778906e+01
1.972691480562448305e+02 1.831699751861042103e+01 7.032985938792390357e+01
1.970287841191066889e+02 1.808693134822167181e+01 7.014470636889991795e+01
1.968200165425971875e+02 1.793238213399503778e+01 7.003147229114971140e+01
1.966813895781637598e+02 1.786042183622828716e+01 7.002394540942927392e+01
1.967107113316790787e+02 1.793345740281224110e+01 6.995926385442514572e+01
1.969019437551695546e+02 1.797820512820512917e+01 6.987712985938792087e+01
1.969303970223324995e+02 1.803577336641852824e+01 6.969503722084367325e+01
1.969858974358974422e+02 1.795574855252274560e+01 6.975016542597187197e+01
1.971576923076923151e+02 1.812357320099255631e+01 6.995086848635236265e+01
1.971256410256410163e+02 1.825926385442514643e+01 6.964607113316790787e+01
1.971631100082713033e+02 1.830682382133995034e+01 6.973949545078576762e+01
1.970024813895781506e+02 1.802622001654259876e+01 6.966058726220016695e+01
1.969481803143093543e+02 1.808569065343258941e+01 6.955996691480562788e+01
1.969058312655086809e+02 1.811058726220016624e+01 6.933337468982630014e+01
1.968609181141439137e+02 1.809718775847808203e+01 6.939805624483044255e+01
1.969400744416873579e+02 1.810033085194375602e+01 6.948821339950372078e+01
1.968370554177005829e+02 1.820202646815550196e+01 6.960550041356492557e+01
1.969908188585608002e+02 1.825177832919768406e+01 6.965715467328369925e+01
1.970439619520264785e+02 1.816422663358147105e+01 6.972725392886682982e+01
1.971904466501240734e+02 1.815711331679073481e+01 6.969714640198510835e+01
1.972208850289495388e+02 1.821612903225806335e+01 6.980926385442514004e+01
1.971179073614557353e+02 1.811468155500413602e+01 7.008610421836227999e+01
1.971776674937965197e+02 1.818006617038875206e+01 7.010612076095947032e+01
1.971694375516956086e+02 1.823395368072787548e+01 7.013271298593879521e+01
1.970797766749379605e+02 1.817460711331679235e+01 6.997270471464020147e+01
1.971705128205128119e+02 1.834334160463192731e+01 7.003023159636062189e+01
1.971531430934656726e+02 1.842675765095119900e+01 7.003416046319271970e+01
1.970507444168734423e+02 1.822547559966914932e+01 6.990521091811415033e+01
1.969276261373035481e+02 1.812092638544251599e+01 6.978531844499586612e+01
1.965601736972704714e+02 1.796124896608767685e+01 6.959611248966088226e+01
1.963734077750206666e+02 1.806960297766749335e+01 6.956116625310173163e+01
1.963955334987593062e+02 1.817038875103391149e+01 6.934061207609595101e+01
1.964207196029776696e+02 1.832138130686517741e+01 6.931418527708849808e+01
1.966517783291976968e+02 1.816352357320099387e+01 6.942911497105045271e+01
1.967974772539288608e+02 1.840682382133995176e+01 6.915926385442514857e+01
1.968473531844499576e+02 1.808887510339123139e+01 6.952377998345740195e+01
1.969793217535153076e+02 1.811381306865177976e+01 6.988589743589743364e+01
1.969269644334160603e+02 1.796728701406120621e+01 6.983908188585607490e+01
1.969178660049627752e+02 1.781753515301902269e+01 6.980310173697270670e+01
1.968996277915632618e+02 1.784569892473118102e+01 6.988544251447477507e+01
1.968064102564102598e+02 1.780591397849462254e+01 6.973014888337469586e+01
1.968489660876757625e+02 1.783688999172870027e+01 7.002928039702233320e+01
1.968936724565756720e+02 1.792419354838709822e+01 7.009929693961952069e+01
1.967498759305210854e+02 1.795239867659222455e+01 7.019743589743589496e+01
1.968990901571546601e+02 1.795860215053763298e+01 7.018957816377171355e+01
1.968689412737799955e+02 1.816232423490487946e+01 7.001120760959470601e+01
1.968827956989247241e+02 1.835872622001654264e+01 7.005252274607113350e+01
1.968360628618693227e+02 1.835955334987593091e+01 7.011542597187758474e+01
1.968119520264681626e+02 1.840045492142266426e+01 7.001840363937138534e+01
1.968761373035566464e+02 1.843172043010752859e+01 7.018639371381307512e+01
1.969176592224979458e+02 1.843031430934656711e+01 7.010665839536807198e+01
1.970468982630272876e+02 1.831294458229941924e+01 6.991339950372208989e+01
1.971922249793217645e+02 1.827613730355665922e+01 6.970587262200164957e+01
1.971100909842845397e+02 1.837282878411910758e+01 6.979350703060380567e+01
1.969191480562448362e+02 1.829871794871795032e+01 6.968225806451613380e+01
1.965949545078577216e+02 1.813436724565756819e+01 6.946178660049628206e+01
1.964019023986765831e+02 1.796848635235732061e+01 6.921000827129859090e+01
1.963645988420182107e+02 1.778014888337468946e+01 6.927398676592224547e+01
1.964247311827957105e+02 1.789077750206782369e+01 6.927253928866832666e+01
1.964364764267990040e+02 1.791641852770884924e+01 6.926848635235731422e+01
1.964311414392059589e+02 1.793333333333333357e+01 6.927973531844499178e+01
1.965057485525227321e+02 1.797129859387924000e+01 6.940223325062034121e+01
1.964641439205955464e+02 1.804421009098428286e+01 6.938904052936311473e+01
1.964705955334987664e+02 1.799259718775847716e+01 6.957444168734491541e+01
1.964833746898262916e+02 1.802258064516129110e+01 6.958378825475600138e+01
1.966435483870967857e+02 1.800421836228287731e+01 6.946898263027294718e+01
1.965480148883374625e+02 1.802824648469809787e+01 6.952200165425972500e+01
1.964871381306865317e+02 1.802332506203473983e+01 6.940558312655086581e+01
1.964274607113316904e+02 1.793986765922249660e+01 6.928283705541770132e+01
1.964949131513647558e+02 1.802812241521919034e+01 6.943130686517783090e+01
1.964436724565756833e+02 1.797183622828784166e+01 6.951583953680727745e+01
1.964551695616211759e+02 1.810070306038047860e+01 6.955153019023987326e+01
1.965009098428453171e+02 1.817853598014888306e+01 6.970785773366418425e+01
1.965265922249793107e+02 1.824743589743589567e+01 6.966488833746898024e+01
1.965295285359801483e+02 1.815636889991728609e+01 6.982919768403638727e+01
1.964266749379652595e+02 1.819880066170388844e+01 6.969826302729528322e+01
1.964993382961124837e+02 1.838639371381306731e+01 6.950223325062034974e+01
1.966406120760959482e+02 1.842315963606286289e+01 6.945951199338296078e+01
1.966150124069478977e+02 1.831728701406120763e+01 6.948879239040529399e+01
1.965336228287841323e+02 1.840355665839536670e+01 6.975177832919767695e+01
1.964409842845326750e+02 1.843130686517783445e+01 6.958854425144747324e+01
1.963866418527708788e+02 1.846778329197683988e+01 6.936435070306038142e+01
1.961833333333333371e+02 1.826004962779156315e+01 6.942456575682382436e+01
1.959047559966914775e+02 1.811687344913151421e+01 6.916645988420181368e+01
1.956503308519437496e+02 1.795297766749379775e+01 6.890777502067824400e+01
1.957992969396195235e+02 1.785004135649296941e+01 6.901439205955334444e+01
1.958811000827129760e+02 1.794081885856079239e+01 6.880306038047973516e+01
1.959950785773366420e+02 1.780165425971877724e+01 6.903618693134822593e+01
1.960996691480562504e+02 1.780244003308519396e+01 6.905723738626964803e+01
1.960631513647642805e+02 1.789458229942101042e+01 6.888523573200993155e+01
1.960165839536807368e+02 1.773205128205128034e+01 6.907849462365591364e+01
1.960864350703060381e+02 1.783825475599669019e+01 6.914421009098428783e+01
1.961118279569892593e+02 1.775062034739454120e+01 6.919863523573201292e+01
1.959860215053763568e+02 1.788304383788254626e+01 6.898912324234905213e+01
1.958558312655086979e+02 1.776277915632754301e+01 6.917088502894954161e+01
1.958780810587262238e+02 1.782961124896608851e+01 6.932799834574028353e+01
1.958200578990901590e+02 1.799673283705541849e+01 6.921997518610422162e+01
1.958058726220016581e+02 1.796898263027295428e+01 6.921174524400331052e+01
1.956446236559139891e+02 1.808999172870140626e+01 6.944032258064515872e+01
1.957422249793217475e+02 1.818899917287014034e+01 6.943593879239040234e+01
1.958989247311828024e+02 1.810368072787427707e+01 6.927886683209263197e+01
1.960604218362283007e+02 1.801666666666666572e+01 6.925376344086021163e+01
1.960969396195202705e+02 1.813172043010752787e+01 6.916513647642679530e+01
1.961213399503722030e+02 1.803444995864350631e+01 6.909822167080231736e+01
1.962538461538461547e+02 1.813870967741935658e+01 6.904731182795698885e+01
1.961326716294458095e+02 1.823527708850289386e+01 6.912084367245657290e+01
1.959860628618692999e+02 1.826939619520264557e+01 6.915533498759305076e+01
1.961291563275434271e+02 1.836563275434243181e+01 6.929561621174524078e+01
1.961025227460711449e+02 1.828862696443341562e+01 6.940909842845326239e+01
1.962261373035566692e+02 1.837076095947063692e+01 6.940413564929693280e+01
1.959818858560794013e+02 1.816914805624482909e+01 6.903792390405293133e+01
1.954995864350703130e+02 1.804826302729528464e+01 6.886352357320099316e+01
1.952849048800661649e+02 1.799350703060380496e+01 6.860239867659223023e+01
1.951920595533498783e+02 1.799677419354838648e+01 6.843081058726220078e+01
1.953373449131513553e+02 1.811195202646815616e+01 6.832369727047147023e+01
1.954395368072787562e+02 1.809057071960297591e+01 6.846191066997518249e+01
1.954089330024813762e+02 1.787543424317617990e+01 6.855045492142266994e+01
1.955907775020678230e+02 1.779789081885856206e+01 6.871145574855252391e+01
1.957543010752688133e+02 1.789731182795699027e+01 6.848333333333333428e+01
1.957226220016542584e+02 1.790450785773366249e+01 6.853246484698097163e+01
1.956905293631100164e+02 1.794681555004135731e+01 6.870454921422663119e+01
1.954827543424317753e+02 1.799826302729528393e+01 6.860789909015716148e+01
1.954248966087675683e+02 1.796534325889164663e+01 6.876162117452440725e+01
1.953634822167080358e+02 1.788502894954507738e+01 6.882812241521918395e+01
1.953446236559139777e+02 1.797593052109181144e+01 6.880227460711331844e+01
1.952769230769230830e+02 1.807878411910670025e+01 6.888378825475599854e+01
1.953192721257237281e+02 1.808804797353184313e+01 6.875397022332505514e+01
1.954046319272125629e+02 1.809516129032257936e+01 6.882580645161290533e+01
1.954348221670802275e+02 1.821670802315963655e+01 6.875062034739454475e+01
1.954681141439205874e+02 1.816331679073614680e+01 6.879561621174524078e+01
1.955151364764267896e+02 1.798651778329197626e+01 6.889813895781637143e+01
1.956590157154673193e+02 1.808788254755996761e+01 6.868027295285359912e+01
1.956503308519437496e+02 1.810992555831265349e+01 6.873362282878412088e+01
1.956144747725392961e+02 1.817841191066997553e+01 6.844516129032257368e+01
1.957179073614557581e+02 1.819003308519437567e+01 6.876501240694788919e+01
1.958691480562448248e+02 1.797597187758477943e+01 6.885818858560793387e+01
1.959320512820512761e+02 1.784044665012406838e+01 6.897638544251447001e+01
1.958730769230769226e+02 1.797386269644334078e+01 6.898523573200992587e+01
1.956216294458230038e+02 1.777597187758478015e+01 6.881464019851117087e+01
1.952741935483871032e+02 1.758027295285359770e+01 6.865789909015715864e+01
1.952342431761786656e+02 1.743143093465674198e+01 6.838854425144747040e+01
1.951875516956162073e+02 1.755268817204300902e+01 6.845202646815549485e+01
1.952822994210090997e+02 1.743473945409429149e+01 6.838933002481390133e+01
1.952399917287013977e+02 1.753899917287014176e+01 6.857014061207610212e+01
1.953511993382961123e+02 1.751732837055417846e+01 6.854640198511165750e+01
1.953808519437551752e+02 1.767506203473945448e+01 6.846960297766749193e+01
1.953440860215053760e+02 1.771319272125723643e+01 6.844061207609594533e+01
1.950976013234077868e+02 1.788461538461538325e+01 6.834387923904053252e+01
1.950485525227460641e+02 1.788548387096774306e+01 6.814586435070306436e+01
1.950070719602977647e+02 1.799028122415219144e+01 6.812129859387924569e+01
1.949804383788254825e+02 1.792948717948717885e+01 6.814937965260546093e+01
1.950428039702233320e+02 1.771799007444168694e+01 6.855843672456575177e+01
1.950234904880066154e+02 1.775210918114143865e+01 6.844809760132341125e+01
1.951090984284532794e+02 1.778858560794044763e+01 6.852940446650123363e+01
1.951956575682382038e+02 1.788560794044665059e+01 6.845392886683208644e+01
1.952555831265508743e+02 1.765248138957816337e+01 6.865980148883375023e+01
1.953430521091811443e+02 1.739677419354838861e+01 6.868631100082713203e+01
1.954167080231596287e+02 1.751257237386269594e+01 6.879677419354838719e+01
1.955423490488006735e+02 1.742679900744416699e+01 6.884383788254756098e+01
1.956217121588089469e+02 1.748684863523573085e+01 6.885773366418527530e+01
1.954228287841191047e+02 1.751749379652605398e+01 6.892795698924730630e+01
1.952292803970223360e+02 1.775893300248138829e+01 6.908308519437551354e+01
1.951533498759305303e+02 1.785641025641025692e+01 6.899975186104218494e+01
1.951019023986766001e+02 1.794660876757651025e+01 6.893593879239040234e+01
1.948766335814723050e+02 1.784239040529363152e+01 6.899243176178660519e+01
1.947842018196856770e+02 1.747402812241521985e+01 6.844168734491314865e+01
1.944238213399503650e+02 1.734565756823821303e+01 6.808444995864350346e+01
1.945631100082713090e+02 1.736108354011579991e+01 6.816488833746898024e+01
1.947231182795698885e+02 1.722258064516129039e+01 6.814578163771712127e+01
1.947411083540115726e+02 1.744999999999999929e+01 6.803556658395368117e+01
1.946989660876757569e+02 1.755624483043837714e+01 6.806517783291977253e+01
1.947134408602150586e+02 1.755450785773366462e+01 6.826435070306038710e+01
1.947309760132340841e+02 1.767150537634408636e+01 6.853172043010752645e+01
1.946838709677419388e+02 1.765760959470636848e+01 6.854003308519438065e+01
1.946064102564102427e+02 1.764354838709677509e+01 6.848585607940447062e+01
1.945987593052109048e+02 1.775194375516956313e+01 6.842580645161289965e+01
1.944724565756823722e+02 1.770190239867659088e+01 6.833349875930521478e+01
1.944122001654259577e+02 1.778366418527708959e+01 6.842154673283705790e+01
1.945160463192721352e+02 1.781071133167907306e+01 6.825132340777501838e+01
1.945787014061207572e+02 1.766579818031430804e+01 6.835736145574854561e+01
1.946077336641852753e+02 1.769888337468982797e+01 6.847092638544251031e+01
1.946923490488006507e+02 1.778188585607940553e+01 6.822212572373862827e+01
1.947184863523573313e+02 1.775202646815549912e+01 6.834234904880065642e+01
1.947263854425144700e+02 1.768035566583953511e+01 6.834454094292803461e+01
1.947527295285359799e+02 1.767878411910669811e+01 6.828548387096773808e+01
1.950405293631100108e+02 1.770492142266335733e+01 6.829028122415219570e+01
1.949008271298593797e+02 1.785235732009925513e+01 6.839516129032257652e+01
1.948520678246484579e+02 1.790984284532671467e+01 6.834619520264681114e+01
1.948622001654259748e+02 1.788643507030603885e+01 6.839119106699752138e+01
1.948206368899917322e+02 1.784019851116625333e+01 6.837224979321753437e+01
1.946228287841190934e+02 1.784834574028122489e+01 6.818370554177005260e+01
1.944242349048800520e+02 1.772121588089330047e+01 6.783647642679900969e+01
1.941460711331679079e+02 1.765430107526881898e+01 6.747237386269644333e+01
1.940654673283705449e+02 1.757775020678246491e+01 6.725913978494624246e+01
1.941374689826302813e+02 1.751129032258064555e+01 6.739995864350703414e+01
1.942401571546732839e+02 1.750372208436724719e+01 6.775901571546732782e+01
1.941630686517783317e+02 1.745661703887510185e+01 6.788031430934657351e+01
1.941602150537634373e+02 1.745653432588916587e+01 6.819805624483043971e+01
1.940880479735318431e+02 1.746968569065343146e+01 6.832162944582299247e+01
1.940914805624483108e+02 1.739971050454921553e+01 6.824371381306865203e+01
1.940911083540115669e+02 1.747679900744416770e+01 6.824987593052108537e+01
1.939531844499586555e+02 1.752725392886683053e+01 6.816335814722911834e+01
1.939432588916459963e+02 1.755215053763440736e+01 6.771720430107527022e+01
1.940845326716294323e+02 1.763990901571546743e+01 6.784946236559139265e+01
1.938751447477253862e+02 1.760479735318444838e+01 6.777435897435897516e+01
1.940652605459057156e+02 1.752861869313482046e+01 6.773494623655913927e+01
1.941137303556658367e+02 1.758767576509512054e+01 6.768279569892473546e+01
1.940810587262200215e+02 1.754710504549214178e+01 6.738341604631926884e+01
1.942559966914805614e+02 1.758217535153018929e+01 6.759838709677418933e+01
1.942826302729528436e+02 1.771943755169561641e+01 6.749462365591398338e+01
1.941968155500413502e+02 1.773420181968569054e+01 6.752216708023159697e+01
1.944973118279569917e+02 1.766757650951199210e+01 6.798606286186931413e+01
1.944477253928866958e+02 1.764454094292803887e+01 6.796377171215880253e+01
1.945423904052936450e+02 1.763362282878411946e+01 6.796484698097602006e+01
1.944299834574028125e+02 1.769127377998345807e+01 6.796844499586434551e+01
1.944200992555831249e+02 1.778056244830438359e+01 6.800008271298594309e+01
1.945174937965260540e+02 1.771058726220016410e+01 6.791120760959471170e+01
1.943810587262200045e+02 1.774747725392886721e+01 6.783478081058726161e+01
1.942633581472291269e+02 1.773817204301075279e+01 6.778854425144747609e+01
1.938393713813068757e+02 1.755148883374689817e+01 6.745760959470636919e+01
1.936920595533498783e+02 1.754222497932175528e+01 6.736927212572373946e+01
1.934300248138957841e+02 1.747365591397849371e+01 6.740450785773366249e+01
1.934527295285359685e+02 1.735343258891645846e+01 6.756827956989246786e+01
1.935557899090157150e+02 1.733598014888337602e+01 6.753213399503722769e+01
1.935847808105872616e+02 1.737109181141439151e+01 6.752105045492142210e+01
1.935118279569892366e+02 1.727113316790736164e+01 6.764172870140612304e+01
1.935311827956989248e+02 1.729731182795698885e+01 6.767617866004962934e+01
1.936114557485525154e+02 1.744094292803970347e+01 6.790620347394541056e+01
1.935244830438378756e+02 1.728833746898262902e+01 6.793970223325061397e+01
1.935514061207609586e+02 1.720885028949545159e+01 6.783804797353184313e+01
1.937083126550868428e+02 1.736869313482216626e+01 6.762220843672456283e+01
1.934965674110835323e+02 1.729755996691480391e+01 6.751637717121587912e+01
1.935430107526881613e+02 1.749789081885856135e+01 6.725827129859388265e+01
1.935222084367245543e+02 1.749524400330852103e+01 6.732038875103391717e+01
1.935205128205128347e+02 1.742427626137303420e+01 6.733544251447477791e+01
1.935045078577336710e+02 1.729751861042183592e+01 6.755657568238213173e+01
1.935871794871794975e+02 1.748482216708023174e+01 6.758684863523572517e+01
1.937237386269644333e+02 1.738498759305210939e+01 6.763250620347395170e+01
1.938584367245657631e+02 1.752613730355665922e+01 6.750732009925557975e+01
1.938071960297766623e+02 1.736145574855252249e+01 6.774156327543424538e+01
1.937950785773366533e+02 1.737315963606286218e+01 6.782580645161290533e+01
1.937932175351530191e+02 1.743556658395367975e+01 6.761414392059553791e+01
1.938218362282878502e+02 1.744710504549214392e+01 6.773697270471464549e+01
1.937536393713812970e+02 1.732547559966914719e+01 6.801418527708850092e+01
1.937981389578163771e+02 1.742543424317617706e+01 6.811724565756823324e+01
1.939287841191066946e+02 1.737464846980975963e+01 6.792063688999172655e+01
1.937634408602150415e+02 1.745533498759305147e+01 6.780136476426798708e+01
1.938891232423490578e+02 1.752005789909015832e+01 6.788461538461538680e+01
1.940052936311000735e+02 1.734569892473118102e+01 6.789714640198511120e+01
1.936040942928039783e+02 1.722208436724565672e+01 6.775206782464846356e+01
1.932417287014061174e+02 1.717311827956989134e+01 6.734317617866004468e+01
1.930411497105045555e+02 1.712617866004962863e+01 6.720636889991729390e+01
1.930070306038047931e+02 1.725148883374689746e+01 6.701720430107526738e+01
1.931283705541769962e+02 1.721774193548387188e+01 6.689929693961951784e+01
1.932227047146402015e+02 1.711985111662530912e+01 6.703523573200992303e+01
1.931722911497105031e+02 1.715272952853597843e+01 6.726480562448304568e+01
1.932453680727874143e+02 1.713589743589743719e+01 6.733986765922249162e+01
1.932328784119106615e+02 1.703850289495450809e+01 6.766654259718775677e+01
1.932236145574855186e+02 1.704259718775847787e+01 6.770438378825475922e+01
1.932432175351530077e+02 1.701116625310173802e+01 6.767171215880892987e+01
1.931131513647642635e+02 1.702270471464019863e+01 6.748047973531843979e+01
1.931374689826302813e+02 1.707944582299420944e+01 6.723697270471464549e+01
1.931653432588916530e+02 1.719255583126550846e+01 6.700533498759304507e+01
1.932126137303556561e+02 1.733978494623655919e+01 6.673411910669975100e+01
1.932155913978494652e+02 1.718010752688172005e+01 6.691761786600496009e+01
1.931527708850289571e+02 1.726137303556658509e+01 6.691666666666667140e+01
1.931867245657568333e+02 1.735012406947890895e+01 6.706091811414391657e+01
1.933252688172042895e+02 1.741112489660876861e+01 6.714557485525227776e+01
1.932373035566583894e+02 1.739114971050454983e+01 6.707096774193549038e+01
1.934877584780810480e+02 1.741248966087675853e+01 6.726550868486351931e+01
1.935337468982630185e+02 1.725223325062034618e+01 6.737692307692307736e+01
1.935095119933829722e+02 1.726964433416046418e+01 6.749693961952026200e+01
1.935423076923077019e+02 1.733138957816377257e+01 6.762026468155499970e+01
1.934023573200992416e+02 1.721852770885028860e+01 6.768304383788255052e+01
1.934834160463192632e+02 1.724722911497105216e+01 6.768072787427625769e+01
1.934991728701406259e+02 1.738569065343259012e+01 6.767609594706368625e+01
1.934708023159635957e+02 1.733457402812241455e+01 6.780202646815550338e+01
1.935185277088502858e+02 1.732956989247311697e+01 6.783850289495450170e+01
1.935821339950372248e+02 1.743370554177005616e+01 6.789909015715467433e+01
1.932779156327543433e+02 1.730095119933829650e+01 6.755794044665012166e+01
1.930987593052109048e+02 1.713519437551695646e+01 6.726261373035566749e+01
1.929543837882547450e+02 1.693610421836228142e+01 6.693701406120760566e+01
1.929959884201819591e+02 1.696025641025640951e+01 6.701199338296112273e+01
1.929561207609594646e+02 1.694644334160463117e+01 6.695860215053762943e+01
1.930863523573200951e+02 1.692229114971050308e+01 6.700000000000000000e+01
1.930621588089329919e+02 1.699652605459057142e+01 6.703370554177006113e+01
1.931936724565756833e+02 1.701240694789082042e+01 6.709619520264681114e+01
1.931235732009925528e+02 1.697208436724565672e+01 6.718540115798180068e+01
1.931442100909842736e+02 1.706290322580645125e+01 6.697845326716294778e+01
1.932141439205955464e+02 1.699412737799834616e+01 6.699888337468982513e+01
1.930105045492142324e+02 1.705215053763440736e+01 6.713449131513647217e+01
1.929536807278742856e+02 1.700533498759305218e+01 6.732559966914806182e+01
1.928842431761786713e+02 1.700727874276261531e+01 6.746629445822993887e+01
1.929396195202646709e+02 1.703771712158808782e+01 6.761972704714639804e+01
1.929858974358974422e+02 1.719189412737799927e+01 6.750781637717120987e+01
1.929158395368072831e+02 1.704693961952026626e+01 6.758531844499586327e+01
1.930826302729528550e+02 1.708329197684036416e+01 6.767919768403639580e+01
1.931932175351530248e+02 1.703850289495450809e+01 6.759669148056244126e+01
1.935323407775020712e+02 1.697133995037220799e+01 6.769896608767577106e+01
1.934359387923904023e+02 1.699743589743589567e+01 6.773213399503721632e+01
1.934804383788254825e+02 1.709057071960297591e+01 6.752803970223324370e+01
1.935109181141439194e+02 1.712837055417700682e+01 6.753639371381306944e+01
1.934629032258064569e+02 1.731414392059553364e+01 6.727481389578163373e+01
1.934648469809760059e+02 1.728949545078577188e+01 6.743945409429279891e+01
1.935730355665839397e+02 1.732775020678246491e+01 6.750690653432589272e+01
1.935786186931348141e+02 1.716257237386269807e+01 6.740984284532672177e+01
1.933680727874276215e+02 1.717721257237386112e+01 6.727187758478081037e+01
1.932075268817204403e+02 1.706157981803142931e+01 6.717502067824648293e+01
1.928559966914805557e+02 1.691741108354011658e+01 6.709991728701406544e+01
1.926557485525227378e+02 1.690190239867659372e+01 6.693308519437552206e+01
1.927321339950372305e+02 1.698655913978494780e+01 6.690748552522745740e+01
1.927284119106699620e+02 1.712468982630273118e+01 6.713970223325061681e+01
1.927326302729528607e+02 1.714197684036393809e+01 6.715603804797353860e+01
1.927454507857733574e+02 1.723937138130686364e+01 6.714772539288668440e+01
1.927651364764267896e+02 1.737373862696443183e+01 6.712278742762613604e+01
1.928126137303556789e+02 1.729780810587262252e+01 6.726244830438378131e+01
1.928318031430934525e+02 1.730111662531017203e+01 6.722944582299420802e+01
1.928004549214226699e+02 1.715992555831265420e+01 6.731960297766750045e+01
1.926352770885029031e+02 1.721228287841191218e+01 6.744983457402811666e+01
1.925973531844499576e+02 1.716546732837055345e+01 6.748271298593878953e+01
1.926664598842018279e+02 1.708304383788254910e+01 6.748895781637716595e+01
1.927290736145574783e+02 1.701253101736972795e+01 6.756009098428452830e+01
1.927833333333333314e+02 1.717390405293631161e+01 6.747642679900744156e+01
1.929220843672456454e+02 1.695583126550868514e+01 6.772233250620347178e+01
1.931480562448304283e+02 1.708697270471463980e+01 6.769921422663358612e+01
1.930605045492142153e+02 1.723345740281224181e+01 6.757502067824648861e+01
1.931098428453267104e+02 1.743440860215053689e+01 6.734574028122415257e+01
1.930304383788254654e+02 1.740293631100082550e+01 6.713325062034739688e+01
1.931111248966087715e+02 1.743209263854425117e+01 6.715926385442514857e+01
1.931796526054590686e+02 1.754416873449131486e+01 6.720293631100082621e+01
1.931877998345740366e+02 1.753035566583953653e+01 6.743941273779984158e+01
1.931081058726219908e+02 1.746079404466501117e+01 6.744301075268816703e+01
1.928377171215880992e+02 1.730020678246484778e+01 6.750148883374690456e+01
1.924777502067824742e+02 1.709429280397022310e+01 6.725740281224152284e+01
1.922950785773366533e+02 1.711352357320099316e+01 6.703374689826303268e+01
1.922630272952853545e+02 1.706555004135649156e+01 6.693647642679900400e+01
1.923859387923904194e+02 1.701530190239867579e+01 6.713320926385442533e+01
1.925182795698924849e+02 1.696927212572373733e+01 6.698060380479735443e+01
1.924723325062034860e+02 1.703387096774193665e+01 6.711960297766749761e+01
1.925598428453267275e+02 1.714855252274607267e+01 6.715173697270471109e+01
1.925650951199338294e+02 1.717315963606286289e+01 6.704214226633581575e+01
1.925336641852770754e+02 1.718920595533498741e+01 6.728291976840364441e+01
1.925909429280397092e+02 1.711641852770884853e+01 6.714896608767575970e+01
1.925421009098428442e+02 1.711422663358147389e+01 6.713250620347395170e+01
1.925552109181141418e+02 1.718622828784119250e+01 6.690839536807278876e+01
1.926167493796526173e+02 1.691153846153846274e+01 6.711087675765095639e+01
1.926281224152191953e+02 1.687824648469809929e+01 6.706799007444168126e+01
1.927172870140612133e+02 1.689102564102564230e+01 6.732212572373862258e+01
1.928209677419354762e+02 1.676038047973531775e+01 6.735727874276261673e+01
1.929541770057899157e+02 1.688585607940446565e+01 6.751985111662530414e+01
1.928015715467328448e+02 1.711741108354011587e+01 6.733395368072787335e+01
1.928083953680727802e+02 1.721889991728701474e+01 6.726286186931348254e+01
1.927736559139785015e+02 1.728949545078577188e+01 6.717799834574027784e+01
1.927759718775847944e+02 1.736054590570719469e+01 6.725082712985938826e+01
1.927924731182795597e+02 1.730777502067824614e+01 6.724958643507031297e+01
1.927842431761786486e+02 1.739528535980148760e+01 6.720421836228287304e+01
1.928095947063688982e+02 1.722125723738626846e+01 6.739007444168734651e+01
1.927469809760132478e+02 1.727274607113316662e+01 6.744069478908188842e+01
1.925780397022332409e+02 1.727907361455748614e+01 6.707919768403638727e+01
1.920830851943755135e+02 1.699909015715467220e+01 6.711819685690653614e+01
1.919209263854425274e+02 1.694681555004135731e+01 6.682435897435897232e+01
1.918205128205128176e+02 1.663531844499586398e+01 6.703296112489660175e+01
1.921098014888337389e+02 1.658209263854424975e+01 6.708325062034739972e+01
1.922255169561621244e+02 1.673403639371381146e+01 6.692803970223324939e+01
1.922598428453267161e+02 1.666947890818858724e+01 6.697775020678245994e+01
1.922095947063689039e+02 1.670037220843672543e+01 6.700103391232423178e+01
1.920841191066997453e+02 1.682646815550041453e+01 6.683271298593879806e+01
1.920963192721257258e+02 1.689549214226633467e+01 6.674975186104218494e+01
1.920741108354011715e+02 1.700550041356493125e+01 6.657299421009098239e+01
1.920759718775847773e+02 1.694131513647642606e+01 6.677729528535979853e+01
1.920699751861042159e+02 1.675632754342431596e+01 6.683246484698098300e+01
1.920717948717948786e+02 1.669590570719602951e+01 6.697477253928866503e+01
1.922062448304383793e+02 1.669574028122415044e+01 6.686786600496277799e+01
1.921319685690653500e+02 1.657171215880893200e+01 6.689272125723738327e+01
1.923244003308519439e+02 1.665889164598841887e+01 6.703788254755997400e+01
1.923088916459884103e+02 1.678701406120761064e+01 6.709143920595533928e+01
1.921758891645988285e+02 1.689569892473118173e+01 6.694437551695615696e+01
1.922282051282051327e+02 1.693999172870140768e+01 6.698775847808106221e+01
1.923043837882547678e+02 1.694549214226633538e+01 6.718300248138957897e+01
1.922872622001654292e+02 1.695244003308519609e+01 6.719164598842017710e+01
1.923724565756823779e+02 1.709143920595533572e+01 6.708759305210918455e+01
1.924131513647642748e+02 1.697762613730355596e+01 6.716666666666667140e+01
1.924146815550041367e+02 1.692398676592225115e+01 6.729735318444996039e+01
1.924901571546732839e+02 1.704433416046319394e+01 6.741401985111662043e+01
1.925016956162117481e+02 1.709706368899917450e+01 6.726087675765094787e+01
1.925762200165426066e+02 1.720264681555003961e+01 6.706100082712985966e+01
1.925787014061207572e+02 1.719913151364764303e+01 6.690938792390404899e+01
1.923139784946236546e+02 1.702204301075268944e+01 6.670132340777502122e+01
1.917801075268817215e+02 1.682171215880893200e+01 6.639342431761787111e+01
1.914966914805624469e+02 1.684987593052109034e+01 6.601956162117451754e+01
1.914980562448304511e+02 1.685756823821339978e+01 6.614971050454921908e+01
1.914614143920595666e+02 1.697051282051281973e+01 6.615967741935483559e+01
1.914250206782464829e+02 1.717766749379652680e+01 6.613842018196856998e+01
1.914768817204301001e+02 1.705938792390405467e+01 6.617630272952852977e+01
1.914600909842845340e+02 1.707712985938792372e+01 6.604321753515301907e+01
1.917153846153846075e+02 1.691455748552522920e+01 6.619392059553349839e+01
1.916103804797353121e+02 1.696224152191894063e+01 6.653200992555831306e+01
1.915720843672456510e+02 1.695252274607113208e+01 6.671856906534326015e+01
1.916392886683209156e+02 1.695186104218362289e+01 6.679255583126550277e+01
1.915071133167907362e+02 1.688899917287013963e+01 6.666819685690653330e+01
1.915902398676592213e+02 1.692129859387923929e+01 6.660827129859387696e+01
1.915888337468982741e+02 1.681265508684863619e+01 6.639896608767575970e+01
1.917961952026468282e+02 1.685715467328370565e+01 6.614019851116624693e+01
1.919114143920595552e+02 1.690496277915632817e+01 6.625868486352356967e+01
1.918651364764268124e+02 1.682514474772539259e+01 6.623039702233251091e+01
1.920135649296939562e+02 1.697775020678246349e+01 6.664201819685690964e+01
1.920237799834574162e+02 1.705649296939619575e+01 6.664156327543423686e+01
1.920031430934656669e+02 1.697080231596360633e+01 6.659987593052109389e+01
1.921506203473945504e+02 1.712551695616211589e+01 6.679751861042183236e+01
1.921392059553350009e+02 1.710392886683209213e+01 6.692014061207609643e+01
1.922345740281224096e+02 1.715392886683209284e+01 6.682795698924731198e+01
1.922193548387096769e+02 1.709822167080231736e+01 6.677237386269644048e+01
1.922492969396195122e+02 1.720289495450785822e+01 6.695893300248138758e+01
1.922941273779983362e+02 1.729110835401158042e+01 6.681724565756823608e+01
1.924063275434243110e+02 1.723138957816377115e+01 6.664574028122414973e+01
1.925031017369726953e+02 1.714731182795699027e+01 6.661050454921422670e+01
