2.550000000000000000e+02 8.019626085415559658e+01 1.775862130072656271e+02
2.550000000000000000e+02 8.029589757221336299e+01 1.776805334042176128e+02
2.550000000000000000e+02 8.027910685805422020e+01 1.777252348041821790e+02
2.550000000000000000e+02 8.021938685096580457e+01 1.777232411837674988e+02
2.550000000000000000e+02 8.014930001772107460e+01 1.777444621655147898e+02
2.550000000000000000e+02 8.007292220450115394e+01 1.776310030125819708e+02
2.550000000000000000e+02 7.986416799574693925e+01 1.774569821017189497e+02
2.550000000000000000e+02 8.007912457912458137e+01 1.774110845295055867e+02
2.550000000000000000e+02 8.002281587807902952e+01 1.770367269183058738e+02
2.550000000000000000e+02 8.004306220095693902e+01 1.769119705830232192e+02
2.550000000000000000e+02 8.018992557150451717e+01 1.767704678362572963e+02
2.550000000000000000e+02 8.032146021619705323e+01 1.766337940811625060e+02
2.550000000000000000e+02 8.028375863902179788e+01 1.768353269537479946e+02
2.550000000000000000e+02 8.020046960836434380e+01 1.768924331029594157e+02
2.550000000000000000e+02 8.010916179337232279e+01 1.771535087719298360e+02
2.550000000000000000e+02 8.028127768917242690e+01 1.772201842991316596e+02
2.550000000000000000e+02 8.034591529328370996e+01 1.772255006202374545e+02
2.550000000000000000e+02 8.000615807194753870e+01 1.772547846889952154e+02
2.550000000000000000e+02 8.006676413255360103e+01 1.773445419103313725e+02
2.550000000000000000e+02 7.992605883395357580e+01 1.772254563175615942e+02
2.550000000000000000e+02 7.992419812156654757e+01 1.773160109870636063e+02
2.550000000000000000e+02 7.980338472443735043e+01 1.773154350522771665e+02
2.550000000000000000e+02 7.936616161616161946e+01 1.773555289739500154e+02
2.550000000000000000e+02 7.917721070352649804e+01 1.774791777423356507e+02
2.550000000000000000e+02 7.920866560340245144e+01 1.774887914230019419e+02
2.550000000000000000e+02 7.926293638135743436e+01 1.776299840510366721e+02
2.550000000000000000e+02 7.922182349813928681e+01 1.777906255537834568e+02
2.550000000000000000e+02 7.971570972886762263e+01 1.775111642743221694e+02
2.550000000000000000e+02 7.996336168704590364e+01 1.774358497253234077e+02
2.550000000000000000e+02 7.998958887116782535e+01 1.775645933014353943e+02
2.550000000000000000e+02 7.987054758107389318e+01 1.775379230905546706e+02
2.550000000000000000e+02 8.026134148502569587e+01 1.773215931242247052e+02
2.550000000000000000e+02 8.015900230373914326e+01 1.774995569732411980e+02
2.550000000000000000e+02 8.008067517278043113e+01 1.775833776360092031e+02
2.550000000000000000e+02 7.985101010101010388e+01 1.777217791954633981e+02
2.550000000000000000e+02 7.965948963317384823e+01 1.776068137515505896e+02
2.550000000000000000e+02 7.962072479177741968e+01 1.775968456494772170e+02
2.550000000000000000e+02 7.957584618110934116e+01 1.772525252525252597e+02
2.550000000000000000e+02 7.986483253588517073e+01 1.769276980329611888e+02
2.550000000000000000e+02 8.009077618288144151e+01 1.768718766613503419e+02
2.550000000000000000e+02 8.022164628743576031e+01 1.769442672337409306e+02
2.550000000000000000e+02 8.012993974836079758e+01 1.767812333864965524e+02
2.550000000000000000e+02 8.016197058302321921e+01 1.768826422115895696e+02
2.550000000000000000e+02 8.003956228956228358e+01 1.771780967570441305e+02
2.550000000000000000e+02 8.016724260145312542e+01 1.771246677299308772e+02
2.550000000000000000e+02 8.021513379408116862e+01 1.771573188020556415e+02
2.550000000000000000e+02 7.994045720361509666e+01 1.771951089845826743e+02
2.550000000000000000e+02 8.009671274144957920e+01 1.771976785397837943e+02
2.550000000000000000e+02 8.007013113592060449e+01 1.773177387914230110e+02
2.550000000000000000e+02 7.989801524012050038e+01 1.775045188729399115e+02
2.550000000000000000e+02 7.983767499556972780e+01 1.775440368598263206e+02
2.550000000000000000e+02 8.013339535707956429e+01 1.774979177742335708e+02
2.550000000000000000e+02 7.965971114655324925e+01 1.775287524366471814e+02
2.550000000000000000e+02 7.955927698032961359e+01 1.772788853446748192e+02
2.550000000000000000e+02 7.926116427432216938e+01 1.773441431862484592e+02
2.550000000000000000e+02 7.930644160907318962e+01 1.773798511430090343e+02
2.550000000000000000e+02 7.930901116427432385e+01 1.774256601098706483e+02
2.550000000000000000e+02 7.976036682615630014e+01 1.773596491228070136e+02
2.550000000000000000e+02 7.981255537834485381e+01 1.774203437887648533e+02
2.550000000000000000e+02 7.978486620591883138e+01 1.773005050505050519e+02
2.550000000000000000e+02 7.990647705121389777e+01 1.774129895445684895e+02
2.550000000000000000e+02 7.977946127946127319e+01 1.774629186602870732e+02
2.550000000000000000e+02 7.977489810384547297e+01 1.772121655147971069e+02
2.550000000000000000e+02 7.967605883395357580e+01 1.770901559454190988e+02
2.550000000000000000e+02 7.968567251461988121e+01 1.770186957292220313e+02
2.550000000000000000e+02 7.954709374446215975e+01 1.768668261562998509e+02
2.550000000000000000e+02 7.970950735424419520e+01 1.767052542973595735e+02
2.550000000000000000e+02 7.963893319156477446e+01 1.768001506290979989e+02
2.550000000000000000e+02 8.028017012227537919e+01 1.767668793195109060e+02
2.550000000000000000e+02 8.008989012936380902e+01 1.767484051036682615e+02
2.550000000000000000e+02 8.018615984405458619e+01 1.767135388977494301e+02
2.550000000000000000e+02 7.999751905015062903e+01 1.768246943115364047e+02
2.550000000000000000e+02 7.972550062023746875e+01 1.768386053517632490e+02
2.550000000000000000e+02 7.932048555732765749e+01 1.770123161438950774e+02
2.550000000000000000e+02 7.944639376218323434e+01 1.770109870636186429e+02
2.550000000000000000e+02 7.924331029594188180e+01 1.769225589225589204e+02
2.550000000000000000e+02 7.917570441254652280e+01 1.770592326776537391e+02
2.550000000000000000e+02 7.965488215488215928e+01 1.768406875775296783e+02
2.550000000000000000e+02 7.942783094098884078e+01 1.768940723019670429e+02
2.550000000000000000e+02 7.965700868332447726e+01 1.767219564061669246e+02
2.550000000000000000e+02 7.979882154882155021e+01 1.767424685451001380e+02
2.550000000000000000e+02 7.977365762892078749e+01 1.768072390572390589e+02
2.550000000000000000e+02 7.945148856990962827e+01 1.769077175261385833e+02
2.550000000000000000e+02 7.946916533758638934e+01 1.772515505936558498e+02
2.550000000000000000e+02 7.933071947545631986e+01 1.773923001949317779e+02
2.550000000000000000e+02 7.938676236044656775e+01 1.773041378699273309e+02
2.550000000000000000e+02 7.926333510544036187e+01 1.776184653553074497e+02
2.550000000000000000e+02 7.905715045188729562e+01 1.772896065922381581e+02
2.550000000000000000e+02 7.944121034910509138e+01 1.770451887293992570e+02
2.550000000000000000e+02 7.933014354066985163e+01 1.767525695552011200e+02
2.550000000000000000e+02 7.942185007974481437e+01 1.767136275031011792e+02
2.550000000000000000e+02 7.944834307992202582e+01 1.765706184653552953e+02
2.550000000000000000e+02 7.935451001240474511e+01 1.766092503987240718e+02
2.550000000000000000e+02 7.938423710792132226e+01 1.766724260145312826e+02
2.550000000000000000e+02 7.950691121743753342e+01 1.766900141768562946e+02
2.550000000000000000e+02 7.941688818004607242e+01 1.767290448343079845e+02
2.550000000000000000e+02 7.944315966684388286e+01 1.769639819245082322e+02
2.550000000000000000e+02 7.956388445862130254e+01 1.769475456317561566e+02
2.550000000000000000e+02 7.917796384901647855e+01 1.769337674995569785e+02
2.550000000000000000e+02 7.914704058125110464e+01 1.767561137692716500e+02
2.550000000000000000e+02 7.913082580187843007e+01 1.765921052631578902e+02
2.550000000000000000e+02 7.934303561935141147e+01 1.766426989190147196e+02
2.550000000000000000e+02 7.930285309232677093e+01 1.767609427609427541e+02
2.550000000000000000e+02 7.948312068048910817e+01 1.769171982987772367e+02
2.550000000000000000e+02 7.975496189969874195e+01 1.768962874357611099e+02
2.550000000000000000e+02 7.988618642566011374e+01 1.769565390749601193e+02
2.550000000000000000e+02 7.990660995924153553e+01 1.767463228779018323e+02
2.550000000000000000e+02 8.015758461811093127e+01 1.768525163919900649e+02
2.550000000000000000e+02 8.006822612085770174e+01 1.770066897040581182e+02
2.550000000000000000e+02 7.991631224525961841e+01 1.769968988126883005e+02
2.550000000000000000e+02 7.986571858940280322e+01 1.769708931419457656e+02
2.550000000000000000e+02 8.007814992025518563e+01 1.770961811093389997e+02
2.550000000000000000e+02 7.989402799929115417e+01 1.772143363459152852e+02
2.550000000000000000e+02 7.985504164451532461e+01 1.772783537125642397e+02
2.550000000000000000e+02 7.975633528265106520e+01 1.772316586921850217e+02
2.550000000000000000e+02 7.933652312599680556e+01 1.772259436469962850e+02
2.550000000000000000e+02 7.946398192450824638e+01 1.770376129718235063e+02
2.550000000000000000e+02 7.955085947191210494e+01 1.767577529682792772e+02
2.550000000000000000e+02 7.969816586921849932e+01 1.768066631224525906e+02
2.550000000000000000e+02 7.964947722842460109e+01 1.763718766613503419e+02
2.550000000000000000e+02 7.978313840155945513e+01 1.765181197944355915e+02
2.550000000000000000e+02 7.981459330143540853e+01 1.766137249689881230e+02
2.550000000000000000e+02 7.981437178805599331e+01 1.766500088605351664e+02
2.550000000000000000e+02 7.976705653021441833e+01 1.767275828460039122e+02
2.550000000000000000e+02 7.951847421584263031e+01 1.767656388445862206e+02
2.550000000000000000e+02 7.959883926989189717e+01 1.768611554137870030e+02
2.550000000000000000e+02 7.961952861952862293e+01 1.768394027999291040e+02
2.550000000000000000e+02 7.966772993088783039e+01 1.767622275385433284e+02
2.550000000000000000e+02 7.995817827396774646e+01 1.768076820839978609e+02
2.550000000000000000e+02 7.990612262980684477e+01 1.771428318270423574e+02
2.550000000000000000e+02 7.981096048201311532e+01 1.773995215311004756e+02
2.550000000000000000e+02 7.979403685982633476e+01 1.772155768208399707e+02
2.550000000000000000e+02 7.993332447279816222e+01 1.769631401736664884e+02
2.550000000000000000e+02 7.963082580187843007e+01 1.771551479709374348e+02
2.550000000000000000e+02 7.983727627148680028e+01 1.771887737019316091e+02
2.550000000000000000e+02 7.949800637958533400e+01 1.771568314726209508e+02
2.550000000000000000e+02 7.962019315966684019e+01 1.769400141768562946e+02
2.550000000000000000e+02 7.978291688818003990e+01 1.771001683501683601e+02
2.550000000000000000e+02 7.991223639907850895e+01 1.771303827751196138e+02
2.550000000000000000e+02 7.987249689881268466e+01 1.772346269714690834e+02
2.550000000000000000e+02 7.986483253588517073e+01 1.773633262449051813e+02
2.550000000000000000e+02 7.987993974836079758e+01 1.771700336700336607e+02
2.550000000000000000e+02 8.002565124933545349e+01 1.771502303739145816e+02
2.550000000000000000e+02 7.973679780258727590e+01 1.770031897926634770e+02
2.550000000000000000e+02 7.973759525075314514e+01 1.770571504518872814e+02
2.550000000000000000e+02 7.951116427432216938e+01 1.770336257309941459e+02
2.550000000000000000e+02 7.949016480595427936e+01 1.768608452950558103e+02
2.550000000000000000e+02 7.967645755803650331e+01 1.767910242778663701e+02
2.550000000000000000e+02 7.973453836611732015e+01 1.768515860357965721e+02
2.550000000000000000e+02 7.968146376041113399e+01 1.770279106858054092e+02
2.550000000000000000e+02 7.950987949672159516e+01 1.770635743398901241e+02
2.550000000000000000e+02 7.966768562821194166e+01 1.771880648591175031e+02
2.550000000000000000e+02 7.946805777068935583e+01 1.770043416622363850e+02
2.550000000000000000e+02 7.957589048378521568e+01 1.768922558922558892e+02
2.550000000000000000e+02 7.963547758284600775e+01 1.768617756512493315e+02
2.550000000000000000e+02 7.981605528973949504e+01 1.768001506290979989e+02
2.550000000000000000e+02 7.951905015062909854e+01 1.769715133794081225e+02
2.550000000000000000e+02 7.969524189261031211e+01 1.769447988658515101e+02
2.550000000000000000e+02 7.975447457026403697e+01 1.769935761119971573e+02
2.550000000000000000e+02 7.959870636186425941e+01 1.771169147616516000e+02
2.550000000000000000e+02 7.960583909268119385e+01 1.773283714336346009e+02
2.550000000000000000e+02 7.966360978203083221e+01 1.770680046074782865e+02
2.550000000000000000e+02 7.946491228070175339e+01 1.769633616870459036e+02
2.550000000000000000e+02 7.945131135920610177e+01 1.770465621123515803e+02
2.550000000000000000e+02 7.925832890306574541e+01 1.771543062200956911e+02
2.550000000000000000e+02 7.950952507531454216e+01 1.770810295941874983e+02
2.550000000000000000e+02 7.941081871345029697e+01 1.768765284423179196e+02
2.550000000000000000e+02 7.930613149034201115e+01 1.768933634591529369e+02
2.550000000000000000e+02 7.927011341485025753e+01 1.770930356193514115e+02
2.550000000000000000e+02 7.920622895622895498e+01 1.773185362395888660e+02
2.550000000000000000e+02 7.888197767145135231e+01 1.772896951975899356e+02
2.550000000000000000e+02 7.898028530923268420e+01 1.772841130604288367e+02
2.550000000000000000e+02 7.887041467304625542e+01 1.771002569555201092e+02
2.550000000000000000e+02 7.886150983519404178e+01 1.768175615807194845e+02
2.550000000000000000e+02 7.874570264043948953e+01 1.764661527556264389e+02
2.550000000000000000e+02 7.847740563530037150e+01 1.763083909268119669e+02
2.550000000000000000e+02 7.868106503632819226e+01 1.763124224703172160e+02
2.550000000000000000e+02 7.890311004784689430e+01 1.763639907850434270e+02
2.550000000000000000e+02 7.895215311004784553e+01 1.762840244550770876e+02
2.550000000000000000e+02 7.885003544214070814e+01 1.764010721247563254e+02
2.550000000000000000e+02 7.897067162856636457e+01 1.764583997873471617e+02
2.550000000000000000e+02 7.884954811270600317e+01 1.765823586744639329e+02
2.550000000000000000e+02 7.900465178096756347e+01 1.764823675349991277e+02
2.550000000000000000e+02 7.932668793195108492e+01 1.765492202729044777e+02
2.550000000000000000e+02 7.935552897395002958e+01 1.765790802764487069e+02
2.550000000000000000e+02 7.933107389686337285e+01 1.763986797802587319e+02
2.550000000000000000e+02 7.944874180400496755e+01 1.764731082757398610e+02
2.550000000000000000e+02 7.933767499556972780e+01 1.766010101010101039e+02
2.550000000000000000e+02 7.935482013113592359e+01 1.766372939925571472e+02
2.550000000000000000e+02 7.944825447457026257e+01 1.766755272018429821e+02
2.550000000000000000e+02 7.967521708311181783e+01 1.766101364522417043e+02
2.550000000000000000e+02 7.952436647173489348e+01 1.766248449406344037e+02
2.550000000000000000e+02 7.963485734538366501e+01 1.766443381180223184e+02
2.550000000000000000e+02 7.949884813042707776e+01 1.767867269183058738e+02
2.550000000000000000e+02 7.951528442317915335e+01 1.768364788233209310e+02
2.550000000000000000e+02 7.957181463760410622e+01 1.768459595959595845e+02
2.550000000000000000e+02 7.963547758284600775e+01 1.769105085947191185e+02
2.550000000000000000e+02 7.957894736842105488e+01 1.769178628389154824e+02
2.550000000000000000e+02 7.943483076377813745e+01 1.768646996278575330e+02
2.550000000000000000e+02 7.930085947191210494e+01 1.770080630870104414e+02
2.550000000000000000e+02 7.898365231259968766e+01 1.770644160907318678e+02
2.550000000000000000e+02 7.891821726032252116e+01 1.768706804891015452e+02
2.550000000000000000e+02 7.876253765727449263e+01 1.764646021619705891e+02
2.550000000000000000e+02 7.936004784688995528e+01 1.764589757221336299e+02
2.550000000000000000e+02 7.960282651072124338e+01 1.764902534113060426e+02
2.550000000000000000e+02 7.969599503810030683e+01 1.766321991848307675e+02
2.550000000000000000e+02 7.993992557150451717e+01 1.765973772815877965e+02
2.550000000000000000e+02 7.940435052277157979e+01 1.766563441431862600e+02
2.550000000000000000e+02 7.890771752613858325e+01 1.764929115718589401e+02
2.550000000000000000e+02 7.871539961013645836e+01 1.767702906255537698e+02
2.550000000000000000e+02 7.858608009923798932e+01 1.769758107389686472e+02
2.550000000000000000e+02 7.860495303916356136e+01 1.769896331738437141e+02
2.550000000000000000e+02 7.920738082580187722e+01 1.768396243133085193e+02
2.550000000000000000e+02 7.948396243133085193e+01 1.765681375155059243e+02
2.550000000000000000e+02 7.971407052986000963e+01 1.764220272904483409e+02
2.550000000000000000e+02 7.974650008860535877e+01 1.764784688995215447e+02
2.550000000000000000e+02 7.981844763423710276e+01 1.765611819953925306e+02
2.550000000000000000e+02 7.973241183767500218e+01 1.766110668084352255e+02
2.550000000000000000e+02 7.982345383661173344e+01 1.767470760233918270e+02
2.550000000000000000e+02 7.975225943646995574e+01 1.765522328548644282e+02
2.550000000000000000e+02 8.011850965798333846e+01 1.766229842282473896e+02
2.550000000000000000e+02 7.996717171717172334e+01 1.768729842282473896e+02
2.550000000000000000e+02 7.999432925748715206e+01 1.768794524189260926e+02
2.550000000000000000e+02 7.993908382066277341e+01 1.769950381003012581e+02
2.550000000000000000e+02 7.996464646464646364e+01 1.770894027999291040e+02
2.550000000000000000e+02 7.980843522948785562e+01 1.772007354244196335e+02
2.550000000000000000e+02 7.981454899875951980e+01 1.770429735956051616e+02
2.550000000000000000e+02 7.963002835371256083e+01 1.768923001949317779e+02
2.550000000000000000e+02 7.948453836611732015e+01 1.766147439305333933e+02
2.550000000000000000e+02 7.941741981215665191e+01 1.765427077795498860e+02
2.550000000000000000e+02 7.943837497784866741e+01 1.764026670210880638e+02
2.550000000000000000e+02 7.956206804891014883e+01 1.764520645046960965e+02
2.550000000000000000e+02 7.931308701045543330e+01 1.764498493709020011e+02
2.550000000000000000e+02 7.910747829168882106e+01 1.764125908204855477e+02
2.550000000000000000e+02 7.874091795144427408e+01 1.765465621123515803e+02
2.550000000000000000e+02 7.890173666489455684e+01 1.765062466772993162e+02
2.550000000000000000e+02 7.894679248626617607e+01 1.767368421052631504e+02
2.550000000000000000e+02 7.911026936026935630e+01 1.766737107921318568e+02
2.550000000000000000e+02 7.962302853092326416e+01 1.766363636363636260e+02
2.550000000000000000e+02 7.950407584618110945e+01 1.767387471203260816e+02
2.550000000000000000e+02 7.953061314903419543e+01 1.766488569909622584e+02
2.550000000000000000e+02 7.955032783980152544e+01 1.766790271132376517e+02
2.550000000000000000e+02 7.955697324118376912e+01 1.766200159489633279e+02
2.550000000000000000e+02 7.970764664185716697e+01 1.766906787169945119e+02
2.550000000000000000e+02 7.973582314371788016e+01 1.767193868509658046e+02
2.550000000000000000e+02 7.979873294346978696e+01 1.768203969519759085e+02
2.550000000000000000e+02 7.996903242955875157e+01 1.767782651072124622e+02
2.550000000000000000e+02 8.002804359383306121e+01 1.766278575225943541e+02
2.550000000000000000e+02 8.003375863902179788e+01 1.765739854687222987e+02
2.550000000000000000e+02 7.992574871522239732e+01 1.765991493886230614e+02
2.550000000000000000e+02 7.990545808966861330e+01 1.768350168350168303e+02
2.550000000000000000e+02 7.993168527379053501e+01 1.768032961190855872e+02
2.550000000000000000e+02 8.000522771575403169e+01 1.768553517632464889e+02
2.550000000000000000e+02 8.002596136806663196e+01 1.767040138224348880e+02
2.550000000000000000e+02 7.960774410774411081e+01 1.766200602516391882e+02
2.550000000000000000e+02 7.962409179514442314e+01 1.764811270600744422e+02
2.550000000000000000e+02 7.965023037391458161e+01 1.764276537302853001e+02
2.550000000000000000e+02 7.958373205741627032e+01 1.762612528796739184e+02
2.550000000000000000e+02 7.967220450115186736e+01 1.763857433989012975e+02
2.550000000000000000e+02 7.982531454899876167e+01 1.762716197058302328e+02
2.550000000000000000e+02 7.983133971291866260e+01 1.762862395888711546e+02
2.550000000000000000e+02 7.984959241538189190e+01 1.762070707070706987e+02
2.550000000000000000e+02 7.959378876484139198e+01 1.764769626085415553e+02
2.550000000000000000e+02 7.962209817472975715e+01 1.767598351940457064e+02
2.550000000000000000e+02 7.938884458621301121e+01 1.767853092326776618e+02
2.550000000000000000e+02 7.905777068934963836e+01 1.767476962608541555e+02
2.550000000000000000e+02 7.942836257309942027e+01 1.765628211944001293e+02
2.550000000000000000e+02 7.967313485734538858e+01 1.766870902002480932e+02
2.550000000000000000e+02 7.994333687754740936e+01 1.767562023746234274e+02
2.550000000000000000e+02 7.980152401205032220e+01 1.767338738259790887e+02
2.550000000000000000e+02 7.982832713095871213e+01 1.768227892964735020e+02
2.550000000000000000e+02 7.984432039695197147e+01 1.768175172780435958e+02
2.550000000000000000e+02 7.995410242778663701e+01 1.767305954279638627e+02
2.550000000000000000e+02 8.029160021265283831e+01 1.767362218678008219e+02
2.550000000000000000e+02 8.051134148502569587e+01 1.767324561403508767e+02
2.550000000000000000e+02 8.060016835016834591e+01 1.767657717526138583e+02
2.550000000000000000e+02 8.049902534113060426e+01 1.767590820485557401e+02
2.550000000000000000e+02 7.992202729044834086e+01 1.769244196349459628e+02
2.550000000000000000e+02 7.998374091795145091e+01 1.769717791954633981e+02
2.550000000000000000e+02 7.983838383838383379e+01 1.771869572922204554e+02
2.550000000000000000e+02 7.978996101364522531e+01 1.772657274499379696e+02
2.550000000000000000e+02 7.969665957823852409e+01 1.770273790536948297e+02
2.550000000000000000e+02 7.958656742867269429e+01 1.769933545986177705e+02
2.550000000000000000e+02 7.924681020733652304e+01 1.768988569909622584e+02
2.550000000000000000e+02 7.929536594010278350e+01 1.767900939216728773e+02
2.550000000000000000e+02 7.933488392698919256e+01 1.768535353535353636e+02
2.550000000000000000e+02 7.937099060783270943e+01 1.769004075846181081e+02
2.550000000000000000e+02 7.962617402091086660e+01 1.766252879673932341e+02
2.550000000000000000e+02 7.992127414495836035e+01 1.766795144426723425e+02
2.550000000000000000e+02 8.017047669679249111e+01 1.766076111997164730e+02
2.550000000000000000e+02 8.015878079035974224e+01 1.767255449229133433e+02
2.550000000000000000e+02 8.015373028530923705e+01 1.765742955874534914e+02
2.550000000000000000e+02 7.993190678716995023e+01 1.768161881977671328e+02
2.550000000000000000e+02 7.993438773701932121e+01 1.767506645401382173e+02
2.550000000000000000e+02 7.994626085415559658e+01 1.767477848662059330e+02
2.550000000000000000e+02 7.996495658337764212e+01 1.769735069998228028e+02
2.550000000000000000e+02 7.990355307460571055e+01 1.771439393939394051e+02
2.550000000000000000e+02 7.974162679425838007e+01 1.769673046251993753e+02
2.550000000000000000e+02 7.968864079390395716e+01 1.768600478468899553e+02
2.550000000000000000e+02 7.966998936735778614e+01 1.767387914230019419e+02
2.550000000000000000e+02 7.972465886939571078e+01 1.768542441963494696e+02
2.550000000000000000e+02 7.963547758284600775e+01 1.769840953393585039e+02
2.550000000000000000e+02 7.980892255892256060e+01 1.770520999468367904e+02
2.550000000000000000e+02 7.940944533049795950e+01 1.772857079567605751e+02
2.550000000000000000e+02 7.951018961545277364e+01 1.773224791777423377e+02
2.550000000000000000e+02 7.943354598617756324e+01 1.772242158426369087e+02
2.550000000000000000e+02 7.972301967038809778e+01 1.770748272195640709e+02
2.550000000000000000e+02 7.976670210880736533e+01 1.772960304802410008e+02
2.550000000000000000e+02 7.997284245968457128e+01 1.771780967570441305e+02
2.550000000000000000e+02 7.986921850079744445e+01 1.770100567074251217e+02
2.550000000000000000e+02 7.965027467659047034e+01 1.767314371788056064e+02
2.550000000000000000e+02 7.953588516746411585e+01 1.766243576111997129e+02
2.550000000000000000e+02 7.956375155059365056e+01 1.766738437001594946e+02
2.550000000000000000e+02 7.967065390749601761e+01 1.767974924685451015e+02
2.550000000000000000e+02 7.975354421407052996e+01 1.765225500620237540e+02
2.550000000000000000e+02 7.992176147439305112e+01 1.766049973418394359e+02
2.550000000000000000e+02 7.990603402445508152e+01 1.766665337586390194e+02
2.550000000000000000e+02 7.986022505759348178e+01 1.766187754740386424e+02
2.550000000000000000e+02 7.992127414495836035e+01 1.767653730285309166e+02
2.550000000000000000e+02 7.996158958001063866e+01 1.767132287790182659e+02
2.550000000000000000e+02 8.016741981215665191e+01 1.766096491228070136e+02
2.550000000000000000e+02 7.985207336523126287e+01 1.768464469253943037e+02
2.550000000000000000e+02 7.975651249335459170e+01 1.768907939039517885e+02
2.550000000000000000e+02 7.973529151160730066e+01 1.765932571327308267e+02
2.550000000000000000e+02 7.987076909445330841e+01 1.765981304270777912e+02
2.550000000000000000e+02 7.968088782562466577e+01 1.767060074428495398e+02
2.550000000000000000e+02 7.968274853801169400e+01 1.769782916888180182e+02
2.550000000000000000e+02 7.997381711855396702e+01 1.768809144072301933e+02
2.550000000000000000e+02 8.017592592592592382e+01 1.767280258727627142e+02
2.550000000000000000e+02 8.005236576289208017e+01 1.769719121034910643e+02
2.550000000000000000e+02 8.013317384370016327e+01 1.770174552542973458e+02
2.550000000000000000e+02 8.022877901825270897e+01 1.768438773701931552e+02
2.550000000000000000e+02 8.030821371610845461e+01 1.767479177742335708e+02
2.550000000000000000e+02 8.005949849370901461e+01 1.768254917597022882e+02
2.550000000000000000e+02 8.017685628211944504e+01 1.770178982810561763e+02
2.550000000000000000e+02 8.007270069112173871e+01 1.767988658514974247e+02
2.550000000000000000e+02 7.999579124579125278e+01 1.768941166046429316e+02
2.550000000000000000e+02 8.043394471026050496e+01 1.769249955697324026e+02
2.550000000000000000e+02 8.038113592060960855e+01 1.768739588871167712e+02
2.550000000000000000e+02 8.036142122984227854e+01 1.769330586567428725e+02
2.550000000000000000e+02 8.023715222399432889e+01 1.767219121034910643e+02
2.550000000000000000e+02 8.030453659401027267e+01 1.767485380116958993e+02
2.550000000000000000e+02 8.031437178805599331e+01 1.767309941520467760e+02
2.550000000000000000e+02 7.997820308346624074e+01 1.768125110756689651e+02
2.550000000000000000e+02 7.992876129718234779e+01 1.768193336877547495e+02
2.550000000000000000e+02 7.981609959241538377e+01 1.768962874357611099e+02
2.550000000000000000e+02 7.982270069112173871e+01 1.768745348219032394e+02
2.550000000000000000e+02 8.000779727095516591e+01 1.768178273967747600e+02
2.550000000000000000e+02 8.026617047669678584e+01 1.769328814460393460e+02
2.550000000000000000e+02 8.004731525784157498e+01 1.770763335105440319e+02
2.550000000000000000e+02 8.019626085415559658e+01 1.770448786106680927e+02
2.550000000000000000e+02 8.019510898458267434e+01 1.768194665957823872e+02
2.550000000000000000e+02 8.037838915470494783e+01 1.768441431862484592e+02
2.550000000000000000e+02 8.047195640616693879e+01 1.769785575048732937e+02
2.550000000000000000e+02 8.072895622895623546e+01 1.770289296473507079e+02
2.550000000000000000e+02 8.066772993088783039e+01 1.770767322346269736e+02
2.550000000000000000e+02 8.069639376218323434e+01 1.771058390926812081e+02
2.550000000000000000e+02 8.041493886230728094e+01 1.771059276980329571e+02
2.550000000000000000e+02 8.022177919546341229e+01 1.769200336700336607e+02
2.550000000000000000e+02 7.987019315966684019e+01 1.771417685628211984e+02
2.550000000000000000e+02 7.997501329080276378e+01 1.770735867446393854e+02
2.550000000000000000e+02 7.985583909268119385e+01 1.771525341130604261e+02
2.550000000000000000e+02 7.995645046960837021e+01 1.771944001417685683e+02
2.550000000000000000e+02 7.997262094630515605e+01 1.773628832181463792e+02
2.550000000000000000e+02 7.972275385433280803e+01 1.771973241183767414e+02
2.550000000000000000e+02 7.966604642920432866e+01 1.768610668084352255e+02
2.550000000000000000e+02 7.958789650894914303e+01 1.768568137515505896e+02
2.550000000000000000e+02 7.963348396243132754e+01 1.769397926634768794e+02
2.550000000000000000e+02 7.980608718766613663e+01 1.769390838206627734e+02
2.550000000000000000e+02 8.009507354244196620e+01 1.768027201842991190e+02
2.550000000000000000e+02 8.014943292574871236e+01 1.768774587985114408e+02
2.550000000000000000e+02 8.018948254474570092e+01 1.770225057593478653e+02
2.550000000000000000e+02 8.027627148679779623e+01 1.769109959241538093e+02
2.550000000000000000e+02 8.038773701931596349e+01 1.769615895800106387e+02
2.550000000000000000e+02 8.032859294701400188e+01 1.770133794081162364e+02
2.550000000000000000e+02 8.023250044302676542e+01 1.769947722842459825e+02
2.550000000000000000e+02 8.027892964735069370e+01 1.769782030834662407e+02
2.550000000000000000e+02 8.016604642920432866e+01 1.772370193159666769e+02
2.550000000000000000e+02 8.015373028530923705e+01 1.771592238171185443e+02
2.550000000000000000e+02 8.000318979266347696e+01 1.772977139819245167e+02
2.550000000000000000e+02 7.992597022860181255e+01 1.773619085592769693e+02
2.550000000000000000e+02 8.005626439836966313e+01 1.775241892610313528e+02
2.550000000000000000e+02 8.046730462519936111e+01 1.772946570972886775e+02
2.550000000000000000e+02 8.042933723196881601e+01 1.773557061846535419e+02
2.550000000000000000e+02 8.052808789650894994e+01 1.775015505936558498e+02
2.550000000000000000e+02 8.068226120857700323e+01 1.773400230373914610e+02
2.550000000000000000e+02 8.086749069643806820e+01 1.774597288676235962e+02
2.550000000000000000e+02 8.031521353889775128e+01 1.771798245614035068e+02
2.550000000000000000e+02 7.998223462697147568e+01 1.770413343965975628e+02
2.550000000000000000e+02 8.000762006025163942e+01 1.770344674818358897e+02
2.550000000000000000e+02 7.968837497784866741e+01 1.771344143186248346e+02
2.550000000000000000e+02 7.946079213184476941e+01 1.769842282473861417e+02
2.550000000000000000e+02 7.999929115718589401e+01 1.768957115009746701e+02
2.550000000000000000e+02 8.011345915293283326e+01 1.768864522417154035e+02
2.550000000000000000e+02 8.053783448520290733e+01 1.767472532340953535e+02
2.550000000000000000e+02 8.055617579301789988e+01 1.768951798688640906e+02
2.550000000000000000e+02 8.072186780081517554e+01 1.769555201134148490e+02
2.550000000000000000e+02 8.046309587099061389e+01 1.769205209994683798e+02
2.550000000000000000e+02 8.043607123870282294e+01 1.768371433634591483e+02
2.550000000000000000e+02 8.023449406344143142e+01 1.769552099946836847e+02
2.550000000000000000e+02 8.003761297182349210e+01 1.770064238880028427e+02
2.550000000000000000e+02 8.009361155413786548e+01 1.771124401913875488e+02
2.550000000000000000e+02 8.003982810561757333e+01 1.771166489455963244e+02
2.550000000000000000e+02 8.008399787347156007e+01 1.770276891724260224e+02
2.550000000000000000e+02 8.020215311004784553e+01 1.770379230905546706e+02
2.550000000000000000e+02 8.011102250575935102e+01 1.770389420520999408e+02
2.550000000000000000e+02 8.014659755449228840e+01 1.772624047492468549e+02
2.550000000000000000e+02 8.000420875420874722e+01 1.771795144426723425e+02
2.550000000000000000e+02 7.994701399964557709e+01 1.772723728513202275e+02
2.550000000000000000e+02 7.994435583909267962e+01 1.772600124047492329e+02
2.550000000000000000e+02 7.977410065567960373e+01 1.772013113592061018e+02
2.550000000000000000e+02 7.954758107389686472e+01 1.770250753145489853e+02
2.550000000000000000e+02 7.977029062555378403e+01 1.767689615452773353e+02
2.550000000000000000e+02 7.972519050150629027e+01 1.766124844940634375e+02
2.550000000000000000e+02 7.984857345383660743e+01 1.766476165160375729e+02
2.550000000000000000e+02 7.984370015948962873e+01 1.767200070884281331e+02
2.550000000000000000e+02 7.995773524720893022e+01 1.767045897572213278e+02
2.550000000000000000e+02 8.018660287081340243e+01 1.767664362927520756e+02
2.550000000000000000e+02 8.049920255183413076e+01 1.771024277866383159e+02
2.550000000000000000e+02 8.055471380471379916e+01 1.771924508240297769e+02
2.550000000000000000e+02 8.068908382066277341e+01 1.768907052986000394e+02
2.550000000000000000e+02 8.074388623072833582e+01 1.770575934786461119e+02
2.550000000000000000e+02 8.067539429381534433e+01 1.768827751196172358e+02
2.550000000000000000e+02 8.041462874357611668e+01 1.769009835194045763e+02
2.550000000000000000e+02 8.034618110933899970e+01 1.768291245791245672e+02
2.550000000000000000e+02 8.041857168172957415e+01 1.767215133794081225e+02
2.550000000000000000e+02 8.036500974658869723e+01 1.768385167464114716e+02
2.550000000000000000e+02 8.018584972532340771e+01 1.768065302144249529e+02
2.550000000000000000e+02 8.022332978911926205e+01 1.769360269360269342e+02
2.550000000000000000e+02 8.024198121566543307e+01 1.767597465886939574e+02
2.550000000000000000e+02 8.010194045720361089e+01 1.771045100124047451e+02
2.550000000000000000e+02 8.031357433989012407e+01 1.769832092858408714e+02
2.550000000000000000e+02 8.031450469608364529e+01 1.770490873648768400e+02
2.550000000000000000e+02 8.039597731702994565e+01 1.770474481658692127e+02
2.550000000000000000e+02 8.041830586567428441e+01 1.770204235335814360e+02
2.550000000000000000e+02 8.021548821548822161e+01 1.767868598263335116e+02
2.550000000000000000e+02 7.999853801169591350e+01 1.766751727804359291e+02
2.550000000000000000e+02 7.989788233209286261e+01 1.765242335637072415e+02
2.550000000000000000e+02 7.977604997341839521e+01 1.766122186780081620e+02
2.550000000000000000e+02 7.970671628566365996e+01 1.765256955520113422e+02
2.550000000000000000e+02 7.970148856990962827e+01 1.765600301258195941e+02
2.550000000000000000e+02 7.972767145135566125e+01 1.765929470139996340e+02
2.550000000000000000e+02 7.988552188552188227e+01 1.765767322346269736e+02
2.550000000000000000e+02 7.990377458798511157e+01 1.766474836080099351e+02
2.550000000000000000e+02 7.988202197412724104e+01 1.768219918483076469e+02
2.550000000000000000e+02 7.986332624490519549e+01 1.770177653730285385e+02
2.550000000000000000e+02 7.977511961722487399e+01 1.768362573099415158e+02
2.550000000000000000e+02 7.992273613326244686e+01 1.766670210880737102e+02
2.550000000000000000e+02 7.978792309055467058e+01 1.769104642920432298e+02
2.550000000000000000e+02 7.999202551834130759e+01 1.768806928938507781e+02
2.550000000000000000e+02 7.990528087896508680e+01 1.768545100124047451e+02
2.550000000000000000e+02 7.988968633705475497e+01 1.768427698032961075e+02
2.550000000000000000e+02 8.016768562821194166e+01 1.767826510721247644e+02
2.550000000000000000e+02 8.058869395711501227e+01 1.767196526670210801e+02
2.550000000000000000e+02 8.067774233563707753e+01 1.767747651958178210e+02
2.550000000000000000e+02 8.073148148148148096e+01 1.768662059188374940e+02
2.550000000000000000e+02 8.084551656920078244e+01 1.768907496012759282e+02
2.550000000000000000e+02 8.010778841041998533e+01 1.769161793372319664e+02
2.550000000000000000e+02 8.009919369129895017e+01 1.769584883926989107e+02
2.550000000000000000e+02 7.981796030480241200e+01 1.769477228424596831e+02
2.550000000000000000e+02 7.961465532518164423e+01 1.771505847953216346e+02
2.550000000000000000e+02 7.968855218855219391e+01 1.771851851851851904e+02
2.550000000000000000e+02 7.990266702108807806e+01 1.772045897572213278e+02
2.550000000000000000e+02 7.996965266702109432e+01 1.772041024277866370e+02
2.550000000000000000e+02 7.973701931596669112e+01 1.769887914230019419e+02
2.550000000000000000e+02 7.968735601630338294e+01 1.769975190501506290e+02
2.550000000000000000e+02 7.979718234981392300e+01 1.767725943646996143e+02
2.550000000000000000e+02 7.975389863547758296e+01 1.767004696083643580e+02
2.550000000000000000e+02 7.994843168527378907e+01 1.764315966684387718e+02
2.550000000000000000e+02 8.003641679957469535e+01 1.763767056530214461e+02
2.550000000000000000e+02 8.003251816409711239e+01 1.765945419103313725e+02
2.550000000000000000e+02 8.009405458089668173e+01 1.766932925748715206e+02
2.550000000000000000e+02 8.018961545277335290e+01 1.765607389686337001e+02
2.550000000000000000e+02 8.004354953039162979e+01 1.767723728513202275e+02
2.550000000000000000e+02 8.019891901470849405e+01 1.767941254651780980e+02
2.550000000000000000e+02 8.017818536239589378e+01 1.767182792840687569e+02
2.550000000000000000e+02 8.007642211589579517e+01 1.767185007974481721e+02
2.550000000000000000e+02 8.009361155413786548e+01 1.767102604997341757e+02
2.550000000000000000e+02 7.992734361155413580e+01 1.767344054580896682e+02
2.550000000000000000e+02 7.990935672514619625e+01 1.767375066454013961e+02
2.550000000000000000e+02 8.001825270246322930e+01 1.768165869218500745e+02
2.550000000000000000e+02 7.991511607301080744e+01 1.770350434166223579e+02
2.550000000000000000e+02 8.021548821548822161e+01 1.770843522948786131e+02
2.550000000000000000e+02 8.034387737019315523e+01 1.771450912635123132e+02
2.550000000000000000e+02 8.064238880028354117e+01 1.772386585149743041e+02
2.550000000000000000e+02 8.067880559985823652e+01 1.771932039695197716e+02
2.550000000000000000e+02 8.059945950735423992e+01 1.771493886230728378e+02
2.550000000000000000e+02 8.062258550416444791e+01 1.772088428141059637e+02
2.550000000000000000e+02 8.043930533404217442e+01 1.773629275208222680e+02
2.550000000000000000e+02 8.024543682438419978e+01 1.774926457558036645e+02
2.550000000000000000e+02 8.048112706007442796e+01 1.774253942938153443e+02
2.550000000000000000e+02 8.049791777423357075e+01 1.775698653198653290e+02
2.550000000000000000e+02 8.063494595073542826e+01 1.776688374977848639e+02
2.550000000000000000e+02 8.099472798157009379e+01 1.774972975367712138e+02
2.550000000000000000e+02 8.097049441786283808e+01 1.770987949672160084e+02
2.550000000000000000e+02 8.077848662059187745e+01 1.770669413432571275e+02
2.550000000000000000e+02 8.089407230196704290e+01 1.768285486443381274e+02
2.550000000000000000e+02 8.075066454013821726e+01 1.767837586390217837e+02
2.550000000000000000e+02 8.017127414495836035e+01 1.769121477937267457e+02
2.550000000000000000e+02 8.012360446570973238e+01 1.769782916888180182e+02
2.550000000000000000e+02 7.984183944710260050e+01 1.769060340244550673e+02
2.550000000000000000e+02 7.985876306928938106e+01 1.769113060428850019e+02
2.550000000000000000e+02 8.034564947722842021e+01 1.770132465000885986e+02
2.550000000000000000e+02 8.023444976076555690e+01 1.770722576643629225e+02
2.550000000000000000e+02 8.046229842282474465e+01 1.770027467659046465e+02
2.550000000000000000e+02 8.042747651958178778e+01 1.770449229133439530e+02
2.550000000000000000e+02 8.057801701222753366e+01 1.770373914584440911e+02
2.550000000000000000e+02 8.050186071238702823e+01 1.770102782208045369e+02
2.550000000000000000e+02 8.048919014708488362e+01 1.768880028353712532e+02
2.550000000000000000e+02 8.063698387382598298e+01 1.769856016303384649e+02
2.550000000000000000e+02 8.060765550239234756e+01 1.769774942406521347e+02
2.550000000000000000e+02 8.065412900939216456e+01 1.770207779549884890e+02
2.550000000000000000e+02 8.073923444976077235e+01 1.771030923267765331e+02
2.550000000000000000e+02 8.073232323232323893e+01 1.771913432571327291e+02
2.550000000000000000e+02 8.085707956760587933e+01 1.771434963671805747e+02
2.550000000000000000e+02 8.111283891547049052e+01 1.771944887471203174e+02
2.550000000000000000e+02 8.096105794790005916e+01 1.771132376395534322e+02
2.550000000000000000e+02 8.113166755272018804e+01 1.772852649300017731e+02
2.550000000000000000e+02 8.101621477937267457e+01 1.774097111465532635e+02
2.550000000000000000e+02 8.100460747829168895e+01 1.772872142477405646e+02
2.550000000000000000e+02 8.091321105794790469e+01 1.773403331561226253e+02
2.550000000000000000e+02 8.113631933368775151e+01 1.775743398901293517e+02
2.550000000000000000e+02 8.091852737905369963e+01 1.775523657628920660e+02
2.550000000000000000e+02 8.054235335814283303e+01 1.773884015594541950e+02
2.550000000000000000e+02 8.042893850788587429e+01 1.771764132553606146e+02
2.550000000000000000e+02 8.019067871699451189e+01 1.771691476165160282e+02
2.550000000000000000e+02 8.017911571858940079e+01 1.770599858231437054e+02
2.550000000000000000e+02 7.993026758816232302e+01 1.773405989721779292e+02
2.550000000000000000e+02 8.012076909445330841e+01 1.773100301258195941e+02
2.550000000000000000e+02 8.017233740917951934e+01 1.773302321460216149e+02
2.550000000000000000e+02 8.025637958532695393e+01 1.774030657451710056e+02
2.550000000000000000e+02 8.040705298600035178e+01 1.773397572213361570e+02
2.550000000000000000e+02 8.001829700513910382e+01 1.774615452773347499e+02
2.550000000000000000e+02 8.001594896331738482e+01 1.774471912103491036e+02
2.550000000000000000e+02 7.988095870990608205e+01 1.775662325004430215e+02
2.550000000000000000e+02 8.003685982633351159e+01 1.774810384547226647e+02
2.550000000000000000e+02 8.012218678008152040e+01 1.774968102073365230e+02
2.550000000000000000e+02 7.995175438596491801e+01 1.777458355484671415e+02
2.550000000000000000e+02 8.011957292220449744e+01 1.777984671274144830e+02
2.550000000000000000e+02 8.008993443203969775e+01 1.779179514442672314e+02
2.550000000000000000e+02 7.996486797802587887e+01 1.780510366826156314e+02
2.550000000000000000e+02 8.032407407407407618e+01 1.780224171539960878e+02
2.550000000000000000e+02 8.033479532163742931e+01 1.782356902356902424e+02
2.550000000000000000e+02 8.044413432571327860e+01 1.783266879319510849e+02
2.550000000000000000e+02 8.080555555555555713e+01 1.783176944887471223e+02
2.550000000000000000e+02 8.092211589580010411e+01 1.782749424065213475e+02
2.550000000000000000e+02 8.091954634059896989e+01 1.783561935140882611e+02
2.550000000000000000e+02 8.120941874889243195e+01 1.783622629806840223e+02
2.550000000000000000e+02 8.135273790536948013e+01 1.785002215133794152e+02
2.550000000000000000e+02 8.149556973241183755e+01 1.784949051922736203e+02
2.550000000000000000e+02 8.165377458798511157e+01 1.784571593124224762e+02
2.550000000000000000e+02 8.163215488215487881e+01 1.783678894205210099e+02
2.550000000000000000e+02 8.115541378699273878e+01 1.782426900584795249e+02
2.550000000000000000e+02 8.105001772107034697e+01 1.778996544391281134e+02
2.550000000000000000e+02 8.064345206450470016e+01 1.777202729044834371e+02
2.550000000000000000e+02 8.043864079390395716e+01 1.776656034024454982e+02
2.550000000000000000e+02 8.062533227006910863e+01 1.778246943115364047e+02
2.550000000000000000e+02 8.061173134857345701e+01 1.777189438242069741e+02
2.550000000000000000e+02 8.020813397129187194e+01 1.776906787169945119e+02
2.550000000000000000e+02 8.028575225943646387e+01 1.779152932837143339e+02
2.550000000000000000e+02 8.055781499202551288e+01 1.779680577706893416e+02
2.550000000000000000e+02 8.053375863902179788e+01 1.782132730816941262e+02
2.550000000000000000e+02 8.062165514797094090e+01 1.781500088605351664e+02
2.550000000000000000e+02 8.114664185716817713e+01 1.778926989190147196e+02
2.550000000000000000e+02 8.134507354244196620e+01 1.779131224525961272e+02
2.550000000000000000e+02 8.121867800815169858e+01 1.778174286726918183e+02
2.550000000000000000e+02 8.113849016480595822e+01 1.777494683678894205e+02
2.550000000000000000e+02 8.111625022151338271e+01 1.779515328725855170e+02
2.550000000000000000e+02 8.116511607301080744e+01 1.777047226652489940e+02
2.550000000000000000e+02 8.111682615629983673e+01 1.777252348041821790e+02
2.550000000000000000e+02 8.127516391990076272e+01 1.777321460216197124e+02
2.550000000000000000e+02 8.117738791423002453e+01 1.778515860357965721e+02
2.550000000000000000e+02 8.075886053517632490e+01 1.778910154173312037e+02
2.550000000000000000e+02 8.022177919546341229e+01 1.779617667907141652e+02
2.550000000000000000e+02 8.023077263866737496e+01 1.780420432394116688e+02
2.550000000000000000e+02 8.011009214956582980e+01 1.779778043593832990e+02
2.550000000000000000e+02 8.039021796916533447e+01 1.782233740917951366e+02
2.550000000000000000e+02 8.072350699982278854e+01 1.779385964912280826e+02
2.550000000000000000e+02 8.078739145844409109e+01 1.779586213007265769e+02
2.550000000000000000e+02 8.094196349459507189e+01 1.780913964203437843e+02
2.550000000000000000e+02 8.068350168350168872e+01 1.781320662768031298e+02
2.550000000000000000e+02 8.055143540669855895e+01 1.779541024277866370e+02
2.550000000000000000e+02 8.075868332447279840e+01 1.777152223994329177e+02
2.550000000000000000e+02 8.066666666666667140e+01 1.775942317916002082e+02
2.550000000000000000e+02 8.059733297891192194e+01 1.775215311004784553e+02
2.550000000000000000e+02 8.083222576643629509e+01 1.773905723905724017e+02
2.550000000000000000e+02 8.061744639376217947e+01 1.774275208222576623e+02
2.550000000000000000e+02 8.053491050859472011e+01 1.774472798157008810e+02
2.550000000000000000e+02 8.048250044302676542e+01 1.773435229487861022e+02
2.550000000000000000e+02 8.016728690412901415e+01 1.774134768740031802e+02
2.550000000000000000e+02 8.028973950026581008e+01 1.772879230905546706e+02
2.550000000000000000e+02 8.023781676413256037e+01 1.772287347155768202e+02
2.550000000000000000e+02 8.025447457026403697e+01 1.775652578415736400e+02
2.550000000000000000e+02 8.034197235513025248e+01 1.776124401913875488e+02
2.550000000000000000e+02 8.027604997341839521e+01 1.775195374800638035e+02
2.550000000000000000e+02 7.996145667198298668e+01 1.776822169059011287e+02
2.550000000000000000e+02 8.015696438064858853e+01 1.778200868332447158e+02
2.550000000000000000e+02 8.021925394293815259e+01 1.775897572213361570e+02
2.550000000000000000e+02 8.021092503987240718e+01 1.775879851143008921e+02
2.550000000000000000e+02 8.003801169590643383e+01 1.777475190501506290e+02
2.550000000000000000e+02 7.999853801169591350e+01 1.777317029948608820e+02
2.550000000000000000e+02 8.006534644692538905e+01 1.778379408116250318e+02
2.550000000000000000e+02 8.070268474215842502e+01 1.776095605174552645e+02
2.550000000000000000e+02 8.089566719829878139e+01 1.775249424065213475e+02
2.550000000000000000e+02 8.098161438950913293e+01 1.776517366648945710e+02
2.550000000000000000e+02 8.088211057947900429e+01 1.775154616338826941e+02
2.550000000000000000e+02 8.096455785929470039e+01 1.776620148856991079e+02
2.550000000000000000e+02 8.057877015771752838e+01 1.777170388091440714e+02
2.550000000000000000e+02 8.050239234449760772e+01 1.777912900939216740e+02
2.550000000000000000e+02 8.030489101541732566e+01 1.777274942406521347e+02
2.550000000000000000e+02 8.006694134325712753e+01 1.775745171008328782e+02
2.550000000000000000e+02 7.995091263512316004e+01 1.774323941166046552e+02
2.550000000000000000e+02 7.966910331384015365e+01 1.772843788764841406e+02
2.550000000000000000e+02 7.948533581428318939e+01 1.772211589580010695e+02
2.550000000000000000e+02 7.961660464292043571e+01 1.770143097643097576e+02
2.550000000000000000e+02 7.954009392167286308e+01 1.772014885699096283e+02
2.550000000000000000e+02 7.966772993088783039e+01 1.770478911926280432e+02
2.550000000000000000e+02 7.969236221867801362e+01 1.770321637426900452e+02
2.550000000000000000e+02 7.950832890306574541e+01 1.772735247208931355e+02
2.550000000000000000e+02 7.970773524720893022e+01 1.772528353712564240e+02
2.550000000000000000e+02 7.963445862130072328e+01 1.774243753322700741e+02
2.550000000000000000e+02 7.976568314726209508e+01 1.773512316143895191e+02
2.550000000000000000e+02 7.948086124401913821e+01 1.773371433634591483e+02
2.550000000000000000e+02 7.938450292397661201e+01 1.772614743930533336e+02
2.550000000000000000e+02 7.959941520467836540e+01 1.773215045188729277e+02
2.550000000000000000e+02 7.969107744107743940e+01 1.773444976076555122e+02
2.550000000000000000e+02 7.962559808612439838e+01 1.771675084175084294e+02
2.550000000000000000e+02 7.947319688109162428e+01 1.773411749069643690e+02
2.550000000000000000e+02 7.974366471734893480e+01 1.773818447634237145e+02
2.550000000000000000e+02 8.001967038809144128e+01 1.772741449583554925e+02
2.550000000000000000e+02 8.008993443203969775e+01 1.772268297005139175e+02
2.550000000000000000e+02 7.993859649122806843e+01 1.774080719475456362e+02
2.550000000000000000e+02 7.968850788587630518e+01 1.772221336168704511e+02
2.550000000000000000e+02 7.981999822789296672e+01 1.773542884990253299e+02
2.550000000000000000e+02 7.998369661527556218e+01 1.772869041290094003e+02
2.550000000000000000e+02 7.994231791600212489e+01 1.771903242955874589e+02
2.550000000000000000e+02 8.000000000000000000e+01 1.770053163211057949e+02
2.550000000000000000e+02 8.017490696438065356e+01 1.772184121920963946e+02
2.550000000000000000e+02 8.002520822257663724e+01 1.770470937444621597e+02
2.550000000000000000e+02 7.997558922558923200e+01 1.769569821017189497e+02
2.550000000000000000e+02 8.008621300726564129e+01 1.768681552365762855e+02
2.550000000000000000e+02 7.985575048732943060e+01 1.768692185007974444e+02
2.550000000000000000e+02 8.007150451887294196e+01 1.767580187843345811e+02
2.550000000000000000e+02 8.016511607301080744e+01 1.766174020910862907e+02
2.550000000000000000e+02 8.028663831295409636e+01 1.765493974836080042e+02
2.550000000000000000e+02 8.045357079567605751e+01 1.767222665248981173e+02
2.550000000000000000e+02 8.035052277157539891e+01 1.765043859649122737e+02
2.550000000000000000e+02 7.996287435761119866e+01 1.767198741804004953e+02
2.550000000000000000e+02 7.957996632996632513e+01 1.768981481481481524e+02
2.550000000000000000e+02 7.922594364699628500e+01 1.768342193868509753e+02
2.550000000000000000e+02 7.927786638312953471e+01 1.768682438419280629e+02
2.550000000000000000e+02 7.920777954988481895e+01 1.770816941343257156e+02
2.550000000000000000e+02 7.918740031897927167e+01 1.768358585858585741e+02
2.550000000000000000e+02 7.962599681020734010e+01 1.766552808789651010e+02
2.550000000000000000e+02 7.976461988304093609e+01 1.766890838206627734e+02
2.550000000000000000e+02 7.983426368952684982e+01 1.767517721070352650e+02
2.550000000000000000e+02 7.991276803118908845e+01 1.769367357788410402e+02
2.550000000000000000e+02 8.013640793903951476e+01 1.767548289916711042e+02
2.550000000000000000e+02 8.020148856990962827e+01 1.769068757752968395e+02
2.550000000000000000e+02 8.037776891724260508e+01 1.769361155413787117e+02
2.550000000000000000e+02 8.037006025163920242e+01 1.769502480949849428e+02
2.550000000000000000e+02 8.039167995746943518e+01 1.769976962608541555e+02
2.550000000000000000e+02 8.026608187134502259e+01 1.771212121212121247e+02
2.550000000000000000e+02 8.016130604288498773e+01 1.770107655502392277e+02
2.550000000000000000e+02 7.979456849193691426e+01 1.769376218323586727e+02
2.550000000000000000e+02 7.964349636718057468e+01 1.767326776537302919e+02
2.550000000000000000e+02 7.979740386319333822e+01 1.766505847953216346e+02
2.550000000000000000e+02 7.981920077972709748e+01 1.764344763423710845e+02
2.550000000000000000e+02 8.002414495835547825e+01 1.764740829346092426e+02
2.550000000000000000e+02 8.007761828814460614e+01 1.765228601807549182e+02
2.550000000000000000e+02 8.004279638490164928e+01 1.763549087364876868e+02
2.550000000000000000e+02 8.012546517809676061e+01 1.764052365762892123e+02
2.550000000000000000e+02 8.028079035973772193e+01 1.766780081516923531e+02
2.550000000000000000e+02 8.023174729753677070e+01 1.765762892078681432e+02
2.550000000000000000e+02 8.010712387028176806e+01 1.766904572036150967e+02
2.550000000000000000e+02 7.982580187843345243e+01 1.766869129895445667e+02
2.550000000000000000e+02 8.008009923799397711e+01 1.767499113946482510e+02
2.550000000000000000e+02 7.995268474215842502e+01 1.768002835371256367e+02
2.550000000000000000e+02 8.005356193514087693e+01 1.769088250930356310e+02
2.550000000000000000e+02 8.012081339712918293e+01 1.770864788233209310e+02
2.550000000000000000e+02 8.004146730462520054e+01 1.771271486797802481e+02
2.550000000000000000e+02 7.999198121566543307e+01 1.770436381357434072e+02
2.550000000000000000e+02 7.998174729753677070e+01 1.772135832004253189e+02
2.550000000000000000e+02 8.030276448697500769e+01 1.769039517986886381e+02
2.550000000000000000e+02 8.012723728513202559e+01 1.767999734183944724e+02
2.550000000000000000e+02 8.027578415736310546e+01 1.768153464469253890e+02
2.550000000000000000e+02 8.036257309941520077e+01 1.769009835194045763e+02
2.550000000000000000e+02 8.039371788055998991e+01 1.770659666843877460e+02
2.550000000000000000e+02 8.055458089668616140e+01 1.770570618465355324e+02
2.550000000000000000e+02 8.042592592592592382e+01 1.769688109161793363e+02
2.550000000000000000e+02 7.994329257487152063e+01 1.768513202197412681e+02
2.550000000000000000e+02 7.984463051568314995e+01 1.767380382775119756e+02
2.550000000000000000e+02 7.978814460393407160e+01 1.767900053163210998e+02
2.550000000000000000e+02 7.980431508063087165e+01 1.766448697501328979e+02
2.550000000000000000e+02 7.993877370193159493e+01 1.764200779727095494e+02
2.550000000000000000e+02 7.971783625730994061e+01 1.763957558036505304e+02
2.550000000000000000e+02 7.973444976076555690e+01 1.763328017012227633e+02
2.550000000000000000e+02 7.929248626617047080e+01 1.765413343965975628e+02
2.550000000000000000e+02 7.941967924862662187e+01 1.765784600389863499e+02
2.550000000000000000e+02 7.962028176501860344e+01 1.765263157894736707e+02
2.550000000000000000e+02 7.944373560163033687e+01 1.765321194400141849e+02
2.550000000000000000e+02 7.936815523657628546e+01 1.766569643806485885e+02
2.550000000000000000e+02 7.957296650717702846e+01 1.765000886053517490e+02
2.550000000000000000e+02 7.953996101364522531e+01 1.763742690058479639e+02
2.550000000000000000e+02 7.986554137869927672e+01 1.764987595250753145e+02
2.550000000000000000e+02 8.004306220095693902e+01 1.766800903774588107e+02
2.550000000000000000e+02 8.011580719475456647e+01 1.765482456140350962e+02
2.550000000000000000e+02 7.977055644160907377e+01 1.767073365231260027e+02
2.550000000000000000e+02 7.924393053340422455e+01 1.767443292574871521e+02
2.550000000000000000e+02 7.926612617402091132e+01 1.767221336168704511e+02
2.550000000000000000e+02 7.931437178805599331e+01 1.767862838915470434e+02
2.550000000000000000e+02 7.918695729222045543e+01 1.769774499379762460e+02
2.550000000000000000e+02 7.934662413609781595e+01 1.769797093744462302e+02
2.550000000000000000e+02 7.973861421229842961e+01 1.768912812333865077e+02
2.550000000000000000e+02 8.008807371965266952e+01 1.768067517278043681e+02
2.550000000000000000e+02 8.006193514088251106e+01 1.766105794790005348e+02
2.550000000000000000e+02 7.986434520645046575e+01 1.764035530746056963e+02
2.550000000000000000e+02 7.941228070175438347e+01 1.763386939571149981e+02
2.550000000000000000e+02 7.915333156122629532e+01 1.763862307283359883e+02
2.550000000000000000e+02 7.904727095516568625e+01 1.763943824206982072e+02
2.550000000000000000e+02 7.911133262449051529e+01 1.763110490873648644e+02
2.550000000000000000e+02 7.928774587985114408e+01 1.763678451178451212e+02
2.550000000000000000e+02 7.871672869041290710e+01 1.763977937267410994e+02
2.550000000000000000e+02 7.872820308346624074e+01 1.764160907318802174e+02
2.550000000000000000e+02 7.864411660464291742e+01 1.765058922558922632e+02
2.550000000000000000e+02 7.892300194931773660e+01 1.764133882686514312e+02
2.550000000000000000e+02 7.869798865851497283e+01 1.764250398724082913e+02
2.550000000000000000e+02 7.926528442317915335e+01 1.762118996987418029e+02
2.550000000000000000e+02 7.940169236221868232e+01 1.763077706893496384e+02
2.550000000000000000e+02 7.956729576466418052e+01 1.763181375155059243e+02
2.550000000000000000e+02 7.958169413432571559e+01 1.764785575048732937e+02
2.550000000000000000e+02 7.948520290625553741e+01 1.764564504696083702e+02
2.550000000000000000e+02 7.970250753145489853e+01 1.763689083820662802e+02
2.550000000000000000e+02 7.961359206096048524e+01 1.764296030480240915e+02
2.550000000000000000e+02 7.968979266347687940e+01 1.763316498316498269e+02
2.550000000000000000e+02 7.966219209640262022e+01 1.762970937444621597e+02
2.550000000000000000e+02 7.974074074074074758e+01 1.762441077441077368e+02
2.550000000000000000e+02 7.973945596314017337e+01 1.764323498139287665e+02
2.550000000000000000e+02 7.998914584440900910e+01 1.763389597731703020e+02
2.550000000000000000e+02 7.978451178451177839e+01 1.764813928761297177e+02
2.550000000000000000e+02 7.979470139996455202e+01 1.767715311004784553e+02
2.550000000000000000e+02 7.972944355839092623e+01 1.767703349282296585e+02
2.550000000000000000e+02 7.989810384547226363e+01 1.764339890129363937e+02
2.550000000000000000e+02 7.930320751373382393e+01 1.761904129009392079e+02
2.550000000000000000e+02 7.892561580719475955e+01 1.760574605706184741e+02
2.550000000000000000e+02 7.870454545454545325e+01 1.760157274499379696e+02
2.550000000000000000e+02 7.879195463405989130e+01 1.757977582846003770e+02
2.550000000000000000e+02 7.863698387382598298e+01 1.757138047138047057e+02
2.550000000000000000e+02 7.848741804004961864e+01 1.757416710969342546e+02
2.550000000000000000e+02 7.842588162325004930e+01 1.759049264575580480e+02
2.550000000000000000e+02 7.850815169236221891e+01 1.758277068934963552e+02
2.550000000000000000e+02 7.847381711855396702e+01 1.758785220627325998e+02
2.550000000000000000e+02 7.891786283891546816e+01 1.759810827573985534e+02
2.550000000000000000e+02 7.909870636186425941e+01 1.759137426900584842e+02
2.550000000000000000e+02 7.901546163388267985e+01 1.759669945064681826e+02
2.550000000000000000e+02 7.923365231259968766e+01 1.757700691121743830e+02
2.550000000000000000e+02 7.932611199716463091e+01 1.756993620414673103e+02
2.550000000000000000e+02 7.894023569023569564e+01 1.756623250044302722e+02
2.550000000000000000e+02 7.891675527201843465e+01 1.759195463405989699e+02
2.550000000000000000e+02 7.885982633351054005e+01 1.759526404394825363e+02
2.550000000000000000e+02 7.878858763069288784e+01 1.757440634414318765e+02
2.550000000000000000e+02 7.889712918660286789e+01 1.757803916356547802e+02
2.550000000000000000e+02 7.888118022328548307e+01 1.755642831827042301e+02
2.550000000000000000e+02 7.869843168527378907e+01 1.756038454722665278e+02
2.550000000000000000e+02 7.881273258904838031e+01 1.754010721247563254e+02
2.550000000000000000e+02 7.890386319333687482e+01 1.753549087364876868e+02
2.550000000000000000e+02 7.889664185716817713e+01 1.755171894382420703e+02
2.550000000000000000e+02 7.883289030657451235e+01 1.755518784334573752e+02
2.550000000000000000e+02 7.852099946836789002e+01 1.755303473329789199e+02
2.550000000000000000e+02 7.845538720538721122e+01 1.757288233209285977e+02
2.550000000000000000e+02 7.830015062909799894e+01 1.754740386319333822e+02
2.550000000000000000e+02 7.814699627857523012e+01 1.752734804182172468e+02
2.550000000000000000e+02 7.831561226298067879e+01 1.750646376041112831e+02
2.550000000000000000e+02 7.845113414850257527e+01 1.751621920964026344e+02
2.550000000000000000e+02 7.892884990253411104e+01 1.750002215133794152e+02
2.550000000000000000e+02 7.871243133085238242e+01 1.750227715754031408e+02
2.550000000000000000e+02 7.889739500265815764e+01 1.750304359383306689e+02
2.550000000000000000e+02 7.848139287612971771e+01 1.751281676413255468e+02
2.550000000000000000e+02 7.816174906964380398e+01 1.751680400496190089e+02
2.550000000000000000e+02 7.812094630515683491e+01 1.751519581782739579e+02
2.550000000000000000e+02 7.789708488392699337e+01 1.749968988126883005e+02
2.550000000000000000e+02 7.789327485380117366e+01 1.749974304447988800e+02
2.550000000000000000e+02 7.780989721779195634e+01 1.751086301612617433e+02
2.550000000000000000e+02 7.784715576820839544e+01 1.750046074782916889e+02
2.550000000000000000e+02 7.795069112174375903e+01 1.748082137161084404e+02
2.550000000000000000e+02 7.802015771752613205e+01 1.749039961013645268e+02
2.550000000000000000e+02 7.804984051036682047e+01 1.748242069821017139e+02
2.550000000000000000e+02 7.818797625376572569e+01 1.748262006025163942e+02
2.550000000000000000e+02 7.841795144426723141e+01 1.749588871167818525e+02
2.550000000000000000e+02 7.841219209640262022e+01 1.748787878787878753e+02
2.550000000000000000e+02 7.868040049618997500e+01 1.749068757752968395e+02
2.550000000000000000e+02 7.874853801169591350e+01 1.749571150097465875e+02
2.550000000000000000e+02 7.818394471026050496e+01 1.748923888002835270e+02
2.550000000000000000e+02 7.801342371079212512e+01 1.752039695197589992e+02
2.550000000000000000e+02 7.777609427609426973e+01 1.751627680311890742e+02
2.550000000000000000e+02 7.759183944710260050e+01 1.748769714690767216e+02
2.550000000000000000e+02 7.724113946482367510e+01 1.746685273790536996e+02
2.550000000000000000e+02 7.797581073896863302e+01 1.748323143717880441e+02
2.550000000000000000e+02 7.836487683856104525e+01 1.745686248449406435e+02
2.550000000000000000e+02 7.831149211412369482e+01 1.745706627680311840e+02
2.550000000000000000e+02 7.854536594010278350e+01 1.746546606415027441e+02
2.550000000000000000e+02 7.890979975190501250e+01 1.747372851320219809e+02
2.550000000000000000e+02 7.895777954988481895e+01 1.749204766967924911e+02
2.550000000000000000e+02 7.852972709551656294e+01 1.749159135211766909e+02
2.550000000000000000e+02 7.840585681375155502e+01 1.748364345206450423e+02
2.550000000000000000e+02 7.807513733829523517e+01 1.747887648413964143e+02
2.550000000000000000e+02 7.807779549884813264e+01 1.749677476519581774e+02
2.550000000000000000e+02 7.805223285486442819e+01 1.750323852560694604e+02
2.550000000000000000e+02 7.811912989544568120e+01 1.748885787701577215e+02
2.550000000000000000e+02 7.798165869218500745e+01 1.750652135388977513e+02
2.550000000000000000e+02 7.796845649477228335e+01 1.751457558036505304e+02
2.550000000000000000e+02 7.819953925217083679e+01 1.752829168881800399e+02
2.550000000000000000e+02 7.799220272904483409e+01 1.753239411660464384e+02
2.550000000000000000e+02 7.821898812688286284e+01 1.754949937976253693e+02
2.550000000000000000e+02 7.827210703526492352e+01 1.754144515328725902e+02
2.550000000000000000e+02 7.815142654616339257e+01 1.755276005670742450e+02
2.550000000000000000e+02 7.822350699982278854e+01 1.754175970228601784e+02
2.550000000000000000e+02 7.825230373914584447e+01 1.756225412014885592e+02
2.550000000000000000e+02 7.797377281587807829e+01 1.754862218678008219e+02
2.550000000000000000e+02 7.779066985645933130e+01 1.753115364167995835e+02
2.550000000000000000e+02 7.749118376749956383e+01 1.748437887648414062e+02
2.550000000000000000e+02 7.750243664717348224e+01 1.747948786106680927e+02
2.550000000000000000e+02 7.761775651249335795e+01 1.750031454899875882e+02
2.550000000000000000e+02 7.767610313662945032e+01 1.749505139110402183e+02
2.550000000000000000e+02 7.757442849548112918e+01 1.749238880028353833e+02
2.550000000000000000e+02 7.739805954279638911e+01 1.751005670742512734e+02
2.550000000000000000e+02 7.751063264221158988e+01 1.752419812156654189e+02
2.550000000000000000e+02 7.786461102250575550e+01 1.751201488569909657e+02
2.550000000000000000e+02 7.813530037214248125e+01 1.749867091972355126e+02
2.550000000000000000e+02 7.847660818713450226e+01 1.748328017012227633e+02
2.550000000000000000e+02 7.844984937090200106e+01 1.747805245436824464e+02
2.550000000000000000e+02 7.838224348750664205e+01 1.749733740917951366e+02
2.550000000000000000e+02 7.845202020202020776e+01 1.749126794258373252e+02
2.550000000000000000e+02 7.811487683856104525e+01 1.749778043593832990e+02
2.550000000000000000e+02 7.805400496189969317e+01 1.751558125110756805e+02
2.550000000000000000e+02 7.797722842459684500e+01 1.751540847067162758e+02
2.550000000000000000e+02 7.790253411306042608e+01 1.753162325004430215e+02
2.550000000000000000e+02 7.768926103136629990e+01 1.752091086301612677e+02
2.550000000000000000e+02 7.791954634059896989e+01 1.753840598972177816e+02
2.550000000000000000e+02 7.769351408825093586e+01 1.752775562643983562e+02
2.550000000000000000e+02 7.793531809321282822e+01 1.752377724614566716e+02
2.550000000000000000e+02 7.805307460570618616e+01 1.751410597200070924e+02
2.550000000000000000e+02 7.775345560871876671e+01 1.754621212121212182e+02
2.550000000000000000e+02 7.804292929292928704e+01 1.757148679780258647e+02
2.550000000000000000e+02 7.815271132376395258e+01 1.758849016480595537e+02
2.550000000000000000e+02 7.823786106680843488e+01 1.757562023746234274e+02
2.550000000000000000e+02 7.805847953216374435e+01 1.755926368952684697e+02
2.550000000000000000e+02 7.778389154704943564e+01 1.752849105085947201e+02
2.550000000000000000e+02 7.767180577706893985e+01 1.752764486975013369e+02
2.550000000000000000e+02 7.768664717348927695e+01 1.749993797625376715e+02
2.550000000000000000e+02 7.784906078327131240e+01 1.749823232323232389e+02
2.550000000000000000e+02 7.785645933014353659e+01 1.749041733120680533e+02
2.550000000000000000e+02 7.769657097288676084e+01 1.748083466241361066e+02
2.550000000000000000e+02 7.774167109693425459e+01 1.747200956937799106e+02
2.550000000000000000e+02 7.776377813219917812e+01 1.748437444621655175e+02
2.550000000000000000e+02 7.796260854155590891e+01 1.749055023923444878e+02
2.550000000000000000e+02 7.783794081162501755e+01 1.748611997164628633e+02
2.550000000000000000e+02 7.768044479886584952e+01 1.749034644692539473e+02
2.550000000000000000e+02 7.768855218855219391e+01 1.748494595073542541e+02
2.550000000000000000e+02 7.774884813042707776e+01 1.747711766790714023e+02
2.550000000000000000e+02 7.765904660641503199e+01 1.750634414318624863e+02
2.550000000000000000e+02 7.769059011164274864e+01 1.749708931419457656e+02
2.550000000000000000e+02 7.765248981038455156e+01 1.751056175793017928e+02
2.550000000000000000e+02 7.795029239766081730e+01 1.749700070884281331e+02
2.550000000000000000e+02 7.777396774765195175e+01 1.751523569023568996e+02
2.550000000000000000e+02 7.795897572213361570e+01 1.751774765195817736e+02
2.550000000000000000e+02 7.822089314194577980e+01 1.753897749424065182e+02
2.550000000000000000e+02 7.782101718943823698e+01 1.754113060428850019e+02
2.550000000000000000e+02 7.796991848307638406e+01 1.753968190678716894e+02
2.550000000000000000e+02 7.806264398369661706e+01 1.752096845649477359e+02
2.550000000000000000e+02 7.806020733652312060e+01 1.753884458621300837e+02
2.550000000000000000e+02 7.808665603402445754e+01 1.753531809321283106e+02
2.550000000000000000e+02 7.814207868155236270e+01 1.754731968810916101e+02
2.550000000000000000e+02 7.804013822434875181e+01 1.755673400673400693e+02
2.550000000000000000e+02 7.818593833067517096e+01 1.756377370193159777e+02
2.550000000000000000e+02 7.815222399432926181e+01 1.759436026936026849e+02
2.550000000000000000e+02 7.805949849370901461e+01 1.758568137515505896e+02
2.550000000000000000e+02 7.818846358320043066e+01 1.757954545454545325e+02
2.550000000000000000e+02 7.805918837497785034e+01 1.759983608009923728e+02
2.550000000000000000e+02 7.791511607301080744e+01 1.757757841573630913e+02
2.550000000000000000e+02 7.785459861775650836e+01 1.754708045365940166e+02
2.550000000000000000e+02 7.738304093567251130e+01 1.752822080453659339e+02
2.550000000000000000e+02 7.729979620769094595e+01 1.749964114832535813e+02
2.550000000000000000e+02 7.718921672869041117e+01 1.749984494063441502e+02
2.550000000000000000e+02 7.707872585504163965e+01 1.750424862661704708e+02
2.550000000000000000e+02 7.717978025872763226e+01 1.749941963494595143e+02
2.550000000000000000e+02 7.718230551125287775e+01 1.751586035796562157e+02
2.550000000000000000e+02 7.729576466418571101e+01 1.751038011695906391e+02
2.550000000000000000e+02 7.774424065213538881e+01 1.750579479000531649e+02
2.550000000000000000e+02 7.780241006556795469e+01 1.750711500974658748e+02
2.550000000000000000e+02 7.771083643452064393e+01 1.751331738437001491e+02
2.550000000000000000e+02 7.797594364699628500e+01 1.751648945596313922e+02
2.550000000000000000e+02 7.773409533935850391e+01 1.750407141591352058e+02
2.550000000000000000e+02 7.794205209994683514e+01 1.750828903065745124e+02
2.550000000000000000e+02 7.795693779904306098e+01 1.750556884635832091e+02
2.550000000000000000e+02 7.791219209640262022e+01 1.750748272195640709e+02
2.550000000000000000e+02 7.800230373914584447e+01 1.753285929470139877e+02
2.550000000000000000e+02 7.803685982633351159e+01 1.753324029771398216e+02
2.550000000000000000e+02 7.814061669324827619e+01 1.753689526847421689e+02
2.550000000000000000e+02 7.840049618996987135e+01 1.754559631401736794e+02
2.550000000000000000e+02 7.821615275562643887e+01 1.755924596845649432e+02
2.550000000000000000e+02 7.838942052099946523e+01 1.756706539074960176e+02
2.550000000000000000e+02 7.822403863193336804e+01 1.756387559808612480e+02
2.550000000000000000e+02 7.833767499556972780e+01 1.755868775474038728e+02
2.550000000000000000e+02 7.832735247208931639e+01 1.755744727981570179e+02
2.550000000000000000e+02 7.829647350699981700e+01 1.757549618996987419e+02
2.550000000000000000e+02 7.843589402799929644e+01 1.756985202906255665e+02
2.550000000000000000e+02 7.859968102073365515e+01 1.755709728867623483e+02
2.550000000000000000e+02 7.865271132376395258e+01 1.757631135920609609e+02
2.550000000000000000e+02 7.882522594364699842e+01 1.758321371610845176e+02
2.550000000000000000e+02 7.893567251461988121e+01 1.758305865674286679e+02
2.550000000000000000e+02 7.879097997519049557e+01 1.759457292220450029e+02
2.550000000000000000e+02 7.831348573453836082e+01 1.757510632642211590e+02
2.550000000000000000e+02 7.793265993265993075e+01 1.756014088250930456e+02
2.550000000000000000e+02 7.744750132908028206e+01 1.755089048378522136e+02
2.550000000000000000e+02 7.722319688109162428e+01 1.755804979620769188e+02
2.550000000000000000e+02 7.724915824915825624e+01 1.755134237107921251e+02
2.550000000000000000e+02 7.780870104554314537e+01 1.753140616693248148e+02
2.550000000000000000e+02 7.771508949140527989e+01 1.753503012581959979e+02
2.550000000000000000e+02 7.785207336523126287e+01 1.753599149388623175e+02
2.550000000000000000e+02 7.807580187843345243e+01 1.752710437710437645e+02
2.550000000000000000e+02 7.794984937090200106e+01 1.754456406166932538e+02
2.550000000000000000e+02 7.804709374446215975e+01 1.754382863724968900e+02
2.550000000000000000e+02 7.807021974127236774e+01 1.753763955342902818e+02
2.550000000000000000e+02 7.824707602339181278e+01 1.751714513556618726e+02
2.550000000000000000e+02 7.829106858054225881e+01 1.752988215488215360e+02
2.550000000000000000e+02 7.817681197944355631e+01 1.753087896508949086e+02
2.550000000000000000e+02 7.831428318270423006e+01 1.753468456494772170e+02
2.550000000000000000e+02 7.828858763069288784e+01 1.755905546695020405e+02
2.550000000000000000e+02 7.833430799220272434e+01 1.757663033847244378e+02
2.550000000000000000e+02 7.832004253056884124e+01 1.759926900584795249e+02
2.550000000000000000e+02 7.838109161793371982e+01 1.763866294524189300e+02
2.550000000000000000e+02 7.833674463937622079e+01 1.761079213184476373e+02
2.550000000000000000e+02 7.851732234626970808e+01 1.764258373205741748e+02
2.550000000000000000e+02 7.866817295764664664e+01 1.761263955342902818e+02
2.550000000000000000e+02 7.869794435583909831e+01 1.762398103845472406e+02
2.550000000000000000e+02 7.866888180046075263e+01 1.762526138578770087e+02
2.550000000000000000e+02 7.915377458798511157e+01 1.763170742512847653e+02
2.550000000000000000e+02 7.939673046251994037e+01 1.762215576820840113e+02
2.550000000000000000e+02 7.951049973418393790e+01 1.762485380116958993e+02
2.550000000000000000e+02 7.967765373028531428e+01 1.762601896154527594e+02
2.550000000000000000e+02 7.939845826687931662e+01 1.761284334573808223e+02
2.550000000000000000e+02 7.937431330852383837e+01 1.761223639907850327e+02
2.550000000000000000e+02 7.896429204323941065e+01 1.760325624667729869e+02
2.550000000000000000e+02 7.884923799397483890e+01 1.759755892255892320e+02
2.550000000000000000e+02 7.878907496012759282e+01 1.758436558568137400e+02
2.550000000000000000e+02 7.884104199893673126e+01 1.756420343788764740e+02
2.550000000000000000e+02 7.877387914230018851e+01 1.759908293460925108e+02
2.550000000000000000e+02 7.880555555555555713e+01 1.760455431508063100e+02
2.550000000000000000e+02 7.884963671805776642e+01 1.761487683856104809e+02
2.550000000000000000e+02 7.869812156654262481e+01 1.762152667021088064e+02
2.550000000000000000e+02 7.907868155236576513e+01 1.761959507354244181e+02
2.550000000000000000e+02 7.913623072833598826e+01 1.763845472266525007e+02
2.550000000000000000e+02 7.893496367180577522e+01 1.764428495481127186e+02
2.550000000000000000e+02 7.892273613326244686e+01 1.764163565479354929e+02
2.550000000000000000e+02 7.898050682261208522e+01 1.764331915647705102e+02
2.550000000000000000e+02 7.900088605351763249e+01 1.764052365762892123e+02
2.550000000000000000e+02 7.882792840687577041e+01 1.766438507885876277e+02
2.550000000000000000e+02 7.930785929470140161e+01 1.764022682970051505e+02
2.550000000000000000e+02 7.940328725855042080e+01 1.763698387382598014e+02
2.550000000000000000e+02 7.968044479886584952e+01 1.763164983164983255e+02
2.550000000000000000e+02 7.967814105972000505e+01 1.762343611554137794e+02
2.550000000000000000e+02 7.951377813219917812e+01 1.765252082225766515e+02
2.550000000000000000e+02 7.969400141768562662e+01 1.765764221158958094e+02
2.550000000000000000e+02 7.988122452596137180e+01 1.765130692893850721e+02
2.550000000000000000e+02 7.967978025872763226e+01 1.768340421761474488e+02
2.550000000000000000e+02 7.982810561757929690e+01 1.767007797270955223e+02
2.550000000000000000e+02 7.948121566542619121e+01 1.769516214779372660e+02
2.550000000000000000e+02 7.952542973595605247e+01 1.770654793549530268e+02
2.550000000000000000e+02 7.985087719298245190e+01 1.769716462874357603e+02
2.550000000000000000e+02 7.960220627325890064e+01 1.771068137515505896e+02
2.550000000000000000e+02 7.938087010455431880e+01 1.769144515328725902e+02
2.550000000000000000e+02 7.942597022860181255e+01 1.765963583200425262e+02
2.550000000000000000e+02 7.929948608895976747e+01 1.765164805954279643e+02
2.550000000000000000e+02 7.904882154882155021e+01 1.764475456317561566e+02
2.550000000000000000e+02 7.900965798334219414e+01 1.764922470317207228e+02
2.550000000000000000e+02 7.904412546517809801e+01 1.765622452596136895e+02
2.550000000000000000e+02 7.882376395534289770e+01 1.764267676767676676e+02
2.550000000000000000e+02 7.893996987418040590e+01 1.763608452950558103e+02
2.550000000000000000e+02 7.898985468722311509e+01 1.766276803118908276e+02
2.550000000000000000e+02 7.915302144249513105e+01 1.767771132376395542e+02
2.550000000000000000e+02 7.909294701399964822e+01 1.766481481481481524e+02
2.550000000000000000e+02 7.955812511075669136e+01 1.766785840864788213e+02
2.550000000000000000e+02 7.966981215665425964e+01 1.766055289739500154e+02
2.550000000000000000e+02 7.989256601098706767e+01 1.762972709551656862e+02
2.550000000000000000e+02 8.004474570264044075e+01 1.765325624667729869e+02
2.550000000000000000e+02 7.992131844763423487e+01 1.764435140882509359e+02
2.550000000000000000e+02 7.937812333864965808e+01 1.764844054580896682e+02
2.550000000000000000e+02 7.911921850079744445e+01 1.767165957823852693e+02
2.550000000000000000e+02 7.912112351586036141e+01 1.766759702286018126e+02
2.550000000000000000e+02 7.895458975722134198e+01 1.768815789473684106e+02
2.550000000000000000e+02 7.875186071238702823e+01 1.768519404572036251e+02
2.550000000000000000e+02 7.927954988481303644e+01 1.767945684919369000e+02
2.550000000000000000e+02 7.941117313485734996e+01 1.767267410951621400e+02
2.550000000000000000e+02 7.949175970228601784e+01 1.766404837852206242e+02
2.550000000000000000e+02 7.955373914584440342e+01 1.767354244196349384e+02
2.550000000000000000e+02 7.963561049087364552e+01 1.768431242247031605e+02
2.550000000000000000e+02 7.949672160198475979e+01 1.768440102782207930e+02
2.550000000000000000e+02 7.969909622541202054e+01 1.772961190855927782e+02
2.550000000000000000e+02 7.958798511430090628e+01 1.774465709728867751e+02
2.550000000000000000e+02 7.920786815523658220e+01 1.774014708488392671e+02
2.550000000000000000e+02 7.906357433989012407e+01 1.772908470671628436e+02
2.550000000000000000e+02 7.867641325536062880e+01 1.768503455608718866e+02
2.550000000000000000e+02 7.867131844763423487e+01 1.767083111819953842e+02
2.550000000000000000e+02 7.874716462874357603e+01 1.766014974304447946e+02
2.550000000000000000e+02 7.863193336877547779e+01 1.764849813928761364e+02
2.550000000000000000e+02 7.876094276094275415e+01 1.764542796384901635e+02
2.550000000000000000e+02 7.905918837497785034e+01 1.764437799043062114e+02
2.550000000000000000e+02 7.897917774233563648e+01 1.765622895622895498e+02
2.550000000000000000e+02 7.920326067694489325e+01 1.766363193336877657e+02
2.550000000000000000e+02 7.921606415027467563e+01 1.765583023214602179e+02
2.550000000000000000e+02 7.939588871167818240e+01 1.765379673932305593e+02
2.550000000000000000e+02 7.952600567074250648e+01 1.766519138755980975e+02
2.550000000000000000e+02 7.943071061492113927e+01 1.766975013290802679e+02
2.550000000000000000e+02 7.977760056707424496e+01 1.765971557682084097e+02
2.550000000000000000e+02 7.971034910508595317e+01 1.767082668793195239e+02
2.550000000000000000e+02 7.975837320574161993e+01 1.767776448697501337e+02
2.550000000000000000e+02 7.975735424419634967e+01 1.769434697855750471e+02
2.550000000000000000e+02 7.970786815523658220e+01 1.770432837143363543e+02
2.550000000000000000e+02 7.940864788233209026e+01 1.773010366826156314e+02
2.550000000000000000e+02 7.933364345206450707e+01 1.774843168527379191e+02
2.550000000000000000e+02 7.945007088428141628e+01 1.773770600744284991e+02
2.550000000000000000e+02 7.950664540138224368e+01 1.773698830409356617e+02
2.550000000000000000e+02 7.968323586744639897e+01 1.774061669324827335e+02
2.550000000000000000e+02 7.988800283537125324e+01 1.774881711855396134e+02
2.550000000000000000e+02 7.988662945241892999e+01 1.776058833953570684e+02
2.550000000000000000e+02 8.009857345383660743e+01 1.774374446216551462e+02
2.550000000000000000e+02 7.979567605883394776e+01 1.774717348927875378e+02
2.550000000000000000e+02 7.947815878079036622e+01 1.776198830409356617e+02
2.550000000000000000e+02 7.919417862838915312e+01 1.772045454545454675e+02
2.550000000000000000e+02 7.876337940811625060e+01 1.771141679957469535e+02
2.550000000000000000e+02 7.864070529860003944e+01 1.769080719475456362e+02
2.550000000000000000e+02 7.900943646996277892e+01 1.767383483962431399e+02
2.550000000000000000e+02 7.895401382243487376e+01 1.764881268828637246e+02
2.550000000000000000e+02 7.905608718766613663e+01 1.766177122098174834e+02
2.550000000000000000e+02 7.890528087896508680e+01 1.766753942938153443e+02
2.550000000000000000e+02 7.911155413786993051e+01 1.767383926989190286e+02
2.550000000000000000e+02 7.908537125642388332e+01 1.768322700691121838e+02
2.550000000000000000e+02 7.917566010987063407e+01 1.766464203437887761e+02
2.550000000000000000e+02 7.923914584440900910e+01 1.768312068048910248e+02
2.550000000000000000e+02 7.928065745171008416e+01 1.766594010278220708e+02
2.550000000000000000e+02 7.912892078681552732e+01 1.768193336877547495e+02
2.550000000000000000e+02 7.922049441786283808e+01 1.766850079744816640e+02
2.550000000000000000e+02 7.944883040935673080e+01 1.766431862484494104e+02
2.550000000000000000e+02 7.935769980506822208e+01 1.768884015594541950e+02
2.550000000000000000e+02 7.942167286904128787e+01 1.767942583732057358e+02
2.550000000000000000e+02 7.946398192450824638e+01 1.767593035619351269e+02
2.550000000000000000e+02 7.945197589934431903e+01 1.768376749955697278e+02
2.550000000000000000e+02 7.976302498670919761e+01 1.770601187311713716e+02
2.550000000000000000e+02 8.002498670919723622e+01 1.771335282651072021e+02
2.550000000000000000e+02 7.999109516214780058e+01 1.771124844940634375e+02
2.550000000000000000e+02 8.020290625553784025e+01 1.773091440723019616e+02
2.550000000000000000e+02 7.978437887648414062e+01 1.774121920964026344e+02
2.550000000000000000e+02 7.970303916356547802e+01 1.775419103313840026e+02
2.550000000000000000e+02 7.976524012050327883e+01 1.774935318093212970e+02
2.550000000000000000e+02 7.931880205564415576e+01 1.771868686868686780e+02
2.550000000000000000e+02 7.902941697678539867e+01 1.770125819599503814e+02
2.550000000000000000e+02 7.880737196526669663e+01 1.768552631578947398e+02
2.550000000000000000e+02 7.867180577706893985e+01 1.767331206804890940e+02
2.550000000000000000e+02 7.866245791245790997e+01 1.766281233386496581e+02
2.550000000000000000e+02 7.867955874534821703e+01 1.768500797448165827e+02
2.550000000000000000e+02 7.899313308523835531e+01 1.767321460216197124e+02
2.550000000000000000e+02 7.907961190855927214e+01 1.767840244550770876e+02
2.550000000000000000e+02 7.913011695906432408e+01 1.768186691476165038e+02
2.550000000000000000e+02 7.901510721247562685e+01 1.771039783802941656e+02
2.550000000000000000e+02 7.920676058833953448e+01 1.769260588339535616e+02
2.550000000000000000e+02 7.911695906432748870e+01 1.769715576820840113e+02
2.550000000000000000e+02 7.942694488747120829e+01 1.770601187311713716e+02
2.550000000000000000e+02 7.953677122098174834e+01 1.771295853269537588e+02
2.550000000000000000e+02 7.942716640085060931e+01 1.773391812865497172e+02
2.550000000000000000e+02 7.945264043948255051e+01 1.772112794612794744e+02
2.550000000000000000e+02 7.935747829168882106e+01 1.771877990430621992e+02
2.550000000000000000e+02 7.953132199184830142e+01 1.771572301967038925e+02
2.550000000000000000e+02 7.954013822434875181e+01 1.773125996810207425e+02
2.550000000000000000e+02 7.977937267410950994e+01 1.770597200070884298e+02
2.550000000000000000e+02 7.970219741272373426e+01 1.771230728335991387e+02
2.550000000000000000e+02 7.983014354066985163e+01 1.771127060074428528e+02
2.550000000000000000e+02 7.982899167109692939e+01 1.772064504696083702e+02
2.550000000000000000e+02 7.973746234272550737e+01 1.773903951798688752e+02
2.550000000000000000e+02 7.980201134148502717e+01 1.773521619705830119e+02
2.550000000000000000e+02 7.961084529505582452e+01 1.773112706007442796e+02
2.550000000000000000e+02 7.948533581428318939e+01 1.768335548467127296e+02
2.550000000000000000e+02 7.932863724968987640e+01 1.766830586567428725e+02
2.550000000000000000e+02 7.890302144249513105e+01 1.765976430976431004e+02
2.550000000000000000e+02 7.889495835548467539e+01 1.766270600744284991e+02
2.550000000000000000e+02 7.908023214602161488e+01 1.765242778663831302e+02
2.550000000000000000e+02 7.893735601630338294e+01 1.766287878787878753e+02
2.550000000000000000e+02 7.904292929292928704e+01 1.767229310650363345e+02
2.550000000000000000e+02 7.927060074428494829e+01 1.769170653907495989e+02
2.550000000000000000e+02 7.944435583909267962e+01 1.767508417508417438e+02
2.550000000000000000e+02 7.951364522417154035e+01 1.769190590111642791e+02
2.550000000000000000e+02 7.930936558568137684e+01 1.769125022151337987e+02
2.550000000000000000e+02 7.945476696792486848e+01 1.768219918483076469e+02
2.550000000000000000e+02 7.922124756335283280e+01 1.768384281410597225e+02
2.550000000000000000e+02 7.917597022860181255e+01 1.770227272727272805e+02
2.550000000000000000e+02 7.934963671805776642e+01 1.767694931773879148e+02
2.550000000000000000e+02 7.925031011873116427e+01 1.767839358497253102e+02
2.550000000000000000e+02 7.918310295941874699e+01 1.771637869927343729e+02
2.550000000000000000e+02 7.923467127414495792e+01 1.771507620060251611e+02
2.550000000000000000e+02 7.912590820485557686e+01 1.770611819953925306e+02
2.550000000000000000e+02 7.919962785752260004e+01 1.771462431330852496e+02
2.550000000000000000e+02 7.961890838206628018e+01 1.771379142300195042e+02
2.550000000000000000e+02 7.928411306042885087e+01 1.774828105617579297e+02
2.550000000000000000e+02 7.935747829168882106e+01 1.773177830940988713e+02
2.550000000000000000e+02 7.936576289207867774e+01 1.773118908382066365e+02
2.550000000000000000e+02 7.974632287790183227e+01 1.773195995038100250e+02
2.550000000000000000e+02 7.951519581782739010e+01 1.770539606592238044e+02
2.550000000000000000e+02 7.924304447988659206e+01 1.766918748892433086e+02
2.550000000000000000e+02 7.880484671274145114e+01 1.761470848839269934e+02
2.550000000000000000e+02 7.890780613149034650e+01 1.761608630161261715e+02
2.550000000000000000e+02 7.874539252170831105e+01 1.760132021974127099e+02
2.550000000000000000e+02 7.861713627503101520e+01 1.762284688995215447e+02
2.550000000000000000e+02 7.884542796384901919e+01 1.759681463760411191e+02
2.550000000000000000e+02 7.886106680843522554e+01 1.761620148856991079e+02
2.550000000000000000e+02 7.895157717526139152e+01 1.763494595073542541e+02
2.550000000000000000e+02 7.918669147616516568e+01 1.763343965975545018e+02
2.550000000000000000e+02 7.926665780613149082e+01 1.763822877901825166e+02
2.550000000000000000e+02 7.914992025518341734e+01 1.764190147084883904e+02
2.550000000000000000e+02 7.910575048732943060e+01 1.762413166755272016e+02
2.550000000000000000e+02 7.919187488924330864e+01 1.763070175438596436e+02
2.550000000000000000e+02 7.920379230905547274e+01 1.763756423888002871e+02
2.550000000000000000e+02 7.923608895977316990e+01 1.763076820839978609e+02
2.550000000000000000e+02 7.938051568314726580e+01 1.761323763955342940e+02
2.550000000000000000e+02 7.921562112351585938e+01 1.762927963849016351e+02
2.550000000000000000e+02 7.923932305511253560e+01 1.761937799043062114e+02
2.550000000000000000e+02 7.910366826156300135e+01 1.763470671628566322e+02
2.550000000000000000e+02 7.936204146730462128e+01 1.764332801701222877e+02
2.550000000000000000e+02 7.911633882686514596e+01 1.763587630692893811e+02
2.550000000000000000e+02 7.923072833599150044e+01 1.762947013999645662e+02
2.550000000000000000e+02 7.926528442317915335e+01 1.764830320751373449e+02
2.550000000000000000e+02 7.933320042530569083e+01 1.763880471380471420e+02
2.550000000000000000e+02 7.913689526847421973e+01 1.765190501506290843e+02
2.550000000000000000e+02 7.941861598440546288e+01 1.763864965443912922e+02
2.550000000000000000e+02 7.907677653730284817e+01 1.763266879319510849e+02
2.550000000000000000e+02 7.875925925925925242e+01 1.762826067694488756e+02
2.550000000000000000e+02 7.875345560871876671e+01 1.759322169059011287e+02
2.550000000000000000e+02 7.868345738082579999e+01 1.757204944178628523e+02
2.550000000000000000e+02 7.840758461811093127e+01 1.757508417508417438e+02
2.550000000000000000e+02 7.835743398901293233e+01 1.756386230728336102e+02
2.550000000000000000e+02 7.850447457026403697e+01 1.756383572567783062e+02
2.550000000000000000e+02 7.846624136097820212e+01 1.756252879673932341e+02
2.550000000000000000e+02 7.861740209108630495e+01 1.757242158426369087e+02
2.550000000000000000e+02 7.857704235335813792e+01 1.759883040935672511e+02
2.550000000000000000e+02 7.844395711500975210e+01 1.762336523125996735e+02
2.550000000000000000e+02 7.865714159135211503e+01 1.761950203792308969e+02
2.550000000000000000e+02 7.866405280878964845e+01 1.760348219032429427e+02
2.550000000000000000e+02 7.876196172248803862e+01 1.760769094453305001e+02
2.550000000000000000e+02 7.862612971823497787e+01 1.759638933191564831e+02
2.550000000000000000e+02 7.883798511430090628e+01 1.760988392698918972e+02
2.550000000000000000e+02 7.882562466772992593e+01 1.761063264221158988e+02
2.550000000000000000e+02 7.864513556618820189e+01 1.760359737728158791e+02
2.550000000000000000e+02 7.902312599681020799e+01 1.760658337763600798e+02
2.550000000000000000e+02 7.859720007088428417e+01 1.763179603048023978e+02
2.550000000000000000e+02 7.846061492114124292e+01 1.762580630870104414e+02
2.550000000000000000e+02 7.830524543682437866e+01 1.763579656211235260e+02
2.550000000000000000e+02 7.844931773879142156e+01 1.764764309764309758e+02
2.550000000000000000e+02 7.812457912457912812e+01 1.765761119971646167e+02
2.550000000000000000e+02 7.842357788410420483e+01 1.765466950203792180e+02
2.550000000000000000e+02 7.889114832535885569e+01 1.763802498670919761e+02
2.550000000000000000e+02 7.894745702640439333e+01 1.763617756512493315e+02
2.550000000000000000e+02 7.880604288499024790e+01 1.762462342725500548e+02
2.550000000000000000e+02 7.851377813219917812e+01 1.757612528796739184e+02
2.550000000000000000e+02 7.817800815169236728e+01 1.754432039695197716e+02
2.550000000000000000e+02 7.839783802941697388e+01 1.755058036505404857e+02
2.550000000000000000e+02 7.846265284423179764e+01 1.755730994152046662e+02
2.550000000000000000e+02 7.856357433989012407e+01 1.755125819599503814e+02
2.550000000000000000e+02 7.871371610845295663e+01 1.756559454191033183e+02
2.550000000000000000e+02 7.850137338295232325e+01 1.757958089668615855e+02
2.550000000000000000e+02 7.809795321637426468e+01 1.759797093744462302e+02
2.550000000000000000e+02 7.809999113946481941e+01 1.761692362218678056e+02
2.550000000000000000e+02 7.781321991848307107e+01 1.762369307106149279e+02
2.550000000000000000e+02 7.791812865497075791e+01 1.763753765727449832e+02
2.550000000000000000e+02 7.777680311890837572e+01 1.762924862661704708e+02
2.550000000000000000e+02 7.800314548998758823e+01 1.760856813751550476e+02
2.550000000000000000e+02 7.820108984582668654e+01 1.760783271309587121e+02
2.550000000000000000e+02 7.825367712209816773e+01 1.759941520467836256e+02
2.550000000000000000e+02 7.820560871876661224e+01 1.761690147084883904e+02
2.550000000000000000e+02 7.834104199893673126e+01 1.762143363459152852e+02
2.550000000000000000e+02 7.841188197767145596e+01 1.762870370370370381e+02
2.550000000000000000e+02 7.842712209817473479e+01 1.764205653021442401e+02
2.550000000000000000e+02 7.864867978025873185e+01 1.762863724968988208e+02
2.550000000000000000e+02 7.848825979089137661e+01 1.762551834130781572e+02
2.550000000000000000e+02 7.817667907141591854e+01 1.762641768562821198e+02
2.550000000000000000e+02 7.834121920964025776e+01 1.762908470671628436e+02
2.550000000000000000e+02 7.841152755626440296e+01 1.762531454899875882e+02
2.550000000000000000e+02 7.847217791954633981e+01 1.762814548998759392e+02
2.550000000000000000e+02 7.836749069643806820e+01 1.762131844763423771e+02
2.550000000000000000e+02 7.809170653907496273e+01 1.759922470317207228e+02
2.550000000000000000e+02 7.816657806131490815e+01 1.757398989898989896e+02
2.550000000000000000e+02 7.803101187311713716e+01 1.755041201488569982e+02
2.550000000000000000e+02 7.803499911394648336e+01 1.754071415913521150e+02
2.550000000000000000e+02 7.813747120326067375e+01 1.752478734715576820e+02
2.550000000000000000e+02 7.818305865674287247e+01 1.753534024455076974e+02
2.550000000000000000e+02 7.804487861066807852e+01 1.753334662413609806e+02
2.550000000000000000e+02 7.802547403863192699e+01 1.754032429558745321e+02
2.550000000000000000e+02 7.801798688640793955e+01 1.757418926103136698e+02
2.550000000000000000e+02 7.792464114832536382e+01 1.757892521708311051e+02
2.550000000000000000e+02 7.766267942583732520e+01 1.758020113414850130e+02
