2.498866648002986324e+02 8.710238195222098057e+01 1.483407171519223482e+02
2.498050928518103717e+02 8.689480683090705782e+01 1.480439296379246059e+02
2.497219811496827049e+02 8.665559677118328352e+01 1.477503149496080539e+02
2.496089375699887967e+02 8.639142403882046040e+01 1.474299178798058847e+02
2.494474267450541163e+02 8.606735255692422015e+01 1.466912094064949486e+02
2.493887644643523629e+02 8.584716778648748914e+01 1.462890420865994656e+02
2.494674668719671615e+02 8.587266703994028205e+01 1.459332190182904014e+02
2.494518010451660928e+02 8.576719391564016348e+01 1.457234392497200588e+02
2.494904581933557211e+02 8.566375046659200621e+01 1.457747643710339673e+02
2.494936543486375626e+02 8.543541200074655251e+01 1.455473240948115006e+02
2.494624743374393461e+02 8.520433230683090642e+01 1.454785017730496577e+02
2.494417693169093013e+02 8.514536674132138216e+01 1.454733809257185442e+02
2.494620077454273996e+02 8.521638204553937612e+01 1.451231103023516198e+02
2.494231872900335816e+02 8.543978630085852899e+01 1.448540266890630903e+02
2.493869214259052001e+02 8.526458100037326915e+01 1.445471141284061218e+02
2.493620870660694209e+02 8.542373553564762290e+01 1.443278392123926892e+02
2.493310003732736106e+02 8.525223964165734003e+01 1.441019503546099259e+02
2.493503756065696280e+02 8.538334033221350694e+01 1.445961996080627046e+02
2.491803844718178311e+02 8.486199374766704295e+01 1.443196038633818716e+02
2.493991927958193457e+02 8.542552025009331373e+01 1.449886734789100444e+02
2.494283314669652896e+02 8.560654628592757831e+01 1.452573254945875192e+02
2.495066955953714114e+02 8.568044279581933154e+01 1.454921729189996142e+02
2.495657311496827049e+02 8.577134658454647820e+01 1.455102650242627931e+02
2.495347727696901927e+02 8.586794279581933154e+01 1.456394060283687963e+02
2.497088349197461810e+02 8.634343505039193190e+01 1.457843878312803270e+02
2.496909061216871919e+02 8.627266470698022260e+01 1.457450424598730763e+02
2.496726740388204462e+02 8.627288633818588437e+01 1.457532894736842195e+02
2.497488568495707284e+02 8.628164660321014878e+01 1.457663190556177710e+02
2.497381835572975035e+02 8.607682437476670145e+01 1.455426698394923619e+02
2.497693519036954228e+02 8.623501073161627062e+01 1.456138601157148287e+02
2.497098614221724517e+02 8.620206933557297191e+01 1.457253989361702224e+02
2.497593551698394947e+02 8.618200587905934640e+01 1.455771976483762558e+02
2.498524986002239530e+02 8.626697228443448751e+01 1.460708869914147101e+02
2.498766447368421098e+02 8.633157194848824645e+01 1.461910344344904900e+02
2.500181154348637449e+02 8.678179824561404132e+01 1.466237635311683505e+02
2.500197718365061519e+02 8.688519503546099543e+01 1.466877332960059732e+02
2.500717268570361966e+02 8.709114874953340291e+01 1.469484882418813072e+02
2.502096747853676675e+02 8.747209779768570570e+01 1.472959126539753640e+02
2.501548968831653497e+02 8.719465052258304638e+01 1.471378429451287673e+02
2.500120497387084697e+02 8.678781728256812755e+01 1.467464072415080238e+02
2.499727976857036253e+02 8.644988801791713229e+01 1.464904815229563155e+02
2.499229306644270139e+02 8.641369214259052001e+01 1.464660670959313222e+02
2.500531914893616943e+02 8.665565509518476972e+01 1.468527318962299262e+02
2.500028228816722731e+02 8.667737495334080222e+01 1.468103186823441604e+02
2.499868537700634477e+02 8.654110675625233284e+01 1.468723054311310250e+02
2.499666386711459438e+02 8.640738148562896015e+01 1.467293766330720359e+02
2.499297195782008316e+02 8.637162887271369982e+01 1.465263274542739964e+02
2.499095044792833278e+02 8.614739641657334346e+01 1.463624836692795839e+02
2.499572018477043684e+02 8.621859835759612167e+01 1.464629059350504008e+02
2.500590005599104018e+02 8.640301885031728091e+01 1.467400265957446948e+02
2.501444568868980980e+02 8.682709266517356639e+01 1.470514301045166121e+02
2.502447741694662113e+02 8.708740434863754842e+01 1.472725130645763443e+02
2.503457913400522443e+02 8.738711972751026735e+01 1.478525335946248731e+02
2.503939669652855571e+02 8.735414333706606271e+01 1.481520740014931050e+02
2.504634191862635362e+02 8.760310516983949469e+01 1.483579693915640121e+02
2.504053634751772961e+02 8.737054404628592863e+01 1.481845721351250518e+02
2.502363405188503123e+02 8.699778368794326866e+01 1.477914217058603867e+02
2.502766307390817531e+02 8.653656914893616658e+01 1.474454553938036554e+02
2.502421262597984253e+02 8.632934397163120366e+01 1.473000536580813673e+02
2.502253872713699252e+02 8.606194008958566144e+01 1.471237518663680532e+02
2.501839422359089156e+02 8.594053284807763760e+01 1.469010008398656169e+02
2.501426721724524214e+02 8.591107922732362567e+01 1.469295446061963446e+02
2.500469624860022293e+02 8.626167646509891540e+01 1.467837579320641908e+02
2.500961529488615156e+02 8.643167926465099526e+01 1.468210502986188999e+02
2.500318099104143243e+02 8.646469064949607741e+01 1.468283058044046356e+02
2.501032918066442789e+02 8.678688409854423469e+01 1.469743840985442205e+02
2.501655701754386030e+02 8.696137784621127764e+01 1.474052234975737292e+02
2.501491111422172366e+02 8.681573114968271909e+01 1.471208006718925105e+02
2.499983902575587820e+02 8.654614594998133725e+01 1.467129175998506980e+02
2.498166993281074895e+02 8.590005599104142675e+01 1.462126493094438331e+02
2.497723964165733435e+02 8.574181131019037139e+01 1.460413400522583061e+02
2.497289800298619014e+02 8.557100363941769672e+01 1.459423408921239229e+02
2.496430921052631504e+02 8.540189902948861800e+01 1.456960619634191971e+02
2.495042576521090041e+02 8.512395016797312053e+01 1.455623833519970276e+02
2.494795632698768202e+02 8.508999393430384828e+01 1.454796682530794953e+02
2.494676301791713229e+02 8.497986655468457684e+01 1.455578807390817531e+02
2.494082096864501636e+02 8.498180291153416022e+01 1.453452780888391089e+02
2.494694148936170279e+02 8.499911347517731031e+01 1.451592011944755427e+02
2.495274589399029423e+02 8.532212346024635963e+01 1.451458916573348290e+02
2.496335386338186026e+02 8.578394456886897501e+01 1.455014930944382172e+02
2.497400732549458837e+02 8.631309490481523028e+01 1.458499323441582760e+02
2.497241274729376528e+02 8.621753686076894496e+01 1.457488685143710256e+02
2.497504199328107575e+02 8.621430571108622587e+01 1.458440766144083511e+02
2.497058487308697181e+02 8.601111655468457684e+01 1.455049692049272210e+02
2.495453060843598223e+02 8.537876773049644896e+01 1.451262714632325412e+02
2.492953060843598223e+02 8.468472377752893010e+01 1.442096864501679647e+02
2.491807577454273996e+02 8.420835666293393729e+01 1.438317469204927193e+02
2.490328130832400291e+02 8.394926978350130753e+01 1.434242021276595835e+02
2.489468201754386030e+02 8.386201707726763743e+01 1.432084499813363152e+02
2.489219041620007431e+02 8.379903882045539376e+01 1.431761618141097472e+02
2.490820035460992870e+02 8.421036300858528989e+01 1.435191536020903413e+02
2.491154815229563155e+02 8.436893430384472481e+01 1.436411440836132840e+02
2.490427631578947398e+02 8.417097097797685024e+01 1.437250256625606539e+02
2.489120824001493020e+02 8.377280468458380369e+01 1.435331630272489747e+02
2.489426325121313823e+02 8.360030561776783031e+01 1.435480706420306092e+02
2.490270973310936995e+02 8.360280188503172383e+01 1.437006112355356606e+02
2.490109415826801182e+02 8.368849150802537906e+01 1.437440276222471027e+02
2.487987472004479343e+02 8.323363428518104001e+01 1.431530888391190786e+02
2.487035157708100144e+02 8.297420912653974767e+01 1.425370357409481130e+02
2.485314016424038925e+02 8.242707166853303136e+01 1.421456000373273696e+02
2.484072648376259735e+02 8.212469671519222914e+01 1.416362915266890639e+02
2.483777412280701640e+02 8.190415033594625527e+01 1.415219881485628832e+02
2.483172592385218422e+02 8.214451521089958419e+01 1.410564576334453193e+02
2.482087649309443691e+02 8.212465005599104018e+01 1.409545656028368796e+02
2.481034434490481431e+02 8.193795492721164919e+01 1.405697205113848440e+02
2.479431690929451406e+02 8.161247200447928662e+01 1.400133561963419311e+02
2.480325097984322440e+02 8.185291853303471044e+01 1.402252356289660327e+02
2.481157148189622887e+02 8.216476530421799396e+01 1.404052468271743237e+02
2.481141867301231798e+02 8.211709126539753356e+01 1.403448348264277854e+02
2.479527925531915002e+02 8.176109322508398236e+01 1.400528532101530459e+02
2.480070688689809515e+02 8.184899916013438315e+01 1.401260381672265680e+02
2.481927841545352749e+02 8.230301651735722146e+01 1.405440229563269838e+02
2.482708333333333428e+02 8.259221024636057962e+01 1.411036534154535218e+02
2.481937056737588705e+02 8.230284154535274865e+01 1.410705837066069535e+02
2.480895856662934023e+02 8.203553098170959856e+01 1.407799318775662698e+02
2.481627472937663299e+02 8.220649029488615156e+01 1.410660927584919762e+02
2.480945665360208920e+02 8.201458100037326915e+01 1.410422265770810100e+02
2.479845558044046356e+02 8.194470884658454679e+01 1.406058347331093614e+02
2.479242604516610697e+02 8.189276549085479928e+01 1.401871967151922433e+02
2.479840658827920947e+02 8.215598170959313507e+01 1.402163237215378899e+02
2.481434887084733134e+02 8.266835806270997011e+01 1.405522583053378014e+02
2.481790896789846954e+02 8.280426465098916822e+01 1.406437919932810701e+02
2.481825657894736707e+02 8.251073161627472530e+01 1.407509215192235956e+02
2.483242464539007130e+02 8.258561963419185759e+01 1.411878849384098658e+02
2.485971094624860029e+02 8.313225550578573575e+01 1.418537817282568199e+02
2.486299925345278155e+02 8.296309257185517083e+01 1.419277715565509652e+02
2.486893547032474885e+02 8.307923898842851429e+01 1.420435446995147402e+02
2.487785670959313222e+02 8.331888064576334330e+01 1.422611398842851713e+02
2.489118840985442205e+02 8.353714072415080238e+01 1.425914636991414568e+02
2.489178098170959288e+02 8.345765677491601764e+01 1.425421099290780091e+02
2.488044162933930465e+02 8.323820688689809799e+01 1.424918463045912631e+02
2.487052888204553938e+02 8.312813783128032696e+01 1.422869424225457351e+02
2.488730286487495391e+02 8.349137971257931667e+01 1.426834056550951857e+02
2.490233412653975336e+02 8.380525615901456149e+01 1.430941815976110547e+02
2.490593505039193758e+02 8.412024076147815776e+01 1.434956723590892125e+02
2.490176488428517985e+02 8.384996733855916773e+01 1.432106546285927493e+02
2.490186520156775032e+02 8.406212672639044570e+01 1.434143337066069535e+02
2.490971794512877864e+02 8.420913820455393761e+01 1.433653998693542349e+02
2.492544326241134627e+02 8.475328947368420529e+01 1.435667809817095986e+02
2.493603140164240415e+02 8.515560843598358076e+01 1.439547872340425556e+02
2.494112192049272210e+02 8.531589445688689466e+01 1.441002939529675189e+02
2.493736235535647552e+02 8.520900989175065376e+01 1.439603163493841009e+02
2.494908781261664785e+02 8.534168533034714699e+01 1.443017800485255577e+02
2.497013344531541748e+02 8.586667133258679030e+01 1.448877729563269838e+02
2.497321178611422283e+02 8.594898982829414535e+01 1.451384728443449035e+02
2.497733645949981280e+02 8.598671379245986657e+01 1.452537677304964632e+02
2.497801651735722146e+02 8.579248320268756345e+01 1.451854003359462411e+02
2.497876306457633575e+02 8.548467245240760803e+01 1.452282801418439817e+02
2.498690042926465082e+02 8.587569988801791965e+01 1.455374206793579788e+02
2.499197111795446062e+02 8.590686823441582476e+01 1.458055011198208319e+02
2.497179567935797024e+02 8.523140630832399722e+01 1.453282008212019321e+02
2.496879665920119464e+02 8.508914240388205030e+01 1.451719391564016348e+02
2.496221187943262407e+02 8.511546985815603250e+01 1.448901525755879049e+02
2.498589608995893911e+02 8.597410414333707251e+01 1.455401619074281427e+02
2.499669419559537005e+02 8.639731476297126278e+01 1.459192095931317681e+02
2.498862215378872804e+02 8.631559117207913800e+01 1.456934490481523028e+02
2.498566979283314708e+02 8.613258212019410109e+01 1.456997480403135512e+02
2.498337765957446948e+02 8.573412420679358092e+01 1.456582213512504609e+02
2.498989128406121552e+02 8.561251866368047558e+01 1.459010941582680232e+02
2.499143453714072507e+02 8.561289193729002989e+01 1.460630715752146216e+02
2.499615528182157504e+02 8.547222611048898955e+01 1.460803238148562855e+02
2.499925578574094800e+02 8.558445315416200572e+01 1.462598567562523328e+02
2.500104516610675489e+02 8.568121267263904883e+01 1.461016820642030609e+02
2.499272699701380986e+02 8.531911394176931651e+01 1.458362961926091828e+02
2.499855356476297175e+02 8.556291993281074326e+01 1.459313059910414268e+02
2.500393220418066562e+02 8.581459966405374473e+01 1.462048688876446363e+02
2.500777108995893911e+02 8.598505739081747379e+01 1.462309163867114705e+02
2.500926301791713229e+02 8.637770623366928646e+01 1.463546215938783064e+02
2.500428798058977122e+02 8.651601577081000016e+01 1.460427048338932536e+02
2.500410717618514411e+02 8.665147909667786053e+01 1.459204460619634176e+02
2.501525289287047542e+02 8.705586272863008901e+01 1.464595814669652896e+02
2.500935516983949185e+02 8.686499160134378883e+01 1.461117254572601780e+02
2.498396556550951857e+02 8.602840378872713245e+01 1.453245264091078752e+02
2.497192515864128382e+02 8.550580907054870750e+01 1.449267450541246660e+02
2.496415990108249332e+02 8.531191675998506696e+01 1.446990481522956316e+02
2.496185726950354535e+02 8.518898142963791997e+01 1.444768570362075479e+02
2.496510824934677260e+02 8.541399542739827666e+01 1.446627239641657354e+02
2.496183860582306693e+02 8.536069895483389303e+01 1.446529721911160777e+02
2.496258282008211893e+02 8.544496547219111449e+01 1.446866251399775933e+02
2.495838349197461810e+02 8.546976483762597354e+01 1.446030001866367911e+02
2.496543136431504308e+02 8.542929964539007415e+01 1.446617907801418426e+02
2.496663983762597923e+02 8.554244820828667173e+01 1.447618047779021992e+02
2.496675531914893611e+02 8.563623320268756345e+01 1.446891797312430015e+02
2.495886641470698066e+02 8.538674645390071305e+01 1.445684257185517083e+02
2.494872737028742051e+02 8.513896276595744439e+01 1.441781215005599108e+02
2.494267100597237743e+02 8.487768290406867777e+01 1.440219414893616943e+02
2.494756205673758984e+02 8.502444942142589923e+01 1.440209033221351262e+02
2.493623903508772059e+02 8.449276782381485873e+01 1.440410134378499549e+02
2.493021183277342345e+02 8.430215332213512625e+01 1.443460596304591377e+02
2.491638437849944125e+02 8.377098497573722113e+01 1.440068472377752755e+02
2.490594088279208620e+02 8.346562383351997028e+01 1.439138787793953043e+02
2.490549645390071021e+02 8.335866927958193173e+01 1.438582026875699853e+02
2.490811753452780977e+02 8.333163027248973265e+01 1.435121313923105504e+02
2.489792833146696580e+02 8.313890444195595819e+01 1.429738241881298961e+02
2.490647279768570286e+02 8.330201334453154516e+01 1.430727766890630903e+02
2.490180921052631504e+02 8.331024869354236273e+01 1.428850083986562254e+02
2.490622083799925406e+02 8.339612495334080222e+01 1.429067982456140271e+02
2.489759471817842496e+02 8.363657148189622603e+01 1.432060120380739079e+02
2.491266913960432987e+02 8.423095138111236224e+01 1.437666456700261222e+02
2.492438409854423185e+02 8.482510964912280826e+01 1.443306154348637449e+02
2.490290570175438631e+02 8.416540686823441320e+01 1.436255132512131354e+02
2.488987145390071021e+02 8.391717991787980679e+01 1.433534667786487375e+02
2.489384681784247846e+02 8.404177164986936077e+01 1.432257255505785736e+02
2.490556644270250217e+02 8.444109275849197616e+01 1.432169186263531060e+02
2.491136501493094499e+02 8.458040546845838037e+01 1.433174808697275182e+02
2.488997760358342646e+02 8.405477790220231782e+01 1.426747737028742051e+02
2.489500046659201189e+02 8.430323814856289744e+01 1.429648189622993755e+02
2.488992044606196430e+02 8.402293299738708754e+01 1.429535391004106089e+02
2.488825471257931952e+02 8.379831560283687963e+01 1.431273796192609211e+02
2.489234089212392576e+02 8.388488008585292732e+01 1.432250373273609512e+02
2.489131322321761957e+02 8.370786674132138216e+01 1.432626913027249032e+02
2.488685027062336701e+02 8.362638811123554206e+01 1.431667716498693608e+02
2.488163027248973549e+02 8.342903135498320921e+01 1.430331047032474885e+02
2.487583753266144129e+02 8.333088372527062404e+01 1.430968295072788408e+02
2.487696901829040712e+02 8.342786487495334313e+01 1.430756578947368496e+02
2.488644316909294503e+02 8.358977230309817230e+01 1.431585013064576231e+02
2.488985628966032095e+02 8.359196528555430916e+01 1.433263227883538775e+02
2.488517403882045471e+02 8.330846397909667189e+01 1.428861048898842796e+02
2.487807834079880536e+02 8.322984322508398236e+01 1.424966988615154833e+02
2.488634051885031795e+02 8.339450354609928695e+01 1.425756462299365523e+02
2.489681667599850812e+02 8.369200261291526033e+01 1.429512877939529574e+02
2.489594531541619915e+02 8.390680991041433856e+01 1.429764954273982767e+02
2.489505529115341460e+02 8.384629292646509668e+01 1.429677934863755127e+02
2.490442445875326598e+02 8.401462765957447232e+01 1.432475970511384844e+02
2.491114221724524214e+02 8.424615061590145615e+01 1.432764091078760771e+02
2.490978093505039226e+02 8.414625326614408607e+01 1.432952827547592278e+02
2.490323464912280826e+02 8.418064109742441303e+01 1.431954553938036554e+02
2.490494587532661512e+02 8.398502239641656786e+01 1.433415570175438631e+02
2.490637714632325412e+02 8.371551885031728091e+01 1.435720884658454679e+02
2.490871710526315894e+02 8.380048525569242202e+01 1.435386571481896283e+02
2.490588022583053487e+02 8.382035041060096603e+01 1.434739291713325997e+02
2.490730916386711442e+02 8.376308790593505194e+01 1.434360535647629717e+02
2.490216615341545321e+02 8.374499580067188731e+01 1.431818192422545621e+02
2.489944592198581574e+02 8.389965938783127797e+01 1.429195362075401192e+02
2.489594881485628832e+02 8.386124720044793435e+01 1.428244097611049028e+02
2.489196878499440118e+02 8.378858715938783064e+01 1.428034481149682620e+02
2.488985162374020206e+02 8.368039613661814258e+01 1.427185400335946213e+02
2.488393756998880235e+02 8.360777108995894480e+01 1.425676675065322740e+02
2.487508981896230011e+02 8.345898656215005929e+01 1.425693589025756012e+02
2.486448184957073408e+02 8.326972517730496293e+01 1.422246057297498965e+02
2.486199374766704011e+02 8.331970884658454679e+01 1.420833916573348290e+02
2.486136034901082610e+02 8.338211552818215466e+01 1.421915126913027336e+02
2.485986725457260036e+02 8.317153088839118880e+01 1.420638414520343531e+02
2.485555127846211292e+02 8.313797125793206533e+01 1.418769830160507581e+02
2.485453177491601480e+02 8.302355123180291230e+01 1.418460596304591377e+02
2.485443029115341460e+02 8.295790173572228809e+01 1.418514604329973849e+02
2.485947881672265680e+02 8.317802818215751870e+01 1.420149776035834179e+02
2.486198324934677260e+02 8.325768710339679046e+01 1.418183090705487075e+02
2.485977860209033281e+02 8.322243607689436828e+01 1.419960106382978609e+02
2.486684630459126595e+02 8.344347237775289727e+01 1.420836599477416939e+02
2.487009728443449035e+02 8.357331326987682019e+01 1.422862658641284099e+02
2.487822298432250818e+02 8.374381765584173820e+01 1.424874020156775032e+02
2.487569288913773846e+02 8.370910321015304589e+01 1.424102510265024364e+02
2.487616064762971178e+02 8.371248600223964331e+01 1.422392217245240715e+02
2.487909201194475486e+02 8.376299458753265981e+01 1.421644386898096286e+02
2.487384168533034767e+02 8.378647583053377446e+01 1.421408641284061218e+02
2.487154138671145915e+02 8.385455160507652295e+01 1.419110558977230312e+02
2.487732246173945612e+02 8.406324654721910861e+01 1.423073558230683204e+02
2.487506415640164334e+02 8.403032848077640438e+01 1.422523562896603266e+02
2.487550625233295989e+02 8.413415686823441320e+01 1.421985932250839824e+02
2.487634961739454980e+02 8.427213979096677576e+01 1.423278042179917975e+02
2.487600200634565226e+02 8.420879992534527503e+01 1.422474337439342946e+02
2.487736562150055875e+02 8.395226763717805341e+01 1.424950774542739964e+02
2.487764557670772660e+02 8.355036860768943541e+01 1.422968225083986624e+02
2.488372877006345618e+02 8.354723077640910844e+01 1.425238778462112634e+02
2.489636874766704011e+02 8.365376539753638951e+01 1.429340822135125109e+02
2.490831700261291530e+02 8.371827174318775633e+01 1.429976787047405651e+02
2.489717128592758399e+02 8.345660694288913817e+01 1.427752309630459138e+02
2.489763554497947098e+02 8.346628872713699820e+01 1.428585876259798511e+02
2.490389954273982767e+02 8.371711692795818749e+01 1.430226647069802084e+02
2.491451217805151259e+02 8.385947415080254075e+01 1.430836949421425857e+02
2.491199724710712928e+02 8.398698208286674571e+01 1.432051955020530158e+02
2.490141843971631204e+02 8.374119307577454663e+01 1.430068938969764929e+02
2.490197951661067464e+02 8.379993701007838069e+01 1.429429824561403564e+02
2.490555127846211292e+02 8.392894970138111432e+01 1.430568309070548594e+02
2.491361865434863887e+02 8.401077827547592847e+01 1.432882488801791681e+02
2.491971817842478458e+02 8.422988988428518553e+01 1.434938876446435359e+02
2.492072718365061519e+02 8.443009285181037171e+01 1.435937150055991083e+02
2.491887364688316495e+02 8.446660367674505210e+01 1.434351203807390789e+02
2.492027108995893911e+02 8.471392077267637433e+01 1.436611492161254091e+02
2.492586436170212778e+02 8.499030655095184272e+01 1.436524122807017534e+02
2.492727580253826147e+02 8.515496687196714731e+01 1.438512971257931952e+02
2.493833986562150073e+02 8.519518710339679046e+01 1.440460059723777420e+02
2.493311753452780977e+02 8.517021276595744439e+01 1.439999533407988110e+02
2.492038657148189600e+02 8.502520763344531929e+01 1.439830860395670129e+02
2.492318379059350377e+02 8.506331653602090626e+01 1.438687593318402378e+02
2.493162910600970577e+02 8.519725177304964348e+01 1.441236118887644579e+02
2.493084173198954829e+02 8.500851530421799396e+01 1.444051651735722146e+02
2.493336249533408022e+02 8.510593971631205079e+01 1.445656728256812187e+02
2.493758165360208920e+02 8.498497573721537890e+01 1.446071061963419311e+02
2.494193262411347405e+02 8.510090052258304638e+01 1.446302141657334914e+02
2.494653322135125109e+02 8.532832913400523012e+01 1.449420609369167607e+02
2.495333379992534617e+02 8.541777482269503707e+01 1.450713769130272510e+02
2.495793206420306092e+02 8.554744074281448718e+01 1.454101693729003273e+02
2.495988941769316796e+02 8.522804684583799428e+01 1.454299062150055875e+02
2.495759845091452007e+02 8.501146649869353666e+01 1.452142590518850227e+02
2.495000000000000000e+02 8.490279721911160493e+01 1.450442329227323626e+02
2.495562126726390488e+02 8.501080160507652295e+01 1.447686636804778004e+02
2.495820968645016933e+02 8.539504012691303103e+01 1.447734229189996142e+02
2.496031051698394947e+02 8.539759471817842496e+01 1.446823324934677260e+02
2.496672849010824962e+02 8.543896976483762273e+01 1.447108529301978308e+02
2.496603910041060033e+02 8.553346631205673134e+01 1.448714189063083211e+02
2.496328504106009802e+02 8.552097331093690968e+01 1.449555337812616642e+02
2.496252566256065677e+02 8.551152482269503707e+01 1.449411160880925706e+02
2.495787840612168793e+02 8.558089539007092128e+01 1.452347074468084998e+02
2.496751353116834764e+02 8.576341452034341728e+01 1.454098777528928679e+02
2.497161837439342946e+02 8.608707773422918308e+01 1.456397326427771475e+02
2.497681504292646650e+02 8.598926838372527470e+01 1.458127216312056760e+02
2.498617721164613670e+02 8.586090892123927176e+01 1.459126889697648437e+02
2.498652365621500451e+02 8.581022536394176825e+01 1.460422499066816044e+02
2.498649216125419912e+02 8.576706560283687963e+01 1.458873646883165236e+02
2.498648749533408022e+02 8.574027155655095100e+01 1.459196178611422283e+02
2.498032148189622887e+02 8.574367767823814290e+01 1.456729773236282313e+02
2.496797079134005344e+02 8.558411487495334313e+01 1.450879875886524815e+02
2.494804731243001186e+02 8.518202920865994088e+01 1.447331443635684991e+02
2.493382325494587519e+02 8.470893990294885612e+01 1.442618281075027937e+02
2.491338419186263593e+02 8.416408874580066879e+01 1.437126376446435359e+02
2.491563899776035953e+02 8.410537980589772644e+01 1.437322928331466869e+02
2.491773749533408022e+02 8.417344391564016348e+01 1.437591918626353049e+02
2.492430244494214264e+02 8.402826381112355136e+01 1.438228933370660627e+02
2.492390584173198818e+02 8.421436403508772628e+01 1.439589399029488561e+02
2.491915243561030309e+02 8.416671332586786036e+01 1.440196435237028822e+02
2.490539263717805056e+02 8.419755505785741434e+01 1.436465798805524514e+02
2.489922545726017233e+02 8.411824608062710240e+01 1.433781844904815159e+02
2.489636524822695094e+02 8.406026035834265997e+01 1.432223777528928679e+02
2.489007908734602381e+02 8.393781494960806810e+01 1.430752962859275783e+02
2.488606522956326899e+02 8.380386804777901943e+01 1.429767637178051416e+02
2.487608482642777119e+02 8.355342478536766748e+01 1.429461552818215750e+02
2.486305874393430315e+02 8.316440369540873689e+01 1.427778088839119164e+02
2.485572158454647251e+02 8.294147769690182770e+01 1.426222587719298360e+02
2.484990434863755127e+02 8.272438409854423469e+01 1.424567469204927193e+02
2.485460876259798511e+02 8.259462486002239245e+01 1.424034854423292131e+02
2.484877986188876378e+02 8.273314436356849910e+01 1.420384238521836551e+02
2.485585572974990782e+02 8.301915360209032713e+01 1.419844624860022293e+02
2.486585946248600294e+02 8.348788027248973265e+01 1.423399589399029423e+02
2.487839329040686778e+02 8.371668533034714699e+01 1.424121290593504909e+02
2.487508282008211893e+02 8.372772023142964315e+01 1.422692002612915303e+02
2.486776432437476672e+02 8.364977603583426458e+01 1.421733156028368796e+02
2.486135918253079637e+02 8.356398142963791997e+01 1.421827757558790495e+02
2.485920352743561068e+02 8.333537467338558713e+01 1.419909364501679647e+02
2.485467991787980679e+02 8.321835339678985122e+01 1.418650265957446948e+02
2.484023422918999700e+02 8.277591918626353618e+01 1.414626959686450220e+02
2.482386268197088555e+02 8.241880132512130785e+01 1.410996640537514111e+02
2.481690462859275783e+02 8.215722984322508182e+01 1.409851623740201489e+02
2.481557134191862701e+02 8.210364175065322456e+01 1.408298105636431501e+02
2.480967128592758399e+02 8.197753359462485889e+01 1.408154978536767317e+02
2.481186193542366425e+02 8.198706373646882639e+01 1.408055127846211292e+02
2.483115784807764044e+02 8.245663027248973265e+01 1.410439762971257949e+02
2.483611538820455280e+02 8.280028695408734052e+01 1.411979866554684691e+02
2.483570478723404165e+02 8.291904628592757831e+01 1.411395810003732834e+02
2.483488475177304906e+02 8.287295865994774147e+01 1.410382488801791681e+02
2.483937336692795839e+02 8.307887737961925723e+01 1.411140350877192873e+02
2.484245754012691236e+02 8.318929637924598808e+01 1.413504805897723031e+02
2.484014557670772660e+02 8.326009005225830606e+01 1.415226180477790194e+02
2.483120917319895398e+02 8.314925111982083195e+01 1.412193565696155417e+02
2.481635288353863302e+02 8.265136244867487392e+01 1.409123506905561669e+02
2.479899449421425857e+02 8.238285041060096603e+01 1.405689506345651409e+02
2.479432974057484103e+02 8.196990481522956884e+01 1.402882605449794653e+02
2.478967081933557211e+02 8.171939156401641924e+01 1.400423665546845768e+02
2.478959616461366124e+02 8.169508212019410109e+01 1.400803121500559882e+02
2.480347960992907872e+02 8.185402668906309032e+01 1.402539077081000300e+02
2.480812453340798811e+02 8.203498273609555724e+01 1.403618071108622587e+02
2.481640304217991684e+02 8.236842105263157521e+01 1.406045749346771174e+02
2.481998763531168208e+02 8.262907101530421983e+01 1.408916806644270139e+02
2.482285834266517384e+02 8.272902668906309032e+01 1.408957050205300447e+02
2.481940906121687078e+02 8.274002659574468055e+01 1.408752799552071622e+02
2.481785181037700738e+02 8.283914240388205030e+01 1.407939529675252004e+02
2.481391494027622286e+02 8.265966778648748914e+01 1.407802118327734320e+02
2.480574958006718873e+02 8.235554311310190201e+01 1.407205580440462995e+02
2.480324164800298661e+02 8.223565229563270407e+01 1.406911160880925706e+02
2.480123996827174437e+02 8.217393383725270439e+01 1.406990714818962260e+02
2.480083636618141156e+02 8.205651595744680549e+01 1.406256648936170279e+02
2.479270366741321254e+02 8.178000186636805324e+01 1.403929521276595835e+02
2.478726670399402678e+02 8.144038120567375927e+01 1.402987005412467454e+02
2.479065299552071622e+02 8.138064576334453193e+01 1.403852183650616041e+02
2.478802141657334914e+02 8.134813596491227372e+01 1.402933580627099559e+02
2.478067842478536704e+02 8.104968038447181300e+01 1.401403858715938782e+02
2.476880249160134326e+02 8.094682017543860297e+01 1.395548362262038040e+02
2.476745287420679347e+02 8.102544092945129250e+01 1.394205977043673101e+02
2.477889954273982767e+02 8.139947275102650792e+01 1.395795072788353934e+02
2.478091172079134026e+02 8.142315229563270407e+01 1.395179871220604753e+02
2.477618047779021992e+02 8.127925531914893043e+01 1.394181247667039827e+02
2.476350667226577116e+02 8.104278648749533431e+01 1.393129899216125409e+02
2.477485652295632690e+02 8.108314669652855855e+01 1.394207260171705798e+02
2.477972424412094199e+02 8.127318962299365523e+01 1.396535204367301333e+02
2.478907358156028238e+02 8.134727276969017851e+01 1.400197368421052602e+02
2.478590308883912030e+02 8.142645343411720660e+01 1.399573651549085582e+02
2.477945128779395247e+02 8.135689622993653813e+01 1.395586272863008617e+02
2.478598007652109061e+02 8.158791759985068381e+01 1.394496663867114705e+02
2.479638741134751854e+02 8.193468878312803838e+01 1.396697111795446062e+02
2.479753406121687078e+02 8.199676885031728091e+01 1.396801278462112634e+02
2.479092478536767317e+02 8.184840425531915287e+01 1.395372457073534918e+02
2.479114291713325997e+02 8.177364455020530443e+01 1.397301581746920363e+02
2.479892917133258550e+02 8.185891424038820219e+01 1.399636058230683204e+02
2.480560260358342646e+02 8.202043673012317981e+01 1.402927281634938481e+02
2.480724267450541163e+02 8.214064249720044586e+01 1.403732269503546206e+02
2.481079693915640121e+02 8.213673478910041581e+01 1.404566769316909358e+02
2.481764534341172066e+02 8.240276222471071321e+01 1.406525755879059432e+02
2.482401315789473699e+02 8.255207166853303136e+01 1.407754059350504008e+02
2.482208729936543534e+02 8.246217105263157521e+01 1.407037840612168793e+02
2.481249766703994055e+02 8.232780421799178328e+01 1.404868537700634477e+02
2.482231942889137599e+02 8.253264977603583930e+01 1.405782124860022293e+02
2.483984462486002371e+02 8.293206420306084681e+01 1.412602650242627931e+02
2.482486468831653497e+02 8.242894970138111432e+01 1.409351553751399706e+02
2.483569895483389303e+02 8.259476483762597354e+01 1.413184023889511138e+02
2.482221677864874891e+02 8.232977556924225837e+01 1.410895040126912932e+02
2.483711389511011589e+02 8.262561823441582476e+01 1.413497690369540862e+02
2.484978886711459438e+02 8.276411440836132272e+01 1.414388414520343531e+02
2.485290220231429714e+02 8.290874626726390773e+01 1.415269456886898070e+02
2.486971934490481431e+02 8.335373506905561669e+01 1.418044862821948584e+02
2.485700471257931952e+02 8.315207400149309080e+01 1.416777948861515597e+02
2.485878592758491834e+02 8.306251166480029724e+01 1.415747597051138484e+02
2.486550018663680532e+02 8.280000699888017834e+01 1.417562406681597622e+02
2.487836529488615156e+02 8.266778648749533431e+01 1.420931900895856757e+02
2.488285391004106089e+02 8.266149916013438315e+01 1.422620147443075780e+02
2.488239081746920363e+02 8.265465192235909342e+01 1.422911300858529273e+02
2.488840402202314408e+02 8.272585386338185742e+01 1.423250513251213079e+02
2.489188129899216051e+02 8.324458753266144129e+01 1.425952081000373255e+02
2.488700424598730763e+02 8.331049365434863319e+01 1.424263951101157204e+02
2.488765980776409208e+02 8.324091312056737024e+01 1.423880062523329570e+02
2.488296705860395548e+02 8.332390817469205047e+01 1.421917809817095986e+02
2.487311263531168208e+02 8.313204553938037122e+01 1.421318239081746810e+02
2.487336109555804455e+02 8.313510171705860330e+01 1.423038330533781277e+02
2.486064179731243087e+02 8.276536254199328368e+01 1.422371453900709355e+02
2.486596794512877864e+02 8.253418952967524547e+01 1.422724197461739379e+02
2.485941932624113520e+02 8.261218038447181300e+01 1.423295772676371769e+02
2.485624416759985138e+02 8.246884331840239213e+01 1.421931107689436260e+02
2.485933883911907287e+02 8.282472471071295672e+01 1.420288587159387816e+02
2.484928611422172366e+02 8.294326241134751854e+01 1.414287513997760470e+02
2.484215775475923920e+02 8.284361002239641891e+01 1.410778508771929864e+02
2.483772396416573258e+02 8.289147069802164935e+01 1.413700191302724818e+02
2.482832213512504609e+02 8.278295306084359595e+01 1.410653228816722731e+02
2.482358739268383658e+02 8.212255039193729544e+01 1.405805337812616642e+02
2.481759635125046657e+02 8.168562196715191703e+01 1.402666456700261222e+02
2.482208496640537589e+02 8.152839212392683521e+01 1.401285694288913817e+02
2.482364221724524214e+02 8.152978023516237727e+01 1.400504385964912331e+02
2.481450517917133141e+02 8.135179871220604753e+01 1.399269783501306392e+02
2.480853513437849927e+02 8.136114221724524498e+01 1.401061846771183355e+02
2.479854073348264194e+02 8.125909854423292700e+01 1.400497737028742051e+02
2.479885218365061519e+02 8.114716312056737024e+01 1.400767543859649038e+02
2.479549388764464481e+02 8.105804404628592863e+01 1.399713862448674888e+02
2.480034411160880836e+02 8.111467665173572072e+01 1.400456093691676074e+02
2.479251469764837736e+02 8.137477836879432402e+01 1.398584593131765530e+02
2.480095068122433872e+02 8.173145296752520039e+01 1.399345021463232683e+02
2.480470907988055274e+02 8.211874766703994055e+01 1.398705090518850227e+02
2.481083076707726889e+02 8.237883771929824661e+01 1.402097914333706683e+02
2.481100690556177710e+02 8.246406075027995541e+01 1.402772373086972664e+02
2.480906938223217537e+02 8.247924832026875208e+01 1.402850760544979494e+02
2.480383771929824661e+02 8.236992581187010387e+01 1.402177584919746209e+02
2.480739898282941454e+02 8.227588419186263025e+01 1.402125909854423185e+02
2.478936520156775032e+02 8.195688689809630034e+01 1.399957890070921849e+02
2.479230356476297175e+02 8.202577920865994088e+01 1.399100760544979494e+02
2.478900592571855270e+02 8.187761291526689433e+01 1.398825821201941153e+02
2.479099710712952458e+02 8.180487122060470995e+01 1.400394270250093314e+02
2.478336132885405050e+02 8.169782334826427928e+01 1.400583589958939967e+02
2.478709989734975636e+02 8.181825074654722130e+01 1.400078737402015747e+02
2.478157428144830021e+02 8.166950121313922750e+01 1.399784084546472513e+02
2.477540243561030309e+02 8.142396883165359611e+01 1.399565836132885295e+02
2.478436800111982166e+02 8.136449001493095068e+01 1.400501469764837736e+02
2.478900825867861215e+02 8.140094251586413066e+01 1.401638437849944125e+02
2.478770530048525700e+02 8.115055757745427911e+01 1.401527972191116191e+02
2.478186123553564641e+02 8.100978676745053519e+01 1.400445478723404165e+02
2.479367651175811886e+02 8.121979983202687947e+01 1.400608785927584847e+02
2.480629432624113520e+02 8.169255085852930165e+01 1.403744984135871618e+02
2.481544419559537005e+02 8.185936916759985138e+01 1.405876259798432386e+02
2.480037677304964632e+02 8.156624440089585448e+01 1.402196481896230011e+02
2.478681527622247245e+02 8.128603256812243671e+01 1.399079064016424070e+02
2.478838535834266565e+02 8.122537560656961375e+01 1.400759611795446062e+02
2.479304544606196430e+02 8.123854516610676058e+01 1.402674855356476371e+02
2.480677374953340859e+02 8.152304964539007415e+01 1.404032638111235656e+02
2.480398352930197916e+02 8.159579134005225853e+01 1.406038983762597923e+02
2.480719368234415754e+02 8.165217898469578017e+01 1.406907194848824076e+02
2.482186450167973248e+02 8.185815602836879634e+01 1.407369354236655568e+02
2.482301581746920363e+02 8.205802071668533415e+01 1.408271976483762558e+02
2.482717898469578302e+02 8.231658268010451707e+01 1.409154535274356022e+02
2.482409947741694793e+02 8.239294046285927209e+01 1.409304078014184256e+02
2.482723964165733435e+02 8.253294139604329871e+01 1.409582983389324511e+02
2.482929964539007130e+02 8.241217571855169410e+01 1.409646556550951857e+02
2.482794769503546206e+02 8.242343225083986624e+01 1.409877986188876378e+02
2.484132722097797625e+02 8.265573674878686461e+01 1.412205230496453794e+02
2.484916013437849927e+02 8.274095977976857341e+01 1.412191116088092713e+02
2.484916946621873706e+02 8.282416480029861816e+01 1.412856592945128682e+02
2.485731149682717387e+02 8.285464492347891508e+01 1.416640070921985739e+02
2.487196131952221094e+02 8.287616648002986608e+01 1.420689389697648437e+02
2.487439343038447248e+02 8.306168346397909374e+01 1.421733389324374741e+02
2.488061076894363453e+02 8.307930897723031194e+01 1.424323324934677260e+02
2.488471211272863002e+02 8.326385778275475502e+01 1.425982059537140856e+02
2.489313059910414268e+02 8.342399216125420480e+01 1.425971211272863002e+02
2.489274099477416939e+02 8.331781914893616658e+01 1.425087952594251703e+02
2.488110885591638635e+02 8.306813409854423469e+01 1.422733879245987225e+02
2.487726413773796139e+02 8.282726763717805341e+01 1.421393826987682019e+02
2.487949561403508767e+02 8.295484555804404181e+01 1.421972751026502522e+02
2.488937803284807728e+02 8.319459219858156018e+01 1.424333006718925105e+02
2.489386314856289744e+02 8.324448254945875192e+01 1.425839165733482616e+02
2.489597214445688564e+02 8.322877006345650841e+01 1.427614664986935509e+02
2.488735885591638635e+02 8.310086552818215466e+01 1.425954647256438932e+02
2.488387458006718873e+02 8.295847331093690968e+01 1.424878336132885295e+02
2.489052234975737292e+02 8.324647723030982149e+01 1.421950354609928979e+02
2.490549645390071021e+02 8.380960712952594349e+01 1.422256322321761957e+02
2.491638204553937896e+02 8.417584686450167908e+01 1.424010708286674003e+02
2.492017077267637148e+02 8.412280701754386314e+01 1.422562056737588705e+02
2.492073068309070436e+02 8.424415593505038657e+01 1.422853560097051115e+02
2.493381508958566712e+02 8.453709406494961343e+01 1.429883002053004759e+02
2.493460829600597322e+02 8.461053564762971746e+01 1.435336646136618128e+02
2.492957493467711743e+02 8.453844718178424955e+01 1.437145040126912932e+02
2.492723380925718573e+02 8.448179124673386298e+01 1.437361422172452308e+02
2.492912117394550080e+02 8.453598590892123354e+01 1.438603023516237442e+02
2.493368327734229126e+02 8.479310143710340242e+01 1.439324608062709956e+02
2.494167483202687663e+02 8.471592711832774114e+01 1.438537933930571171e+02
2.494559653788727189e+02 8.472077967525196129e+01 1.438799225457260036e+02
2.495260474990668058e+02 8.484484649122806843e+01 1.440074654721911145e+02
2.494079763904441904e+02 8.479802398282942022e+01 1.438359929078014261e+02
2.494631858902575630e+02 8.457781588279208052e+01 1.439503196155281728e+02
2.495057624113475185e+02 8.423615388204554222e+01 1.440625583240014862e+02
2.494911580813736407e+02 8.415599337439343230e+01 1.443044512877939667e+02
2.495159341172079053e+02 8.402980356476297175e+01 1.441678798058977122e+02
2.493605239828294202e+02 8.364388531168346219e+01 1.439025055991041313e+02
2.492418696341918576e+02 8.325176138484509636e+01 1.433248530235162264e+02
2.491192725830533732e+02 8.302695735349010420e+01 1.428644433557297475e+02
2.491103373460246360e+02 8.327691069428891524e+01 1.430722634378499549e+02
2.490983459313176525e+02 8.320798338932436877e+01 1.430614968271743237e+02
2.490638764464352448e+02 8.302570921985815744e+01 1.427534294512877864e+02
2.489819545539380385e+02 8.291585013064576515e+01 1.423041013437849927e+02
2.489434490481523028e+02 8.282960059723777135e+01 1.421205673758865373e+02
2.489785017730496577e+02 8.296933324001493304e+01 1.422007745427398220e+02
2.489907614781635061e+02 8.303569428891377413e+01 1.421141750653228826e+02
2.489280515117581274e+02 8.297794186263530491e+01 1.421112005412467454e+02
2.488318519036954228e+02 8.286002239641656786e+01 1.418318052444942055e+02
2.487970091452034467e+02 8.296432904068682035e+01 1.416424155468458252e+02
2.486622923665546807e+02 8.271152948861515597e+01 1.415246943822321839e+02
2.484991251399775933e+02 8.246033967898469541e+01 1.412151222471071321e+02
2.482967758491974735e+02 8.197759191862635930e+01 1.408170842665173552e+02
2.481857152855543234e+02 8.154142170586040095e+01 1.404946925158641307e+02
2.482213862448674888e+02 8.134846257932063907e+01 1.403541550018663600e+02
2.483621453900709355e+02 8.149793533034714699e+01 1.406042249906681718e+02
2.484270949981336400e+02 8.160200867861142626e+01 1.406695012131392275e+02
2.484357036207540261e+02 8.172922499066815760e+01 1.407014394363568499e+02
2.483830253826054388e+02 8.178107502799552719e+01 1.403657498133632089e+02
2.481994680851063890e+02 8.171486562150056443e+01 1.400401035834266565e+02
2.480972377752893010e+02 8.149372433743934607e+01 1.397190649496080539e+02
2.480115481522956316e+02 8.119313409854423469e+01 1.393200587905934924e+02
2.479335106382978609e+02 8.089961272863008901e+01 1.391764184397163149e+02
2.478596841172079053e+02 8.088589492347891508e+01 1.392006345651362551e+02
2.477974290780141757e+02 8.081640770810004426e+01 1.391798712206046957e+02
2.477175951847704312e+02 8.078287140724150106e+01 1.390996640537514111e+02
2.476495777342291831e+02 8.082148189622994039e+01 1.392656541620007431e+02
2.476546869167599709e+02 8.093605356476297175e+01 1.392607549458753340e+02
2.477227626913027336e+02 8.076970184770436845e+01 1.395573324934677260e+02
2.478521486562150073e+02 8.088472844344904900e+01 1.398994727510265079e+02
2.478399239455020506e+02 8.086156215005598824e+01 1.400460059723777420e+02
2.478755482456140271e+02 8.086185377006346187e+01 1.401227953527435659e+02
2.479340005599104018e+02 8.108769596864502205e+01 1.402992021276595835e+02
2.480385754945875192e+02 8.155607269503546775e+01 1.404193845651362551e+02
2.480523399589399105e+02 8.188311870100784517e+01 1.402800601903695394e+02
2.480470208100037439e+02 8.193397723030982149e+01 1.402634145203434173e+02
2.480590472191116191e+02 8.175520250093317998e+01 1.402243141097424370e+02
2.480838932437476672e+02 8.185402668906309032e+01 1.401540686823441604e+02
2.480930501119820804e+02 8.181339818962298693e+01 1.402948744867487960e+02
2.481091825307950671e+02 8.163383025382604785e+01 1.404239455020530158e+02
2.480645763344531645e+02 8.128556597611049028e+01 1.403396206606942940e+02
2.479526525755879049e+02 8.098134798432251102e+01 1.399700797872340559e+02
2.479506695595371468e+02 8.093743001119820235e+01 1.398984929078014261e+02
2.480237728630085883e+02 8.143831653602090626e+01 1.396994914147069835e+02
2.480888741134751854e+02 8.184822928331466585e+01 1.396886314856289744e+02
2.480403252146323325e+02 8.208755599104142675e+01 1.397047405748413667e+02
2.480730916386711442e+02 8.229833893243747411e+01 1.397887388017917090e+02
2.481014254385964932e+02 8.257465472191115907e+01 1.397272186450167908e+02
2.480926185143710256e+02 8.217505365808136730e+01 1.400978793393057060e+02
2.481565882792086484e+02 8.182085199701380418e+01 1.404347004479283214e+02
2.481813059910414268e+02 8.174608062709965850e+01 1.408485442329227340e+02
2.483369610862262107e+02 8.170444895483389303e+01 1.411718691675998514e+02
2.483740901455767016e+02 8.166827640910787522e+01 1.411865784807764044e+02
2.482427911534154532e+02 8.149279115341545321e+01 1.407500699888017834e+02
2.481840355543113219e+02 8.152192982456139703e+01 1.405586156215005644e+02
2.481996663867114705e+02 8.145181270996640421e+01 1.404445222097797625e+02
2.482214329040686778e+02 8.143260078387457668e+01 1.404921729189996142e+02
2.482194265584173252e+02 8.141564016424038641e+01 1.404941326054498063e+02
2.481227603583426742e+02 8.120551045166106974e+01 1.400155608435983652e+02
2.480405935050391975e+02 8.101878032848077282e+01 1.398472844344904900e+02
2.480254642590518870e+02 8.091055431131019304e+01 1.397845744680851112e+02
2.481289310377006245e+02 8.124029488615154548e+01 1.401149216125419912e+02
2.482331793579693908e+02 8.143069942142589923e+01 1.402862425345278155e+02
2.481567282568122437e+02 8.183193355729750351e+01 1.403025265957446948e+02
2.481686730123180382e+02 8.200200634565136681e+01 1.403149846024635963e+02
2.481793696341918576e+02 8.228467945128780059e+01 1.404839142403882022e+02
2.482477603583426742e+02 8.243377892870474000e+01 1.404779651922358994e+02
2.483010918253079637e+02 8.255013531168346219e+01 1.406701894363568499e+02
2.483440299552071622e+02 8.269258585293019337e+01 1.410484672452407722e+02
2.482536860768943541e+02 8.252050671892497746e+01 1.410853746733855871e+02
2.481850387271369982e+02 8.231478630085852899e+01 1.409860488988428529e+02
2.481305641097424370e+02 8.230074188129898971e+01 1.409993117767823776e+02
2.481795562709966418e+02 8.236335852930197632e+01 1.410821201941022878e+02
2.482826381112355421e+02 8.239487681970884125e+01 1.409574934677118279e+02
2.483308837252706098e+02 8.239367534527808346e+01 1.407403182157521542e+02
2.484345721351250518e+02 8.237762458006719157e+01 1.408109485815602966e+02
2.485183953900709355e+02 8.241838139231056459e+01 1.408428634751772961e+02
2.485344228256812187e+02 8.256690929451288241e+01 1.409410694288913817e+02
2.485446178611422283e+02 8.238064576334453193e+01 1.410024496080627046e+02
